##FastQC	0.10.1
>>Basic Statistics	pass
#Measure	Value	
Filename	F_heteroclitus_MDPL_BW_2_R2.fastq.gz	
File type	Conventional base calls	
Encoding	Sanger / Illumina 1.9	
Total Sequences	11072740	
Filtered Sequences	0	
Sequence length	100	
%GC	50	
>>END_MODULE
>>Per base sequence quality	fail
#Base	Mean	Median	Lower Quartile	Upper Quartile	10th Percentile	90th Percentile
1	28.894118980487214	31.0	30.0	34.0	20.0	34.0
2	28.89562818236498	31.0	30.0	34.0	16.0	34.0
3	28.929583734468615	31.0	30.0	34.0	16.0	34.0
4	32.16853199840329	35.0	33.0	37.0	19.0	37.0
5	32.07899183038706	35.0	33.0	37.0	19.0	37.0
6	31.938023379940287	35.0	32.0	37.0	17.0	37.0
7	31.965679046017517	35.0	33.0	37.0	17.0	37.0
8	31.899615090754413	35.0	33.0	37.0	17.0	37.0
9	33.17227262628762	38.0	33.0	39.0	17.0	39.0
10-14	33.20801787091542	38.2	33.0	39.4	15.2	39.4
15-19	33.778993456000954	39.0	33.0	41.0	10.4	41.0
20-24	33.404833058484165	38.8	32.8	41.0	9.0	41.0
25-29	33.09853100497257	38.0	32.0	40.2	5.2	41.0
30-34	32.68788016335613	38.0	31.8	40.0	2.0	41.0
35-39	32.15837964225657	38.0	31.0	40.0	2.0	41.0
40-44	31.568851323159397	37.4	30.0	40.0	2.0	41.0
45-49	30.97020394229432	36.4	29.6	40.0	2.0	41.0
50-54	30.204478241158018	35.2	28.6	39.0	2.0	40.4
55-59	30.071566838921534	35.0	28.6	39.0	2.0	41.0
60-64	29.241713559606744	35.0	27.6	38.0	2.0	40.2
65-69	28.475181933288418	34.0	26.4	36.4	2.0	39.6
70-74	27.749153434470607	34.0	26.0	35.4	2.0	38.4
75-79	27.05291828400197	34.0	24.8	35.0	2.0	36.8
80-84	26.405844985071447	33.0	23.6	35.0	2.0	35.8
85-89	25.843378820418433	33.0	21.4	35.0	2.0	35.0
90-94	25.263463840025143	33.0	18.0	35.0	2.0	35.0
95-99	24.520626150347614	33.0	3.6	35.0	2.0	35.0
100	23.18542727454993	31.0	2.0	34.0	2.0	35.0
>>END_MODULE
>>Per sequence quality scores	pass
#Quality	Count
2	745756.0
3	109883.0
4	70681.0
5	57053.0
6	56153.0
7	58220.0
8	60508.0
9	65868.0
10	69864.0
11	71575.0
12	69732.0
13	68060.0
14	67201.0
15	66860.0
16	66642.0
17	65886.0
18	66298.0
19	66947.0
20	69546.0
21	74108.0
22	81235.0
23	94130.0
24	111882.0
25	133418.0
26	156470.0
27	181943.0
28	213254.0
29	249701.0
30	293739.0
31	351445.0
32	433778.0
33	550107.0
34	726340.0
35	1014378.0
36	1488687.0
37	1729205.0
38	1043299.0
39	172661.0
40	227.0
>>END_MODULE
>>Per base sequence content	fail
#Base	G	A	T	C
1	38.1573069888317	11.057880130638313	10.898909986125913	39.88590289440407
2	30.135002421100104	20.118189803224514	25.768311879257087	23.9784958964183
3	30.57134157525292	25.223933190034884	19.222149639359547	24.98257559535265
4	32.39440501034033	30.158808893991967	16.570066890251578	20.876719205416126
5	31.111161306002817	31.14190768496843	19.43235299698138	18.314578012047374
6	23.145947156174643	34.517977838636895	21.647513092233783	20.688561912954682
7	22.719544413042378	18.30426132462107	35.781456678400275	23.194737583936277
8	23.34748203570742	20.786612681034246	27.98565566957555	27.880249613682786
9	23.12432182072674	19.33056584536252	30.77048393933236	26.774628394578382
10-14	25.83789750937484	25.53535932024798	24.096666803868096	24.530076366509086
15-19	25.669445225600622	24.469138195232944	25.11537355057231	24.746043028594123
20-24	25.748742545046216	25.24942695276019	24.634494513796945	24.367335988396647
25-29	25.581024597885342	25.335371672543612	24.467523146855022	24.616080582716027
30-34	25.372652317684295	25.017802570147584	24.93292775083861	24.676617361329505
35-39	25.521649390876693	25.2151729034434	24.522858424240308	24.740319281439596
40-44	25.725542498567645	24.90424103204866	24.555048754317653	24.815167715066046
45-49	25.526966285128637	25.02862416318751	24.59916547160217	24.845244080081688
50-54	25.52830283035985	25.01737169126145	24.655448428745505	24.7988770496332
55-59	25.890668231737042	24.69857404002903	24.40325425505316	25.00750347318077
60-64	25.56391882592626	24.858657195912194	24.465091023395686	25.112332954765854
65-69	25.44607679081951	24.889351555324872	24.66920241516796	24.995369238687655
70-74	25.620657368431914	25.11152340367574	24.393608041056908	24.874211186835442
75-79	25.49067414536864	25.091917839659978	24.453216973924594	24.96419104104679
80-84	25.54850514700231	25.109315999340282	24.4093982330844	24.932780620573013
85-89	25.74205817651872	24.937709744118344	24.30412549885301	25.016106580509916
90-94	25.628496319807937	24.93464849812266	24.34648859560089	25.09036658646852
95-99	25.606961293836676	24.971365010070233	24.360071325217863	25.06160237087523
100	26.157751017953302	24.46847496564648	23.879614228345982	25.494159788054237
>>END_MODULE
>>Per base GC content	fail
#Base	%GC
1	78.04320988323578
2	54.113498317518406
3	55.55391717060557
4	53.27112421575646
5	49.42573931805019
6	43.834509069129325
7	45.91428199697866
8	51.22773164939021
9	49.89895021530512
10-14	50.36797387588392
15-19	50.41548825419475
20-24	50.11607853344287
25-29	50.19710518060136
30-34	50.04926967901381
35-39	50.26196867231629
40-44	50.54071021363369
45-49	50.37221036521032
50-54	50.32717987999305
55-59	50.89817170491781
60-64	50.67625178069212
65-69	50.44144602950716
70-74	50.49486855526736
75-79	50.45486518641543
80-84	50.48128576757532
85-89	50.758164757028645
90-94	50.71886290627645
95-99	50.66856366471191
100	51.65191080600754
>>END_MODULE
>>Per sequence GC content	warn
#GC Content	Count
0	10233.0
1	6506.0
2	2551.5
3	2204.0
4	1971.0
5	1722.0
6	1593.5
7	1584.5
8	1563.5
9	1548.5
10	1569.0
11	1643.0
12	1689.5
13	1773.5
14	1968.5
15	2146.5
16	2462.5
17	2997.5
18	3822.0
19	4939.0
20	6501.5
21	8990.5
22	12519.5
23	16665.5
24	22249.0
25	29799.0
26	38779.0
27	49072.5
28	61089.5
29	73831.5
30	87031.5
31	100498.5
32	113717.5
33	127686.0
34	140438.5
35	150802.5
36	160921.0
37	174483.0
38	187953.5
39	194838.0
40	199080.0
41	204877.5
42	214699.5
43	228199.5
44	244802.5
45	262199.5
46	279900.0
47	300933.5
48	321150.0
49	337510.5
50	354114.0
51	376794.5
52	400151.0
53	416613.0
54	427289.5
55	437403.5
56	439925.0
57	433916.0
58	420943.5
59	398546.0
60	366326.5
61	328868.0
62	293942.0
63	259247.5
64	223469.5
65	190803.5
66	163705.0
67	138530.5
68	117818.0
69	97715.0
70	77223.5
71	60594.5
72	46797.5
73	37473.5
74	31047.5
75	26464.5
76	21830.5
77	17052.0
78	12812.5
79	8890.0
80	7551.5
81	6935.5
82	7092.0
83	6908.5
84	5083.5
85	3371.5
86	2135.5
87	1394.0
88	1023.5
89	792.0
90	559.5
91	352.0
92	231.5
93	155.5
94	85.5
95	49.0
96	42.5
97	30.5
98	20.0
99	15.5
100	9.5
>>END_MODULE
>>Per base N content	pass
#Base	N-Count
1	0.04176021472553316
2	0.049283194584176994
3	0.04452375834707579
4	0.0443341033926562
5	0.04307876821816461
6	0.04442441527571315
7	0.043530327633449356
8	0.037172371066240155
9	0.04897613418178337
10-14	0.034827874582081766
15-19	0.03963427299837258
20-24	0.041812595617706186
25-29	0.025402926466258576
30-34	0.04222261156678474
35-39	0.035198153302615255
40-44	0.0857439080119284
45-49	0.06402209389907106
50-54	0.06094065244916795
55-59	0.07703964872289966
60-64	0.07425443024942335
65-69	0.06868038082714847
70-74	0.06151684226307129
75-79	0.0626204534740272
80-84	0.07828956518440783
85-89	0.07231994971434351
90-94	0.05253984108721057
95-99	0.06553752729676665
100	0.0690434345970374
>>END_MODULE
>>Sequence Length Distribution	pass
#Length	Count
100	1.107274E7
>>END_MODULE
>>Sequence Duplication Levels	warn
#Total Duplicate Percentage	42.23009045904382
#Duplication Level	Relative count
1	100.0
2	21.445031204992798
3	8.179708753400543
4	4.523123699791967
5	2.913266122579613
6	2.201152184349496
7	1.673867818851016
8	1.4114258281325012
9	1.1361817890862538
10++	16.541846695471275
>>END_MODULE
>>Overrepresented sequences	warn
#Sequence	Count	Percentage	Possible Source
TTTTTTTTTTTTTTTTTTTTTTTTTTTTTTTTTTTTTTTTTTTTTTTTTT	21882	0.1976204625052155	No Hit
>>END_MODULE
>>Kmer Content	fail
#Sequence	Count	Obs/Exp Overall	Obs/Exp Max	Max Obs/Exp Position
TTTTT	7494830	8.17214	10.224001	2
AAAAA	5732705	5.683879	10.439179	2
AAGAA	2335220	2.2249417	5.0313663	2
GAAGA	2417100	2.2130497	5.4311857	2
CTGGA	2265470	2.1127436	6.0828776	1
GAAAA	2137835	2.036878	6.800736	1
AAAAT	1925725	1.9459748	5.8440075	3
GGAGA	2199475	1.9351797	5.329359	2
AAAAC	1942790	1.925064	5.033324	3
AAAAG	2005390	1.9106877	5.2307215	3
GTTTT	1853025	1.9050363	6.157066	1
GGAAA	1761885	1.6131477	6.484713	1
AGAGC	1582770	1.4482664	5.0779157	8
GGGAG	1700770	1.4379821	5.49328	1
GCCAG	1553685	1.4207828	5.1510534	1
>>END_MODULE
