##FastQC	0.10.1
>>Basic Statistics	pass
#Measure	Value	
Filename	L_goodei_NA_transfer_2_R1.fastq.gz	
File type	Conventional base calls	
Encoding	Sanger / Illumina 1.9	
Total Sequences	13113333	
Filtered Sequences	0	
Sequence length	100	
%GC	51	
>>END_MODULE
>>Per base sequence quality	pass
#Base	Mean	Median	Lower Quartile	Upper Quartile	10th Percentile	90th Percentile
1	30.8691235096371	33.0	31.0	34.0	26.0	34.0
2	31.178839201292302	34.0	31.0	34.0	27.0	34.0
3	30.915058513346683	34.0	31.0	34.0	27.0	34.0
4	34.41036561795541	37.0	35.0	37.0	30.0	37.0
5	32.884405818108945	37.0	35.0	37.0	23.0	37.0
6	33.26608269613835	37.0	35.0	37.0	19.0	37.0
7	33.8811227473595	37.0	35.0	37.0	29.0	37.0
8	34.00749588224443	37.0	35.0	37.0	30.0	37.0
9	35.594886288634626	39.0	37.0	39.0	30.0	39.0
10-14	35.71024928597482	39.2	36.6	39.4	30.0	39.4
15-19	36.50046460346884	40.0	37.0	41.0	29.2	41.0
20-24	36.26677832401572	40.0	36.6	41.0	27.8	41.0
25-29	35.919111426515286	40.0	36.0	41.0	27.0	41.0
30-34	35.47869131364238	39.8	35.2	41.0	25.4	41.0
35-39	35.05319514115901	39.0	35.0	41.0	24.2	41.0
40-44	34.74839952588712	39.0	34.6	41.0	23.4	41.0
45-49	34.17583744727599	38.0	33.8	40.6	21.6	41.0
50-54	33.474981730426585	37.2	33.0	40.0	19.2	41.0
55-59	32.68830926508158	35.6	32.6	39.6	15.4	41.0
60-64	31.861135090521987	35.0	32.0	38.6	9.6	40.6
65-69	31.13385895103861	35.0	31.0	36.8	5.6	39.6
70-74	30.419557270451378	35.0	31.0	35.6	2.0	38.4
75-79	29.461972665530574	34.0	29.6	35.0	2.0	36.2
80-84	29.46509841548293	34.8	30.0	35.0	2.0	36.0
85-89	29.038695700017684	34.0	30.0	35.0	2.0	35.0
90-94	28.59315328909896	34.0	29.4	35.0	2.0	35.0
95-99	28.084311440882345	34.0	29.0	35.0	2.0	35.0
100	26.940370003568123	33.0	25.0	35.0	2.0	35.0
>>END_MODULE
>>Per sequence quality scores	pass
#Quality	Count
2	323695.0
3	113252.0
4	59835.0
5	47366.0
6	46139.0
7	47473.0
8	48602.0
9	51291.0
10	54834.0
11	56688.0
12	56841.0
13	57647.0
14	57912.0
15	58412.0
16	58282.0
17	57216.0
18	55751.0
19	55356.0
20	55442.0
21	57978.0
22	63992.0
23	74550.0
24	90858.0
25	110333.0
26	136075.0
27	165488.0
28	200643.0
29	236489.0
30	285859.0
31	345531.0
32	430955.0
33	567535.0
34	801710.0
35	1245578.0
36	2060534.0
37	2783196.0
38	1807802.0
39	285882.0
40	311.0
>>END_MODULE
>>Per base sequence content	fail
#Base	G	A	T	C
1	33.86418490847665	12.9837500719808	8.402560113979453	44.7495049055631
2	26.180755393968973	17.670026557563947	33.0141290815811	23.135088966885977
3	26.061158849425077	22.536458323403295	21.281899245571523	30.120483581600105
4	28.690094949989977	29.06947240489462	17.78887120316534	24.451561441950062
5	29.690241359225833	30.524905603825115	19.898852061848128	19.88600097510092
6	23.104009252149687	33.099245096906124	22.178923972245077	21.617821678699116
7	21.791943456642997	18.107904793657795	36.339612622462155	23.76053912723705
8	21.969446744218324	20.10264328901058	29.035191385312825	28.892718581458272
9	22.95448030940795	19.120008038393248	30.71490201071984	27.21060964147896
10-14	25.392397955366413	25.387041804361836	23.91585056448567	25.304709675786075
15-19	25.750478081044797	24.09068944087837	24.53515613927217	25.623676338804664
20-24	25.462179399850466	24.4818215533248	24.50031449596815	25.555684550856583
25-29	25.61952329292981	24.50578466034525	24.326055845194162	25.548636201530783
30-34	25.368721849655994	24.500158414888553	24.37827592383774	25.75284381161771
35-39	25.559627010999886	24.5285753106773	24.19091210067615	25.720885577646662
40-44	25.794951532545245	24.38140548455348	24.060224289159688	25.763418693741585
45-49	25.77048413318176	24.392558447950574	23.961024233891333	25.87593318497633
50-54	25.742881828080233	24.635142683771004	23.88385593818862	25.738119549960143
55-59	26.085877377951828	24.091703812730454	23.789482675126692	26.032936134191033
60-64	26.13288828160083	24.020475747416853	23.88842231912353	25.95821365185879
65-69	26.000257023073114	24.15894415434025	23.80212865496434	26.038670167622296
70-74	26.174686405136665	24.244363848894885	23.78105349083478	25.79989625513367
75-79	26.192654802154898	24.044239584834415	23.80675035754478	25.956355255465912
80-84	26.06958093781351	23.957098738627238	23.900701087353916	26.07261923620534
85-89	26.062361002741362	24.204742818981465	23.602254990921853	26.13064118735532
90-94	26.027457750249823	24.134107506735837	23.722550280499664	26.11588446251467
95-99	25.798072042851842	24.166551547018912	23.779102745261902	26.25627366486734
100	26.125024041501003	23.658537626989077	23.242606313767176	26.973832017742744
>>END_MODULE
>>Per base GC content	fail
#Base	%GC
1	78.61368981403974
2	49.315844360854946
3	56.18164243102518
4	53.14165639194004
5	49.57624233432675
6	44.721830930848796
7	45.55248258388004
8	50.86216532567659
9	50.16508995088691
10-14	50.69710763115249
15-19	51.37415441984946
20-24	51.017863950707046
25-29	51.16815949446058
30-34	51.121565661273706
35-39	51.28051258864655
40-44	51.55837022628683
45-49	51.646417318158086
50-54	51.48100137804038
55-59	52.11881351214286
60-64	52.09110193345962
65-69	52.038927190695404
70-74	51.97458266027034
75-79	52.149010057620806
80-84	52.142200174018846
85-89	52.193002190096685
90-94	52.1433422127645
95-99	52.054345707719186
100	53.09885605924375
>>END_MODULE
>>Per sequence GC content	pass
#GC Content	Count
0	11208.0
1	7061.5
2	2391.0
3	1828.5
4	1657.5
5	1388.0
6	1221.0
7	1215.5
8	1243.5
9	1262.0
10	1280.5
11	1275.0
12	1322.0
13	1453.5
14	1605.5
15	1813.5
16	2089.5
17	2521.5
18	3201.0
19	4195.0
20	5725.0
21	7893.0
22	10864.5
23	14778.0
24	19991.0
25	26746.5
26	34584.5
27	43787.5
28	54236.0
29	65529.5
30	77591.5
31	90995.0
32	104819.5
33	117340.0
34	130970.0
35	144792.0
36	154409.5
37	164668.0
38	176567.0
39	188123.5
40	201067.0
41	217794.5
42	238819.0
43	264649.0
44	300917.5
45	333501.5
46	359315.5
47	386403.0
48	405556.0
49	428230.0
50	459547.0
51	498262.0
52	535464.0
53	538728.0
54	512137.0
55	517089.5
56	529438.5
57	502672.0
58	469831.5
59	444691.5
60	423201.0
61	386752.0
62	333707.0
63	287721.5
64	265152.5
65	245200.5
66	209921.5
67	186297.0
68	173565.0
69	141445.5
70	107681.5
71	87665.5
72	68156.5
73	58413.0
74	60314.0
75	55424.5
76	45867.5
77	33601.0
78	23279.0
79	20687.0
80	17627.0
81	18051.0
82	17288.5
83	9994.0
84	4419.0
85	2900.0
86	1795.0
87	983.5
88	629.0
89	397.5
90	272.5
91	210.5
92	152.5
93	123.5
94	100.0
95	66.5
96	49.0
97	33.5
98	16.5
99	10.5
100	5.0
>>END_MODULE
>>Per base N content	pass
#Base	N-Count
1	0.016761566262368233
2	0.0023487545081025546
3	0.005780376354356288
4	0.00809862755715881
5	3.572608123350486
6	0.03834265476214171
7	0.04745551722052662
8	0.05316726113795783
9	0.04755465296275173
10-14	0.05266700693103729
15-19	0.030880021120488592
20-24	0.02643873986880376
25-29	0.02646771800883879
30-34	0.05040976233883483
35-39	0.048106762788682325
40-44	0.03884290896906225
45-49	0.029543976348347135
50-54	0.014954245423341266
55-59	0.0052084393799806655
60-64	0.004653279223520062
65-69	8.647687052559407E-4
70-74	0.0030122013983782765
75-79	0.004345195839989727
80-84	0.005568378382521057
85-89	0.0023228266985975267
90-94	0.009393492867145218
95-99	0.01781545546048438
100	0.004506863358079902
>>END_MODULE
>>Sequence Length Distribution	pass
#Length	Count
100	1.3113333E7
>>END_MODULE
>>Sequence Duplication Levels	fail
#Total Duplicate Percentage	55.21705441757892
#Duplication Level	Relative count
1	100.0
2	23.932814565716974
3	9.14083919682706
4	5.160466003566897
5	3.515434371755854
6	2.6095135000842924
7	2.1951500847359875
8	1.7444078684684525
9	1.5500918342901253
10++	27.608848034213818
>>END_MODULE
>>Overrepresented sequences	pass
>>END_MODULE
>>Kmer Content	warn
#Sequence	Count	Obs/Exp Overall	Obs/Exp Max	Max Obs/Exp Position
TTTTT	6778120	6.7509074	9.513187	2
AAAAA	5882190	5.6891804	8.888319	2
AAGAA	2631200	2.3784444	5.717232	2
GAAGA	2682630	2.2663572	5.684584	2
CTCCT	2746245	2.1634328	5.2208233	1
CTCCA	2714825	2.1261675	5.8054066	1
GAAAA	2286905	2.0672226	5.8555484	2
CTGGA	2527935	1.9983923	6.0040536	1
CTTCA	2292575	1.9414617	5.0931325	1
AAAAT	1987845	1.9339339	5.129957	3
CTTTT	2063500	1.9006748	5.5785546	1
TTTAA	1930790	1.9006015	5.1526113	7
AAAAG	2093555	1.8924459	5.0947375	3
GTTTT	1958370	1.81229	6.8459835	1
CTGAA	2142010	1.8117901	5.0437694	1
TTTCA	1858350	1.7016976	5.3422704	6
GGAAA	1840620	1.5550046	6.400537	1
>>END_MODULE
