##FastQC	0.10.1
>>Basic Statistics	pass
#Measure	Value	
Filename	F_olivaceous_NA_BW_1_R1.fastq.gz	
File type	Conventional base calls	
Encoding	Sanger / Illumina 1.9	
Total Sequences	11737649	
Filtered Sequences	0	
Sequence length	100	
%GC	48	
>>END_MODULE
>>Per base sequence quality	pass
#Base	Mean	Median	Lower Quartile	Upper Quartile	10th Percentile	90th Percentile
1	30.511461025968657	31.0	30.0	34.0	26.0	34.0
2	30.83704641363871	31.0	31.0	34.0	27.0	34.0
3	30.39802442550463	31.0	31.0	34.0	26.0	34.0
4	32.11231593311403	37.0	33.0	37.0	19.0	37.0
5	33.20536403840326	37.0	33.0	37.0	22.0	37.0
6	33.68030991555464	37.0	35.0	37.0	28.0	37.0
7	33.84382775460401	37.0	35.0	37.0	30.0	37.0
8	33.8442686435759	37.0	35.0	37.0	30.0	37.0
9	35.36353140224248	39.0	35.0	39.0	30.0	39.0
10-14	35.457414478827914	39.2	35.2	39.4	29.0	39.4
15-19	35.674597510966635	39.2	35.4	41.0	24.4	41.0
20-24	35.93536523370226	39.4	36.0	41.0	27.0	41.0
25-29	35.63382863127019	39.0	35.2	41.0	26.8	41.0
30-34	35.2603810354186	39.0	35.0	41.0	25.2	41.0
35-39	34.8969665560795	39.0	34.2	41.0	24.2	41.0
40-44	34.681638546185866	38.8	34.0	41.0	23.6	41.0
45-49	34.23545691304962	38.0	33.4	40.0	22.4	41.0
50-54	33.60909565450457	37.6	33.0	40.0	19.6	41.0
55-59	32.24872445921666	36.2	31.4	39.8	11.4	41.0
60-64	32.077982652233	35.2	31.0	39.0	11.4	40.8
65-69	31.366833903450345	35.0	31.0	37.8	7.4	40.0
70-74	30.598526178453625	35.0	30.4	36.4	2.8	39.2
75-79	29.508262992018246	33.8	29.4	35.2	2.0	37.4
80-84	29.453423526295598	34.0	30.0	35.0	2.0	36.4
85-89	28.952920861750084	34.0	29.6	35.0	2.0	35.6
90-94	27.8917857230183	34.0	27.8	35.0	2.0	35.0
95-99	27.72954774844605	34.0	28.8	35.0	2.0	35.0
100	26.597090695078716	33.0	25.0	35.0	2.0	35.0
>>END_MODULE
>>Per sequence quality scores	pass
#Quality	Count
2	263050.0
3	87440.0
4	49954.0
5	39047.0
6	37396.0
7	38284.0
8	40321.0
9	44395.0
10	50641.0
11	53423.0
12	54437.0
13	56301.0
14	56943.0
15	57086.0
16	56835.0
17	55658.0
18	54965.0
19	54741.0
20	55115.0
21	57729.0
22	64333.0
23	75974.0
24	92168.0
25	114084.0
26	141071.0
27	171226.0
28	207751.0
29	248984.0
30	299173.0
31	365483.0
32	453734.0
33	586597.0
34	795635.0
35	1137856.0
36	1696041.0
37	2201781.0
38	1556179.0
39	265487.0
40	331.0
>>END_MODULE
>>Per base sequence content	fail
#Base	G	A	T	C
1	35.80640420137365	15.855347208650874	7.71232812560378	40.62592046437169
2	24.960629545579245	18.773393513357668	36.7659723403175	19.500004600745594
3	25.116094287006636	22.90959355220786	22.931728252337628	29.042583908447885
4	26.85334723875873	29.53001173624516	19.46810330871426	24.148537716281854
5	28.679736116265893	29.963497355811914	22.117840098617293	19.238926429304904
6	22.9159834157154	33.140050532665214	23.56424424967905	20.37972180194034
7	20.6391605897351	19.47928983595757	37.45147962487205	22.430069949435282
8	21.226953278309832	21.80027427109143	30.439813651079252	26.53295879951949
9	22.030465849795938	20.806974773410612	31.987957838801883	25.17460153799156
10-14	23.9069727791479	27.064093698981708	25.870036055676458	23.158897466193938
15-19	24.138507419557488	25.845318539499978	26.250613546666575	23.76556049427596
20-24	24.094527351654467	26.02398644209016	26.154573136319048	23.72691306993633
25-29	24.035444485738353	26.045015584047782	26.132416097398636	23.78712383281523
30-34	23.970015305133934	26.078568512829026	26.053193166898218	23.89822301513882
35-39	23.981386248600174	26.15062572547535	26.016463058665444	23.851524967259028
40-44	24.081981499345957	26.06768689504483	25.93920809524828	23.911123510360934
45-49	24.044186555824364	26.059388997277814	25.925810239880448	23.97061420701737
50-54	24.03667188674824	26.12517483984414	25.908815724815387	23.92933754859223
55-59	24.184476698535665	26.00500180171503	25.772256340617883	24.038265159131427
60-64	24.107539179533962	25.979015074746677	25.80487226363503	24.10857348208433
65-69	24.060274483230817	26.06833793314751	25.83353722646038	24.037850357161293
70-74	24.165853626784372	25.998736362472545	25.784099627078856	24.05131038366423
75-79	24.1142256993442	25.91552909639719	25.8083457175331	24.161899486725513
80-84	24.107636343560316	25.979791752504944	25.774243370729007	24.138328533205737
85-89	24.209868572282517	25.9713840678505	25.647656686516545	24.17109067335043
90-94	24.086141353990346	25.922695107749927	25.700399747484422	24.290763790775305
95-99	24.09889437765877	26.01925379677028	25.730018095422523	24.151833730148425
100	24.425208620030386	25.750336879686408	25.339154518890822	24.48529998139238
>>END_MODULE
>>Per base GC content	fail
#Base	%GC
1	76.43232466574534
2	44.46063414632484
3	54.15867819545451
4	51.00188495504058
5	47.9186625455708
6	43.29570521765574
7	43.06923053917038
8	47.75991207782932
9	47.2050673877875
10-14	47.065870245341834
15-19	47.90406791383345
20-24	47.8214404215908
25-29	47.82256831855358
30-34	47.86823832027275
35-39	47.832911215859205
40-44	47.993105009706895
45-49	48.01480076284174
50-54	47.966009435340474
55-59	48.222741857667096
60-64	48.2161126616183
65-69	48.09812484039211
70-74	48.2171640104486
75-79	48.27612518606971
80-84	48.24596487676605
85-89	48.38095924563295
90-94	48.376905144765644
95-99	48.25072810780719
100	48.91050860142277
>>END_MODULE
>>Per sequence GC content	warn
#GC Content	Count
0	9341.0
1	8194.0
2	6294.0
3	5480.0
4	4684.0
5	3324.5
6	2579.5
7	2416.5
8	2427.0
9	2451.0
10	2411.5
11	2381.0
12	2517.5
13	2659.5
14	2708.5
15	2946.0
16	3302.5
17	3856.5
18	4672.5
19	5990.0
20	8122.5
21	11263.5
22	15481.0
23	21256.0
24	29090.0
25	38463.0
26	49586.5
27	62925.0
28	77293.5
29	92166.0
30	109493.0
31	130454.5
32	151962.5
33	171656.5
34	189124.0
35	203836.0
36	217500.5
37	231256.5
38	244781.0
39	259046.5
40	271857.5
41	284294.5
42	301624.5
43	318359.5
44	335439.0
45	348781.5
46	358343.0
47	375722.5
48	393899.0
49	410290.0
50	425331.5
51	438273.5
52	450879.0
53	456034.0
54	450967.5
55	439264.5
56	418847.0
57	393704.0
58	365948.0
59	332555.0
60	296338.5
61	259414.0
62	222933.0
63	188734.0
64	159296.5
65	133317.0
66	110335.5
67	91319.0
68	74368.5
69	58059.5
70	43742.0
71	32837.5
72	24314.0
73	18093.0
74	14177.5
75	11440.5
76	8989.5
77	6615.0
78	4814.0
79	3474.5
80	2895.0
81	2834.5
82	2477.5
83	1737.5
84	1176.0
85	860.0
86	596.5
87	416.5
88	279.5
89	197.5
90	137.0
91	90.5
92	58.5
93	38.5
94	34.0
95	31.0
96	17.5
97	11.5
98	5.5
99	1.5
100	0.5
>>END_MODULE
>>Per base N content	pass
#Base	N-Count
1	0.12460757686654288
2	0.0035867489307270985
3	0.003595268524386783
4	3.8008718781759447
5	0.00822140788159537
6	0.012591959429013425
7	0.01363134985549491
8	0.015463062492327042
9	0.018862380362541085
10-14	0.02147278385986836
15-19	0.1818405031535702
20-24	0.00527022063788072
25-29	0.0055121770978157555
30-34	0.015747616920560495
35-39	0.016148037822565662
40-44	0.018504557428834344
45-49	0.0076897852372310675
50-54	0.008952389017596284
55-59	0.9357836479860662
60-64	0.0023088098817744505
65-69	0.0024774978362362
70-74	0.0035986763618506565
75-79	0.0032493730218035996
80-84	0.003927532677114471
85-89	0.004694296106486061
90-94	1.002018376933916
95-99	0.01022521631035312
100	0.0044387082966955305
>>END_MODULE
>>Sequence Length Distribution	pass
#Length	Count
100	1.1737649E7
>>END_MODULE
>>Sequence Duplication Levels	warn
#Total Duplicate Percentage	38.787050005678154
#Duplication Level	Relative count
1	100.0
2	18.71139798245275
3	7.549182545510764
4	4.29095968770533
5	2.9320140687202874
6	2.1574614462953656
7	1.6720132957136784
8	1.296332083639315
9	1.164147953465002
10++	14.82781277779925
>>END_MODULE
>>Overrepresented sequences	pass
>>END_MODULE
>>Kmer Content	warn
#Sequence	Count	Obs/Exp Overall	Obs/Exp Max	Max Obs/Exp Position
TTTTT	9393225	7.233287	9.94041	10-14
AAAAA	6443260	5.0034213	7.063063	2
CTCCT	2514830	2.4037712	6.4154515	1
CTCCA	2403715	2.301418	6.1336617	1
CTGGA	2380935	2.2565851	6.800416	1
GAAGA	2394235	2.1185532	5.0519433	2
GAAAA	2385320	1.9772594	5.190538	2
CTTTT	2281110	1.8877958	5.984797	1
GGGGG	1704510	1.8345891	5.0548744	1
GTTTT	2213640	1.8226851	6.7505293	1
CTCAG	1776730	1.6925044	5.0446353	1
GGAAA	1857095	1.6432616	6.1536593	1
CTGGG	1560150	1.5784328	5.970492	1
GGGAG	1458880	1.4709681	5.0844817	1
>>END_MODULE
