##FastQC	0.10.1
>>Basic Statistics	pass
#Measure	Value	
Filename	F_grandis_NA_FW_2_R2.fastq.gz	
File type	Conventional base calls	
Encoding	Sanger / Illumina 1.9	
Total Sequences	12980471	
Filtered Sequences	0	
Sequence length	100	
%GC	51	
>>END_MODULE
>>Per base sequence quality	pass
#Base	Mean	Median	Lower Quartile	Upper Quartile	10th Percentile	90th Percentile
1	29.891771492729347	31.0	30.0	34.0	26.0	34.0
2	29.920313600330836	31.0	30.0	34.0	26.0	34.0
3	29.957367494600156	31.0	31.0	34.0	26.0	34.0
4	33.31224105812493	37.0	35.0	37.0	27.0	37.0
5	33.24222503174192	37.0	35.0	37.0	27.0	37.0
6	33.123455304510905	37.0	35.0	37.0	26.0	37.0
7	33.16907036732334	37.0	35.0	37.0	27.0	37.0
8	33.113293269558554	37.0	35.0	37.0	26.0	37.0
9	34.49954766664476	39.0	35.0	39.0	27.0	39.0
10-14	34.56227882640006	38.8	35.2	39.4	26.0	39.4
15-19	35.23242674322064	39.0	35.4	41.0	25.0	41.0
20-24	34.87602311195025	39.0	34.6	41.0	22.6	41.0
25-29	34.59737236037121	39.0	34.0	41.0	21.0	41.0
30-34	34.20739985475103	38.8	33.8	40.6	18.2	41.0
35-39	33.680279074619094	38.0	33.0	40.0	15.2	41.0
40-44	33.10412528174055	38.0	32.4	40.0	9.4	41.0
45-49	32.52895341008812	37.2	31.6	40.0	6.6	41.0
50-54	31.760811298757954	36.0	31.0	39.4	2.0	40.6
55-59	31.659787815095463	35.6	31.0	39.6	2.0	41.0
60-64	30.828988208517238	35.0	30.0	38.6	2.0	40.6
65-69	30.05206173181235	35.0	29.4	37.0	2.0	39.8
70-74	29.308266903412054	34.4	29.0	35.6	2.0	38.8
75-79	28.589596972251627	34.0	28.8	35.0	2.0	37.0
80-84	27.931495259301453	34.0	27.2	35.0	2.0	36.0
85-89	27.364857284454473	34.0	26.8	35.0	2.0	35.0
90-94	26.786617496391308	33.4	25.2	35.0	2.0	35.0
95-99	26.067684477705008	33.0	24.0	35.0	2.0	35.0
100	24.70385604651788	32.0	18.0	35.0	2.0	35.0
>>END_MODULE
>>Per sequence quality scores	pass
#Quality	Count
2	558985.0
3	90671.0
4	65054.0
5	53764.0
6	52123.0
7	53649.0
8	57427.0
9	63001.0
10	66553.0
11	68562.0
12	66987.0
13	66527.0
14	66959.0
15	68449.0
16	68937.0
17	67736.0
18	69595.0
19	70232.0
20	73112.0
21	78568.0
22	86575.0
23	99477.0
24	119257.0
25	143086.0
26	170427.0
27	200755.0
28	238489.0
29	282161.0
30	334764.0
31	404606.0
32	505793.0
33	649964.0
34	868253.0
35	1232683.0
36	1846560.0
37	2271868.0
38	1447376.0
39	251243.0
40	243.0
>>END_MODULE
>>Per base sequence content	fail
#Base	G	A	T	C
1	36.365757266789096	13.22492068631473	8.976144197647939	41.43317784924824
2	28.313922576183543	18.350430184555965	32.844407014973484	20.49124022428701
3	27.6230272630018	23.361853686809987	20.83900092181811	28.17611812837011
4	29.123187606561224	30.274228017143674	17.465647023985557	23.136937352309545
5	30.181389231331867	30.703949297800275	19.996038408935625	19.11862306193223
6	22.945623796857063	34.00605286491379	21.549292018591757	21.49903131963739
7	21.396214214173323	17.623145557256745	36.7083109016589	24.272329326911034
8	22.42533736342135	20.486352674010256	28.257959543286493	28.830350419281903
9	23.687954315812824	19.54317508553992	29.513710243139098	27.255160355508156
10-14	25.272876382935916	25.843612121898534	24.050955677907584	24.832555817257965
15-19	25.585358490919692	24.36259844221319	24.902676089241982	25.14936697762514
20-24	25.350894816967006	25.01673173821989	24.63302008576232	24.999353359050787
25-29	25.40159009003698	25.029004775448506	24.548514714609333	25.020890419905186
30-34	25.196076572562554	25.080476906811043	24.60273000432069	25.120716516305713
35-39	25.325949282948955	25.008527083093302	24.484791782186953	25.180731851770787
40-44	25.668452117251526	24.782233728547283	24.341645201158247	25.207668953042944
45-49	25.52589120757179	24.81202874204434	24.34194949981538	25.320130550568486
50-54	25.531700918125633	24.92284148094774	24.2978784444512	25.24757915647543
55-59	25.85289565543359	24.4955846861771	24.248605599068505	25.402914059320807
60-64	25.856257237353304	24.50732259750093	24.17663384795136	25.459786317194403
65-69	25.67707141583986	24.559057623978422	24.275560305934842	25.488310654246877
70-74	25.971906324896626	24.626410999988607	24.08107263928241	25.32061003583236
75-79	25.894780433977864	24.440680610650727	24.229178882081236	25.435360073290177
80-84	25.894743834822165	24.362017878739316	24.224152358354686	25.519085928083836
85-89	25.93979324460728	24.570281392511163	23.953550580515206	25.536374782366355
90-94	25.92082491734578	24.462628082055147	24.083459258398232	25.533087742200845
95-99	25.810476691498398	24.46539726552888	24.089902414324982	25.634223628647746
100	26.282233442740843	23.945619631614274	23.64983850995268	26.122308415692203
>>END_MODULE
>>Per base GC content	fail
#Base	%GC
1	77.79893511603733
2	48.805162800470555
3	55.79914539137191
4	52.26012495887077
5	49.3000122932641
6	44.44465511649445
7	45.66854354108436
8	51.255687782703255
9	50.94311467132098
10-14	50.105432200193874
15-19	50.73472546854483
20-24	50.3502481760178
25-29	50.42248050994217
30-34	50.31679308886826
35-39	50.50668113471974
40-44	50.87612107029447
45-49	50.84602175814028
50-54	50.77928007460106
55-59	51.2558097147544
60-64	51.316043554547704
65-69	51.16538207008673
70-74	51.29251636072898
75-79	51.33014050726804
80-84	51.413829762906005
85-89	51.47616802697363
90-94	51.45391265954662
95-99	51.44470032014614
100	52.40454185843305
>>END_MODULE
>>Per sequence GC content	warn
#GC Content	Count
0	2230.0
1	1507.5
2	707.0
3	650.0
4	637.0
5	592.5
6	569.5
7	590.0
8	621.5
9	657.5
10	697.5
11	720.5
12	811.5
13	957.0
14	1115.5
15	1381.0
16	1758.0
17	2283.5
18	3043.5
19	4098.5
20	5744.0
21	8310.0
22	11600.5
23	15998.0
24	21883.5
25	28899.5
26	38313.5
27	48538.0
28	59634.5
29	74980.5
30	90402.0
31	104142.0
32	120145.0
33	135312.5
34	148398.5
35	162876.0
36	176849.5
37	187426.5
38	200629.5
39	215837.5
40	227970.5
41	241290.0
42	259926.5
43	287662.0
44	327306.5
45	353411.5
46	376346.5
47	398356.0
48	412747.0
49	433849.0
50	455318.5
51	487491.0
52	510913.5
53	516465.0
54	510471.5
55	502295.0
56	501423.5
57	490722.5
58	466666.5
59	427694.5
60	384150.5
61	345011.5
62	298351.0
63	257475.5
64	225257.5
65	197623.0
66	175714.0
67	154645.5
68	141241.0
69	119610.0
70	93063.5
71	72838.5
72	54929.0
73	46375.0
74	42348.5
75	45507.5
76	43655.0
77	35188.0
78	26670.5
79	17933.5
80	18081.5
81	19285.5
82	21385.5
83	22610.5
84	18030.0
85	12488.0
86	7574.5
87	4414.5
88	3175.0
89	2564.5
90	1745.5
91	1003.5
92	833.0
93	562.0
94	209.0
95	72.5
96	31.5
97	19.5
98	15.0
99	8.0
100	7.5
>>END_MODULE
>>Per base N content	pass
#Base	N-Count
1	0.044097013120710335
2	0.05190104426873262
3	0.04707841495119861
4	0.04716315763888691
5	0.04534504179393799
6	0.0471400459967901
7	0.04534504179393799
8	0.039074082905003985
9	0.05164681620566773
10-14	0.03723747774637762
15-19	0.04196920127166418
20-24	0.04412936941964587
25-29	0.026732466025308325
30-34	0.043858192819043317
35-39	0.036639656604140175
40-44	0.08999057122041257
45-49	0.06702838440916359
50-54	0.06329354304631934
55-59	0.08000480105845158
60-64	0.0777105853863084
65-69	0.07197735737016014
70-74	0.06425960968596595
75-79	0.06527498116208572
80-84	0.08155019952665817
85-89	0.07565364923969246
90-94	0.055059635355296434
95-99	0.06852601881703677
100	0.07236255140510695
>>END_MODULE
>>Sequence Length Distribution	pass
#Length	Count
100	1.2980471E7
>>END_MODULE
>>Sequence Duplication Levels	warn
#Total Duplicate Percentage	49.01160914499434
#Duplication Level	Relative count
1	100.0
2	18.924554940685805
3	7.724639327501988
4	4.498466431898216
5	3.1507116080556954
6	2.401778614433391
7	1.8451501923045714
8	1.4800149299751708
9	1.291767416952013
10++	20.965255351260122
>>END_MODULE
>>Overrepresented sequences	pass
>>END_MODULE
>>Kmer Content	warn
#Sequence	Count	Obs/Exp Overall	Obs/Exp Max	Max Obs/Exp Position
TTTTT	5256260	5.014987	7.433006	2
AAAAA	5273515	4.716472	8.488783	2
AAGAA	2585730	2.2064233	5.244439	2
CTCCA	2625640	2.1625307	5.2294445	1
GAAGA	2621630	2.13435	5.7459826	2
GAAAA	2403745	2.051134	6.1686754	2
AGAAA	2357925	2.0120356	5.0016065	2
CTGGA	2436560	1.9466363	5.871654	1
GTTTT	2073910	1.8636152	7.6007395	1
AAAAT	2045670	1.8533944	5.0674214	3
GGAGA	2362960	1.8354359	5.207824	2
GGAAA	1954035	1.5908403	7.0714517	1
GGAAG	2002190	1.5552067	5.2267118	1
GGGAG	1908910	1.4146756	5.679526	1
CTGGG	1847625	1.4083486	5.257869	1
GGGAA	1765955	1.3717105	5.543177	1
>>END_MODULE
