##FastQC	0.10.1
>>Basic Statistics	pass
#Measure	Value	
Filename	F_rathbuni_NA_BW_2_R2.fastq.gz	
File type	Conventional base calls	
Encoding	Sanger / Illumina 1.9	
Total Sequences	11031365	
Filtered Sequences	0	
Sequence length	100	
%GC	47	
>>END_MODULE
>>Per base sequence quality	pass
#Base	Mean	Median	Lower Quartile	Upper Quartile	10th Percentile	90th Percentile
1	30.00296690391443	31.0	31.0	34.0	26.0	34.0
2	30.033488512074435	31.0	31.0	34.0	26.0	34.0
3	30.07635229185146	31.0	31.0	34.0	26.0	34.0
4	33.444580974339985	37.0	35.0	37.0	27.0	37.0
5	33.3966122959398	37.0	35.0	37.0	27.0	37.0
6	33.29675284971533	37.0	35.0	37.0	27.0	37.0
7	33.34531066644971	37.0	35.0	37.0	27.0	37.0
8	33.30277259432536	37.0	35.0	37.0	27.0	37.0
9	34.72660219292898	39.0	35.0	39.0	27.0	39.0
10-14	34.80721473725146	39.2	35.2	39.4	27.0	39.4
15-19	35.491798340459226	39.8	35.6	41.0	26.0	41.0
20-24	35.13732808224549	39.0	35.0	41.0	24.4	41.0
25-29	34.89379230947394	39.0	35.0	41.0	23.2	41.0
30-34	34.55102546239745	39.0	34.2	41.0	20.8	41.0
35-39	34.099714078901386	38.6	33.6	40.6	17.0	41.0
40-44	33.615777775461154	38.0	33.0	40.0	12.8	41.0
45-49	33.148720525519735	38.0	32.8	40.0	8.2	41.0
50-54	32.41225893622412	37.0	31.6	39.6	4.8	40.6
55-59	32.39756876868819	36.8	32.0	40.0	2.0	41.0
60-64	31.631140661196504	35.4	31.0	39.2	2.0	41.0
65-69	30.872626352223865	35.0	31.0	38.2	2.0	40.2
70-74	30.118288552685907	35.0	30.0	36.6	2.0	39.4
75-79	29.37251814258707	34.6	29.6	35.4	2.0	38.0
80-84	28.690851494805948	34.0	29.0	35.0	2.0	36.6
85-89	28.130357231403366	34.0	29.0	35.0	2.0	35.8
90-94	27.61792287717794	34.0	27.6	35.0	2.0	35.0
95-99	27.001108022443283	34.0	26.8	35.0	2.0	35.0
100	25.781082576816196	33.0	23.0	35.0	2.0	35.0
>>END_MODULE
>>Per sequence quality scores	pass
#Quality	Count
2	451706.0
3	69474.0
4	48594.0
5	41178.0
6	44032.0
7	42448.0
8	43183.0
9	47301.0
10	52424.0
11	55917.0
12	57458.0
13	59108.0
14	59246.0
15	57766.0
16	56434.0
17	53647.0
18	52995.0
19	53384.0
20	54477.0
21	57362.0
22	64147.0
23	73818.0
24	88168.0
25	105753.0
26	125822.0
27	148406.0
28	176414.0
29	209608.0
30	249864.0
31	305195.0
32	379694.0
33	487883.0
34	660207.0
35	959000.0
36	1480848.0
37	2087938.0
38	1644915.0
39	325144.0
40	407.0
>>END_MODULE
>>Per base sequence content	fail
#Base	G	A	T	C
1	36.873863286580296	14.629033513127606	9.12086967294396	39.37623352734814
2	25.057948347333813	17.059044731153772	39.56785534699351	18.31515157451891
3	25.498908848044277	22.083723851034495	24.287631319607307	28.12973598131392
4	26.641998409946776	28.502402402456873	20.830304898056838	24.025294289539513
5	28.41781984097998	29.947554719644437	23.09759001298639	18.53703542638919
6	21.96404662034767	33.349525362821936	24.571855199360133	20.11457281747027
7	19.846237354419088	18.797478887565262	39.614296461527374	21.741987296488283
8	20.272362954720442	21.36429055313268	31.7833774529942	26.579969039152683
9	21.796655429940156	20.43237588514504	32.754345785157305	25.016622899757497
10-14	23.55242416644612	26.723757301286604	26.983288875578648	22.74052965668863
15-19	23.816691635858973	25.47374913723924	27.369458512999394	23.34010071390239
20-24	23.71636306226291	25.824262530299947	27.16836151207222	23.291012895364922
25-29	23.746169214973953	26.02929324259378	26.92335571826416	23.30118182416811
30-34	23.623780192551497	25.914967135883188	26.99906508817526	23.462187583390058
35-39	23.62594622641557	26.05051164658069	26.882172670283026	23.441369456720704
40-44	23.826105279057447	25.965612562577416	26.68375844825877	23.524523710106365
45-49	23.78746960306005	26.0658921479198	26.58397537911361	23.56266286990654
50-54	23.73668958440665	26.121797124910866	26.63023196576549	23.511281324916993
55-59	23.870682824663582	25.992764435800837	26.536529499913375	23.600023239622207
60-64	23.830437912466497	26.003649686356496	26.421932954817102	23.74397944635991
65-69	23.7621495590175	26.156808779543255	26.489671322482312	23.591370338956928
70-74	23.90788888711907	26.183120447877826	26.318241172669595	23.590749492333508
75-79	23.84624797435108	26.1148931287358	26.303807653041094	23.73505124387203
80-84	23.826751254794175	26.197608131451634	26.287462966928608	23.68817764682559
85-89	23.97365185600219	26.17080742011512	26.15079491293317	23.70474581094952
90-94	23.848443363395155	26.13157387300823	26.160430608964564	23.859552154632052
95-99	23.944554985993534	26.246934254502026	26.13304362122286	23.67546713828158
100	24.31673667552493	25.982525680120073	25.65911967999579	24.04161796435921
>>END_MODULE
>>Per base GC content	fail
#Base	%GC
1	76.25009681392844
2	43.37309992185272
3	53.628644829358194
4	50.66729269948629
5	46.95485526736917
6	42.078619437817935
7	41.58822465090737
8	46.85233199387312
9	46.81327832969765
10-14	46.292953823134745
15-19	47.15679234976137
20-24	47.00737595762783
25-29	47.047351039142065
30-34	47.085967775941555
35-39	47.06731568313628
40-44	47.35062898916381
45-49	47.350132472966585
50-54	47.24797090932364
55-59	47.47070606428579
60-64	47.5744173588264
65-69	47.35351989797443
70-74	47.49863837945258
75-79	47.58129921822311
80-84	47.51492890161976
85-89	47.67839766695171
90-94	47.70799551802721
95-99	47.62002212427512
100	48.35835463988414
>>END_MODULE
>>Per sequence GC content	fail
#GC Content	Count
0	49878.0
1	30180.0
2	9108.5
3	7461.0
4	6992.0
5	6552.0
6	6412.5
7	6392.0
8	6332.5
9	6377.5
10	6358.0
11	6372.0
12	6375.5
13	6407.0
14	6464.5
15	6608.5
16	6912.0
17	7432.0
18	8324.5
19	9565.5
20	11397.0
21	14177.0
22	18321.5
23	24247.5
24	32020.0
25	41948.0
26	54665.0
27	67556.0
28	79835.0
29	94889.5
30	111676.0
31	130735.5
32	150048.5
33	166904.5
34	182117.0
35	195363.0
36	208430.5
37	218809.0
38	228233.0
39	238970.5
40	247104.5
41	257860.0
42	269771.5
43	281921.0
44	300205.5
45	317202.5
46	332777.5
47	349011.0
48	362640.0
49	376448.5
50	390425.0
51	405321.0
52	421037.0
53	426066.5
54	418390.0
55	405162.0
56	389071.5
57	372189.0
58	346869.0
59	309958.0
60	273640.0
61	237125.5
62	200972.5
63	171530.0
64	145210.5
65	119828.5
66	97108.0
67	79030.5
68	64932.5
69	51209.0
70	38200.5
71	28585.0
72	20973.0
73	16477.0
74	13646.0
75	10922.5
76	8254.0
77	5940.5
78	4174.5
79	2830.0
80	2193.0
81	1725.0
82	1374.5
83	1111.5
84	842.5
85	645.0
86	445.0
87	293.0
88	233.5
89	198.0
90	132.0
91	77.0
92	59.5
93	43.5
94	19.0
95	13.5
96	11.5
97	6.5
98	4.0
99	2.5
100	2.5
>>END_MODULE
>>Per base N content	pass
#Base	N-Count
1	0.04586014514069655
2	0.05465325460629758
3	0.04897852622952826
4	0.04821706107992982
5	0.04719270915249382
6	0.04862498883864327
7	0.047863523689044826
8	0.04111005301701104
9	0.05359264243364262
10-14	0.03868424261186173
15-19	0.04390753093565483
20-24	0.046309772181411815
25-29	0.02848604864402547
30-34	0.044152287590882904
35-39	0.038981576622657305
40-44	0.08645892870012008
45-49	0.06553132817198959
50-54	0.06116015561084236
55-59	0.07986862913157167
60-64	0.07705302109031838
65-69	0.07048629068116231
70-74	0.06346812021903
75-79	0.06454323648977257
80-84	0.08085853382604963
85-89	0.07486290227909238
90-94	0.05314845442971019
95-99	0.06758728407590539
100	0.07034487572480831
>>END_MODULE
>>Sequence Length Distribution	pass
#Length	Count
100	1.1031365E7
>>END_MODULE
>>Sequence Duplication Levels	warn
#Total Duplicate Percentage	43.77964550220521
#Duplication Level	Relative count
1	100.0
2	20.821820932833365
3	8.571804486546938
4	4.867278468521808
5	3.270344056312085
6	2.523682652457075
7	1.9390171699230314
8	1.6808104729951976
9	1.3436616012104468
10++	19.444444444444443
>>END_MODULE
>>Overrepresented sequences	warn
#Sequence	Count	Percentage	Possible Source
TTTTTTTTTTTTTTTTTTTTTTTTTTTTTTTTTTTTTTTTTTTTTTTTTT	83517	0.7570867249882495	No Hit
>>END_MODULE
>>Kmer Content	fail
#Sequence	Count	Obs/Exp Overall	Obs/Exp Max	Max Obs/Exp Position
TTTTT	16903075	11.868363	18.322874	2
AAAAA	7519170	6.2265186	8.377878	95-96
GGAGG	2311035	2.5847778	5.19772	1
CTCCT	2437755	2.4586587	8.076102	1
TCCTC	2424015	2.4448009	5.1935124	2
CTCCA	2240275	2.335283	7.068911	1
GGGGG	1862700	2.2459235	5.955736	1
CTGGA	2197070	2.2333534	7.2923436	1
GAAGA	2310725	2.2237926	5.7278404	2
CTCTG	2199835	2.1909678	5.4510803	1
GGAGA	2010330	2.085685	5.7385397	1
GAAAA	2277200	2.0328803	5.1259756	2
GGAAG	1669685	1.7322713	5.575236	1
GTTTT	2200125	1.7212257	6.8741693	1
CTCAG	1660550	1.7093377	5.6601267	1
GGAAA	1767215	1.70073	6.2490973	1
CTGGG	1451475	1.5905908	6.3206053	1
GGGAG	1379095	1.5424491	5.9029865	1
GTGGA	1520525	1.5263174	5.0185366	1
CTCCC	1245665	1.4175459	5.188011	1
GGGGA	1252785	1.4011779	5.499901	1
GGGAA	1317965	1.3673674	5.3033943	1
GTCAG	1257980	1.278755	5.1259584	1
>>END_MODULE
