##FastQC	0.10.1
>>Basic Statistics	pass
#Measure	Value	
Filename	F_notatus_NA_transfer_1_R1.fastq.gz	
File type	Conventional base calls	
Encoding	Sanger / Illumina 1.9	
Total Sequences	33631288	
Filtered Sequences	0	
Sequence length	100	
%GC	49	
>>END_MODULE
>>Per base sequence quality	pass
#Base	Mean	Median	Lower Quartile	Upper Quartile	10th Percentile	90th Percentile
1	30.224733825240353	31.0	30.0	34.0	26.0	34.0
2	30.535488768672792	31.0	30.0	34.0	27.0	34.0
3	30.105447492822755	31.0	30.0	34.0	26.0	34.0
4	31.777185369766393	35.0	32.0	37.0	16.0	37.0
5	32.87721002537875	35.0	33.0	37.0	19.0	37.0
6	33.309027236780224	36.0	33.0	37.0	28.0	37.0
7	33.46549257940998	36.0	35.0	37.0	28.0	37.0
8	33.460937535309384	37.0	35.0	37.0	28.0	37.0
9	34.93327228502221	39.0	35.0	39.0	28.0	39.0
10-14	35.003923590437566	39.2	35.2	39.4	27.0	39.4
15-19	35.16311228996047	39.0	34.6	41.0	23.0	41.0
20-24	35.4136369680519	39.0	35.0	41.0	26.0	41.0
25-29	35.09249350783116	39.0	34.6	41.0	24.6	41.0
30-34	34.69595750837732	39.0	34.0	41.0	23.6	41.0
35-39	34.30889978403444	38.2	33.4	40.2	21.4	41.0
40-44	34.07667516629158	38.0	33.0	40.0	19.8	41.0
45-49	33.60414470001862	38.0	33.0	40.0	17.0	41.0
50-54	32.948371284501505	37.2	32.2	40.0	12.4	41.0
55-59	31.571351451065446	35.8	30.6	39.6	6.2	41.0
60-64	31.37917233499948	35.0	30.8	38.8	2.8	40.6
65-69	30.66018804275352	35.0	30.0	37.4	2.0	40.0
70-74	29.88560509487475	34.6	29.6	36.2	2.0	39.0
75-79	28.805107166873892	33.8	28.4	35.0	2.0	37.0
80-84	28.760641691748468	34.0	29.0	35.0	2.0	36.2
85-89	28.262599422299854	34.0	29.0	35.0	2.0	35.4
90-94	27.203197581965934	34.0	26.4	35.0	2.0	35.0
95-99	27.01583622369741	33.8	27.0	35.0	2.0	35.0
100	25.894636952352226	33.0	24.0	35.0	2.0	35.0
>>END_MODULE
>>Per sequence quality scores	pass
#Quality	Count
2	922575.0
3	298554.0
4	170797.0
5	132576.0
6	124748.0
7	127043.0
8	133325.0
9	146930.0
10	162723.0
11	171726.0
12	176060.0
13	183366.0
14	185884.0
15	185710.0
16	183757.0
17	179916.0
18	176604.0
19	173669.0
20	175026.0
21	182940.0
22	203959.0
23	238532.0
24	290726.0
25	358960.0
26	438833.0
27	532147.0
28	636210.0
29	752200.0
30	900060.0
31	1085672.0
32	1333948.0
33	1701278.0
34	2278280.0
35	3215527.0
36	4741478.0
37	6005647.0
38	4062084.0
39	661025.0
40	793.0
>>END_MODULE
>>Per base sequence content	fail
#Base	G	A	T	C
1	37.847148811152984	15.36248716408178	7.770122287071713	39.02024173769352
2	25.581645470139126	18.61116531174337	35.05683612767741	20.750353090440097
3	25.742263889922196	22.575970076140013	21.963865711587605	29.71790032235019
4	27.942639393482498	28.55169963684112	18.871647093888903	24.634013875787478
5	29.33473043553869	29.167382078390645	21.648523309913028	19.84936417615763
6	23.734620122558454	32.3862100803591	23.214458619273717	20.664711177808726
7	21.227105626348763	19.648405727634476	36.604254178463236	22.520234467553525
8	21.5861021112288	21.782313043720826	30.109370242249934	26.522214602800442
9	22.474894318830245	20.582157438467064	31.591592423949127	25.35135581875356
10-14	24.310315222371432	26.74825750503086	25.525468564712433	23.415958707885277
15-19	24.52916668285316	25.55520645691656	25.80773184184667	24.10789501838361
20-24	24.4460554580737	25.750964603496424	25.750506673863498	24.052473264566377
25-29	24.41210886099788	25.669756285181748	25.734709705692676	24.18342514812769
30-34	24.351343561679307	25.779473851380907	25.62526022311886	24.243922363820925
35-39	24.31742702258231	25.789422946288653	25.63986534593794	24.253284685191094
40-44	24.440373043319333	25.735911830190762	25.531433653496645	24.292281472993267
45-49	24.410411356916132	25.688880686918825	25.506378064239442	24.394329891925597
50-54	24.413947401064263	25.771372193467474	25.49476500744839	24.319915398019877
55-59	24.523035747665414	25.60651625764068	25.43544357889937	24.435004415794534
60-64	24.47316746150476	25.56347963316438	25.452634407708185	24.51071849762267
65-69	24.41383589305068	25.715667199546505	25.422024568136436	24.448472339266374
70-74	24.528345031019082	25.67912226934711	25.36585263448211	24.42668006515169
75-79	24.442023853037746	25.561016869462183	25.41915851189455	24.577800765605517
80-84	24.450243696032203	25.663841907867408	25.382706100890246	24.50320829521014
85-89	24.577483157426848	25.639054759978357	25.23102410125252	24.552437981342273
90-94	24.434531862033804	25.615202559417625	25.254128719311208	24.69613685923736
95-99	24.413132045080953	25.68832265770825	25.33399440318537	24.564550894025427
100	24.745534746421757	25.46855044227541	24.90126550420093	24.884649307101906
>>END_MODULE
>>Per base GC content	fail
#Base	%GC
1	76.8673905488465
2	46.33199856057922
3	55.460164212272375
4	52.57665326926998
5	49.184094611696324
6	44.39933130036718
7	43.74734009390229
8	48.10831671402924
9	47.826250137583806
10-14	47.72627393025671
15-19	48.63706170123677
20-24	48.498528722640074
25-29	48.595534009125565
30-34	48.59526592550023
35-39	48.570711707773405
40-44	48.73265451631259
45-49	48.80474124884173
50-54	48.733862799084136
55-59	48.95804016345995
60-64	48.983885959127434
65-69	48.862308232317055
70-74	48.95502509617077
75-79	49.01982461864326
80-84	48.953451991242346
85-89	49.12992113876912
90-94	49.130668721271164
95-99	48.97768293910638
100	49.630184053523664
>>END_MODULE
>>Per sequence GC content	warn
#GC Content	Count
0	23924.0
1	19938.5
2	14370.5
3	12567.0
4	10694.5
5	7947.5
6	6579.0
7	6228.5
8	6096.0
9	6089.0
10	6228.0
11	6325.0
12	6551.0
13	6843.0
14	7160.0
15	7771.0
16	8634.5
17	9976.5
18	11927.5
19	14765.5
20	19563.0
21	26636.5
22	36166.0
23	49900.0
24	68259.5
25	89969.5
26	116760.5
27	147716.0
28	182527.0
29	224676.0
30	273428.0
31	325202.0
32	383137.0
33	435484.5
34	483407.5
35	530722.0
36	567472.5
37	608050.5
38	654091.5
39	697208.0
40	734167.5
41	765214.5
42	807282.0
43	860915.5
44	911603.5
45	960414.5
46	1017453.0
47	1071285.5
48	1131455.5
49	1196604.0
50	1243072.0
51	1283762.0
52	1332182.5
53	1353560.5
54	1335670.5
55	1317554.5
56	1289555.5
57	1224382.0
58	1137326.0
59	1037953.5
60	920590.0
61	801546.5
62	689446.5
63	586667.5
64	494155.5
65	411295.5
66	338665.5
67	277776.5
68	227704.5
69	181348.5
70	137895.5
71	101824.5
72	76244.0
73	59708.5
74	47324.0
75	37996.0
76	29784.0
77	21630.5
78	15593.0
79	11811.0
80	9499.0
81	8391.5
82	6998.5
83	5344.5
84	3747.0
85	2370.0
86	1651.0
87	1181.5
88	815.5
89	563.5
90	392.0
91	289.0
92	187.0
93	128.5
94	103.0
95	73.5
96	46.5
97	26.5
98	15.5
99	6.0
100	3.0
>>END_MODULE
>>Per base N content	pass
#Base	N-Count
1	0.1189428130138816
2	0.0032529232897651732
3	0.0041687371592785865
4	3.9006088616053
5	0.007831992637332237
6	0.01258352044084663
7	0.013769915680898097
8	0.015553968673456693
9	0.018818785649838923
10-14	0.021415772122673385
15-19	0.19091507883968048
20-24	0.004956693897658632
25-29	0.005822554283380404
30-34	0.01586736731581615
35-39	0.016198011803770347
40-44	0.018677845463426795
45-49	0.0074662617738577245
50-54	0.008770999195748912
55-59	0.9412621960835994
60-64	0.0023525712128539353
65-69	0.0024292854915339552
70-74	0.0036192488375705384
75-79	0.0033385578334079857
80-84	0.0038000328741498095
85-89	0.004930527787101107
90-94	1.0069545953755918
95-99	0.010032919345818691
100	0.004314434820337538
>>END_MODULE
>>Sequence Length Distribution	pass
#Length	Count
100	3.3631288E7
>>END_MODULE
>>Sequence Duplication Levels	fail
#Total Duplicate Percentage	52.29857485536899
#Duplication Level	Relative count
1	100.0
2	25.820860202330948
3	12.258179021475478
4	7.311325405746515
5	5.031651186179968
6	3.74686939202114
7	2.9541107101303514
8	2.398982429154588
9	2.0627502021337434
10++	35.61892366246623
>>END_MODULE
>>Overrepresented sequences	pass
>>END_MODULE
>>Kmer Content	warn
#Sequence	Count	Obs/Exp Overall	Obs/Exp Max	Max Obs/Exp Position
TTTTT	23890815	6.9664807	9.5539665	10-14
AAAAA	16874675	4.881257	6.7062016	2
CTCCT	7471035	2.4633782	6.1981215	1
CTCCA	7086030	2.332685	5.7177973	1
CTGGA	6847295	2.225332	6.150201	1
GAAAA	6573090	1.9713502	5.063041	2
CTTTT	6215755	1.8882769	5.1884356	1
GTTTT	5920150	1.786964	6.3726993	1
GGGGG	4899250	1.6979117	5.3672137	1
GGAAA	5196265	1.6157839	6.045775	1
CTGGG	4607855	1.5526457	5.625922	1
GGGAG	4319335	1.4437917	5.0020905	1
>>END_MODULE
