##FastQC	0.10.1
>>Basic Statistics	pass
#Measure	Value	
Filename	F_olivaceous_NA_FW_1_R1.fastq.gz	
File type	Conventional base calls	
Encoding	Sanger / Illumina 1.9	
Total Sequences	14335813	
Filtered Sequences	0	
Sequence length	100	
%GC	49	
>>END_MODULE
>>Per base sequence quality	pass
#Base	Mean	Median	Lower Quartile	Upper Quartile	10th Percentile	90th Percentile
1	29.87461680757136	31.0	30.0	34.0	25.0	34.0
2	30.17668715405258	31.0	30.0	34.0	26.0	34.0
3	29.75993199688082	31.0	30.0	34.0	25.0	34.0
4	31.3660256310542	35.0	32.0	37.0	10.0	37.0
5	32.440438641324356	35.0	32.0	37.0	19.0	37.0
6	32.82309060532528	35.0	33.0	37.0	26.0	37.0
7	32.96644117776927	35.0	33.0	37.0	26.0	37.0
8	32.94882850383163	36.0	35.0	37.0	26.0	37.0
9	34.386211022702376	39.0	35.0	39.0	26.0	39.0
10-14	34.43528175207085	38.6	35.0	39.4	25.4	39.4
15-19	34.56065893158623	39.0	33.8	41.0	19.8	41.0
20-24	34.79241397749817	39.0	34.0	41.0	22.6	41.0
25-29	34.446964912279476	39.0	34.0	41.0	19.2	41.0
30-34	34.03613247466328	38.8	33.2	41.0	16.6	41.0
35-39	33.64605032166644	38.0	33.0	40.0	14.4	41.0
40-44	33.407285823273504	38.0	33.0	40.0	9.8	41.0
45-49	32.92537843511212	38.0	32.2	40.0	6.2	41.0
50-54	32.25492309365363	36.8	31.4	40.0	2.0	41.0
55-59	30.86520312451062	35.2	29.4	39.4	2.0	41.0
60-64	30.667366127055367	35.0	30.0	38.6	2.0	40.4
65-69	29.955932739915063	35.0	29.2	37.2	2.0	39.8
70-74	29.207185068611032	34.2	29.0	35.8	2.0	38.8
75-79	28.155892867743184	33.4	27.8	35.0	2.0	36.8
80-84	28.118847267329734	34.0	28.2	35.0	2.0	36.0
85-89	27.65108504135761	34.0	27.2	35.0	2.0	35.2
90-94	26.615015039607453	33.4	24.6	35.0	2.0	35.0
95-99	26.446765118936746	33.4	25.0	35.0	2.0	35.0
100	25.363113692959026	33.0	20.0	35.0	2.0	35.0
>>END_MODULE
>>Per sequence quality scores	pass
#Quality	Count
2	535707.0
3	168435.0
4	90575.0
5	66744.0
6	60719.0
7	62721.0
8	65540.0
9	71754.0
10	78464.0
11	81776.0
12	82323.0
13	83185.0
14	83953.0
15	82781.0
16	80599.0
17	79096.0
18	76601.0
19	75233.0
20	75845.0
21	78769.0
22	87685.0
23	102623.0
24	124781.0
25	151914.0
26	186720.0
27	223139.0
28	266698.0
29	313220.0
30	372911.0
31	450079.0
32	551023.0
33	702298.0
34	944417.0
35	1341748.0
36	1993106.0
37	2524285.0
38	1658876.0
39	259154.0
40	316.0
>>END_MODULE
>>Per base sequence content	fail
#Base	G	A	T	C
1	37.89170969720876	14.482824751622235	7.6064817349735785	40.01898381619542
2	25.80730400687476	19.067113664645625	32.48026188711155	22.64532044136807
3	26.217169626881816	23.069580722591017	20.938785279246563	29.774464371280608
4	29.32537440001012	28.289721400255203	18.29904700294236	24.08585719679232
5	29.787282133077653	29.008338386351184	21.302704743493187	19.901674737077972
6	23.993590625033356	32.09464236891816	23.216515302808293	20.695251703240192
7	22.10178270530768	20.007877834131406	35.427203322140976	22.463136138419937
8	21.958829840813195	21.392437888847674	30.100888566443857	26.54784370389528
9	21.888158603899445	20.014651437079227	32.55653972126687	25.540650237754452
10-14	24.727466911602747	26.088705204814023	25.30924963901264	23.87457824457059
15-19	24.74031076685135	25.10976999857383	25.657891949913036	24.492027284661777
20-24	24.720640478460005	25.392648911603306	25.54938214342234	24.33732846651435
25-29	24.655535550542698	25.263743624974648	25.516312124874325	24.564408699608325
30-34	24.598528933475862	25.400961075065904	25.398040658863195	24.60246933259504
35-39	24.602941395413712	25.409345150873218	25.38108979202814	24.606623661684928
40-44	24.673901748615425	25.414246867558393	25.27592585489157	24.635925528934603
45-49	24.63598634053748	25.340014614010908	25.266731091986287	24.75726795346532
50-54	24.601257317373758	25.48759912287088	25.257401980335274	24.653741579420085
55-59	24.746561928563274	25.294670655570688	25.136044564691414	24.82272285117462
60-64	24.667908852980617	25.330802735060715	25.149197337486573	24.852091074472092
65-69	24.630084574857907	25.392098171067477	25.183496650893666	24.79432060318095
70-74	24.737375320244738	25.34565336622783	25.109288364130627	24.80768294939681
75-79	24.632385814539433	25.231749012330713	25.18903910207872	24.946826071051138
80-84	24.636607410466635	25.37802574517376	25.0955528949198	24.889813949439805
85-89	24.753327896221784	25.339814356162133	25.002360645461856	24.904497102154224
90-94	24.63153074796434	25.298951220366657	25.023154467652365	25.046363564016637
95-99	24.60598464698015	25.425879366187772	25.09103899118541	24.877096995646667
100	24.99142666921146	25.076664691103378	24.628584335903795	25.30332430378136
>>END_MODULE
>>Per base GC content	fail
#Base	%GC
1	77.91069351340418
2	48.45262444824282
3	55.99163399816241
4	53.41123159680243
5	49.68895687015563
6	44.68884232827355
7	44.56491884372762
8	48.50667354470847
9	47.4288088416539
10-14	48.60204515617333
15-19	49.23233805151313
20-24	49.057968944974355
25-29	49.21994425015102
30-34	49.2009982660709
35-39	49.20956505709864
40-44	49.30982727755003
45-49	49.3932542940028
50-54	49.25499889679384
55-59	49.5692847797379
60-64	49.519999927452716
65-69	49.42440517803886
70-74	49.545058269641544
75-79	49.57921188559057
80-84	49.52642135990644
85-89	49.65782499837601
90-94	49.67789431198098
95-99	49.48308164262682
100	50.294750972992816
>>END_MODULE
>>Per sequence GC content	warn
#GC Content	Count
0	7933.0
1	8042.5
2	7577.5
3	6779.5
4	5505.5
5	3766.0
6	2912.5
7	2794.5
8	2822.0
9	2752.5
10	2767.5
11	2856.5
12	2908.0
13	3007.0
14	3217.0
15	3409.5
16	3717.0
17	4344.5
18	5243.5
19	6517.0
20	8555.5
21	11485.5
22	15412.0
23	20654.5
24	27580.5
25	36572.5
26	47271.5
27	59205.5
28	72420.0
29	87321.5
30	104995.0
31	126339.5
32	148568.5
33	169230.5
34	188394.5
35	204414.5
36	219727.0
37	235946.0
38	251194.0
39	266986.0
40	283039.0
41	300672.5
42	322964.5
43	346065.5
44	370173.5
45	391429.5
46	412768.0
47	442411.5
48	472182.5
49	501073.5
50	527814.5
51	551072.0
52	576472.5
53	594310.0
54	596419.5
55	585784.0
56	566847.0
57	542299.0
58	510607.5
59	471422.5
60	425727.5
61	376226.5
62	325655.5
63	278805.0
64	237188.0
65	197986.0
66	162753.0
67	133890.0
68	108886.5
69	84893.5
70	63938.0
71	48179.5
72	35961.5
73	26467.5
74	19726.0
75	14819.5
76	10944.5
77	7919.0
78	5681.5
79	4035.0
80	3082.5
81	2571.0
82	2055.5
83	1542.0
84	1110.0
85	800.0
86	583.5
87	397.0
88	267.5
89	185.5
90	142.0
91	108.5
92	77.5
93	63.0
94	46.0
95	29.0
96	25.0
97	18.5
98	9.0
99	4.5
100	2.0
>>END_MODULE
>>Per base N content	pass
#Base	N-Count
1	0.12068377287008418
2	0.003320355811002836
3	0.00453409932174757
4	4.054224200608644
5	0.007986990343693797
6	0.012625722726712463
7	0.013420933992372807
8	0.01587632316353457
9	0.019168776824865112
10-14	0.021202843535975253
15-19	0.21143132935676545
20-24	0.00526513564316164
25-29	0.0059319970203294365
30-34	0.015622413601516704
35-39	0.015686588545762978
40-44	0.01836519491430308
45-49	0.007507073369330362
50-54	0.008581306131713632
55-59	0.9698173378796165
60-64	0.00234378057247259
65-69	0.002420511484071395
70-74	0.0036733180043573396
75-79	0.0034766078491676755
80-84	0.0039007205241865252
85-89	0.005235838386005733
90-94	1.0402897973069263
95-99	0.01018707484535408
100	0.004610830233346375
>>END_MODULE
>>Sequence Length Distribution	pass
#Length	Count
100	1.4335813E7
>>END_MODULE
>>Sequence Duplication Levels	warn
#Total Duplicate Percentage	43.91565750917488
#Duplication Level	Relative count
1	100.0
2	24.630758435278103
3	9.693700700861493
4	5.233211873219313
5	3.5313612268880568
6	2.535444653923218
7	1.998596586153547
8	1.706077796471175
9	1.2951988028710804
10++	18.461655521080797
>>END_MODULE
>>Overrepresented sequences	pass
>>END_MODULE
>>Kmer Content	fail
#Sequence	Count	Obs/Exp Overall	Obs/Exp Max	Max Obs/Exp Position
TTTTT	10346745	7.4644837	10.348251	10-14
AAAAA	7152120	5.1876283	7.425837	2
CTCCA	3141725	2.3792555	5.18236	1
CTGGA	3066370	2.3139136	6.5545616	1
GAAAA	2705515	1.9879752	5.429112	2
CTTTT	2593490	1.9008613	5.4619274	1
GTTTT	2511830	1.8377264	6.197088	1
GGGGG	2223860	1.7209823	5.011778	1
GGAAA	2176010	1.6197535	6.1466165	1
CTGGG	2032805	1.5539795	5.537926	1
>>END_MODULE
