##FastQC	0.10.1
>>Basic Statistics	pass
#Measure	Value	
Filename	F_heteroclitus_MDPL_transfer_3_R1.fastq.gz	
File type	Conventional base calls	
Encoding	Sanger / Illumina 1.9	
Total Sequences	45805608	
Filtered Sequences	0	
Sequence length	100	
%GC	49	
>>END_MODULE
>>Per base sequence quality	pass
#Base	Mean	Median	Lower Quartile	Upper Quartile	10th Percentile	90th Percentile
1	31.36916446999241	33.0	31.0	34.0	28.0	34.0
2	31.67022823930205	34.0	31.0	34.0	28.0	34.0
3	31.40513831843472	34.0	31.0	34.0	28.0	34.0
4	34.953364880562226	37.0	35.0	37.0	32.0	37.0
5	33.40360913886352	37.0	35.0	37.0	27.0	37.0
6	33.86601548875849	37.0	35.0	37.0	26.0	37.0
7	34.522619282774286	37.0	35.0	37.0	31.0	37.0
8	34.66789219346243	37.0	35.0	37.0	32.0	37.0
9	36.3408515830638	39.0	37.0	39.0	32.0	39.0
10-14	36.49757507857989	39.2	37.2	39.4	32.0	39.4
15-19	37.39701555320475	40.0	38.0	41.0	32.0	41.0
20-24	37.23608488724786	40.0	38.0	41.0	31.0	41.0
25-29	36.97239499146043	40.0	37.0	41.0	30.4	41.0
30-34	36.62553622691789	40.0	37.0	41.0	30.0	41.0
35-39	36.323038755429245	40.0	36.0	41.0	29.8	41.0
40-44	36.12496888153957	40.0	35.6	41.0	28.8	41.0
45-49	35.66971908767154	39.0	35.0	41.0	27.8	41.0
50-54	35.049946818738874	38.4	34.6	40.6	26.6	41.0
55-59	34.3177043605665	37.2	34.0	40.0	25.6	41.0
60-64	33.52558829041195	35.6	33.0	39.2	24.4	41.0
65-69	32.79650380800534	35.0	33.0	38.2	23.0	40.4
70-74	32.04829719540018	35.0	32.6	36.6	22.2	39.2
75-79	31.02721422669469	34.6	31.4	35.2	19.8	37.4
80-84	30.994461695607225	35.0	32.0	35.0	19.6	36.4
85-89	30.57153917485387	35.0	32.0	35.0	17.2	35.6
90-94	30.16740192598251	35.0	31.4	35.0	7.6	35.0
95-99	29.72595012820264	34.2	31.0	35.0	2.0	35.0
100	28.625943508925808	34.0	29.0	35.0	2.0	35.0
>>END_MODULE
>>Per sequence quality scores	pass
#Quality	Count
2	684891.0
3	259519.0
4	135773.0
5	107431.0
6	103389.0
7	107449.0
8	109571.0
9	120267.0
10	132804.0
11	141119.0
12	143055.0
13	146887.0
14	149471.0
15	150805.0
16	149710.0
17	148409.0
18	146174.0
19	144189.0
20	146032.0
21	151497.0
22	169117.0
23	199390.0
24	243034.0
25	301402.0
26	379227.0
27	474204.0
28	588365.0
29	701272.0
30	863644.0
31	1079786.0
32	1378454.0
33	1843047.0
34	2629977.0
35	4013749.0
36	7042670.0
37	1.0701693E7
38	8288281.0
39	1528206.0
40	1648.0
>>END_MODULE
>>Per base sequence content	fail
#Base	G	A	T	C
1	40.73055986540419	15.101247422324521	7.07901890233849	37.0891738099328
2	25.385655622854962	17.989336703242618	36.66293443566231	19.962073238240112
3	25.85245234924742	22.085609444776686	22.06102822715866	30.00090997881723
4	28.646861504448168	27.31692095635253	19.131875695017612	24.904341844181694
5	29.584870943205075	28.52799597442261	21.64944652390105	20.237686558471264
6	24.52412282861804	31.61102143739649	22.846773612499437	21.018082121486028
7	21.77421271300123	19.456075079247228	35.931841004747056	22.837871203004482
8	21.83287430586694	21.591214299918605	29.53869487083332	27.03721652338113
9	22.88565334519431	20.80761050759644	30.740843809811746	25.565892337397507
10-14	24.985411438626485	26.133367189283234	24.98024034477116	23.900981027319116
15-19	25.130419666311383	24.976383054738424	25.33940411925543	24.55379315969476
20-24	24.939660460252238	25.287384845933254	25.297490296956703	24.475464396857806
25-29	24.944740745654272	25.19809769332865	25.210749730579167	24.646411830437913
30-34	24.846639715175677	25.32126115315209	25.172528504779283	24.659570626892947
35-39	24.788159855342844	25.2912357642353	25.247515654556153	24.673088725865703
40-44	24.898504713594754	25.308821540749122	25.122582484626733	24.67009126102939
45-49	24.924382446289865	25.19208487536111	25.083946334810676	24.799586343538348
50-54	24.875333849519333	25.3073556260332	25.158376440733456	24.658934083714012
55-59	24.94598149172828	25.1589273647387	25.041230560186968	24.853860583346048
60-64	24.91588860476749	25.18135958094243	25.029284491151987	24.873467323138097
65-69	24.849208305178582	25.278419631500505	25.066692027410912	24.80568003591
70-74	25.018502938633695	25.21469596037432	24.99615994870116	24.770641152290825
75-79	24.902122813120194	25.080317402308477	25.053526013474876	24.964033771096457
80-84	24.8859344291379	25.22040206233666	25.065871999598627	24.827791508926804
85-89	24.999322664534542	25.148828558518915	24.988986558079564	24.862862218866976
90-94	24.878089397145256	25.133167725246057	24.966367821241743	25.02237505636694
95-99	24.838020574459172	25.248780456702796	25.03079758012634	24.88240138871169
100	25.31524308544094	24.9954201061173	24.478439545062347	25.210897263379405
>>END_MODULE
>>Per base GC content	fail
#Base	%GC
1	77.81973367533699
2	45.34772886109508
3	55.85336232806466
4	53.55120334862986
5	49.82255750167634
6	45.54220495010407
7	44.612083916005716
8	48.87009082924808
9	48.451545682591814
10-14	48.886392465945605
15-19	49.684212826006146
20-24	49.415124857110044
25-29	49.591152576092185
30-34	49.50621034206863
35-39	49.46124858120855
40-44	49.568595974624145
45-49	49.72396878982821
50-54	49.534267933233345
55-59	49.79984207507433
60-64	49.78935592790558
65-69	49.654888341088586
70-74	49.78914409092452
75-79	49.86615658421665
80-84	49.713725938064705
85-89	49.86218488340152
90-94	49.9004644535122
95-99	49.72042196317086
100	50.52614034882035
>>END_MODULE
>>Per sequence GC content	warn
#GC Content	Count
0	161.0
1	229.0
2	353.5
3	494.0
4	628.0
5	725.0
6	885.5
7	1083.5
8	1236.5
9	1444.0
10	1728.5
11	2006.0
12	2388.5
13	2804.5
14	3304.0
15	4087.5
16	5100.0
17	6476.0
18	8434.0
19	11588.5
20	16549.5
21	24147.5
22	35615.0
23	51349.5
24	72105.5
25	100576.5
26	138936.5
27	183675.0
28	229452.5
29	279861.5
30	343499.0
31	406246.5
32	469133.0
33	538461.5
34	602841.0
35	662728.0
36	723473.0
37	793993.0
38	860309.0
39	906362.5
40	945537.0
41	990898.5
42	1044729.0
43	1105509.5
44	1172362.0
45	1244121.0
46	1335300.0
47	1440294.0
48	1533355.0
49	1602166.0
50	1661058.5
51	1734230.5
52	1790416.5
53	1821011.5
54	1832763.0
55	1827713.5
56	1783760.5
57	1714008.5
58	1633435.5
59	1517271.5
60	1374653.5
61	1209317.5
62	1052971.0
63	919413.5
64	783331.5
65	652911.5
66	541204.5
67	447526.0
68	370475.0
69	299409.5
70	234915.0
71	178367.5
72	132804.5
73	100565.5
74	76956.5
75	57375.5
76	41528.0
77	29761.0
78	21006.5
79	14377.0
80	10753.0
81	8090.5
82	6222.5
83	5082.0
84	3659.0
85	2498.5
86	1684.5
87	1165.0
88	890.0
89	680.0
90	486.5
91	353.5
92	263.0
93	197.0
94	140.5
95	97.0
96	59.5
97	36.0
98	25.0
99	15.0
100	4.5
>>END_MODULE
>>Per base N content	pass
#Base	N-Count
1	0.017567717909125886
2	0.0022093364637797187
3	0.005117277342983855
4	0.008101628080125036
5	3.667157960221814
6	0.03930741406161446
7	0.04869272775508186
8	0.054054516643464265
9	0.047712498434689485
10-14	0.05281405717832628
15-19	0.0317563735863958
20-24	0.02729141811631449
25-29	0.02661770148318957
30-34	0.05033750452564673
35-39	0.04824693081248916
40-44	0.03954144654078164
45-49	0.030112906699109855
50-54	0.015564906375656011
55-59	0.00507667096133731
60-64	0.004765355368713805
65-69	9.448624718615239E-4
70-74	0.003345441894363677
75-79	0.004551407766490077
80-84	0.005700175402103602
85-89	0.002458650914534308
90-94	0.009567824096997031
95-99	0.01820956071579707
100	0.004682832722141796
>>END_MODULE
>>Sequence Length Distribution	pass
#Length	Count
100	4.5805608E7
>>END_MODULE
>>Sequence Duplication Levels	fail
#Total Duplicate Percentage	62.031783402001174
#Duplication Level	Relative count
1	100.0
2	39.5709059341477
3	18.741241396415948
4	11.249457431636387
5	7.661685372356917
6	5.714640044645625
7	4.370310659143052
8	3.605134246915111
9	3.096670180442736
10++	54.02120667204068
>>END_MODULE
>>Overrepresented sequences	pass
>>END_MODULE
>>Kmer Content	warn
#Sequence	Count	Obs/Exp Overall	Obs/Exp Max	Max Obs/Exp Position
AAAAA	19953880	4.6337104	6.5616436	2
TTTTT	19694275	4.5101748	6.7913556	2
CTCCT	10815475	2.570406	6.4049664	1
CTCCA	10055030	2.3963437	5.676211	1
CTCTG	9784885	2.2971294	5.099245	1
CTGGA	9877875	2.2970824	6.055121	1
GGAGA	8972500	2.0668538	5.135214	1
GTTTT	7877555	1.8042057	7.179553	1
GTGGA	6974410	1.6021167	5.3513327	1
GGGGG	6949500	1.5922567	5.183879	1
GGAAA	6739285	1.5566055	5.5824046	1
GTCCA	6521585	1.5352976	5.1029325	1
CTGGG	6356940	1.4743234	5.0767784	1
>>END_MODULE
