##FastQC	0.10.1
>>Basic Statistics	pass
#Measure	Value	
Filename	L_parva_NA_transfer_2_R2.fastq.gz	
File type	Conventional base calls	
Encoding	Sanger / Illumina 1.9	
Total Sequences	19686042	
Filtered Sequences	0	
Sequence length	100	
%GC	50	
>>END_MODULE
>>Per base sequence quality	pass
#Base	Mean	Median	Lower Quartile	Upper Quartile	10th Percentile	90th Percentile
1	29.981236451695064	31.0	31.0	34.0	26.0	34.0
2	30.012731304748815	31.0	31.0	34.0	26.0	34.0
3	30.061920522164893	31.0	31.0	34.0	26.0	34.0
4	33.39483498003306	37.0	35.0	37.0	27.0	37.0
5	33.334682868196666	37.0	35.0	37.0	27.0	37.0
6	33.26576413887565	37.0	35.0	37.0	27.0	37.0
7	33.277286414404685	37.0	35.0	37.0	27.0	37.0
8	33.21139597284208	37.0	35.0	37.0	27.0	37.0
9	34.657954199224	39.0	35.0	39.0	27.0	39.0
10-14	34.74171509945982	39.2	35.2	39.4	26.8	39.4
15-19	35.48543242973879	40.0	36.0	41.0	25.4	41.0
20-24	35.22202946635997	40.0	35.6	41.0	24.2	41.0
25-29	34.94948150572878	39.2	35.0	41.0	22.6	41.0
30-34	34.10631515466643	39.0	33.8	41.0	17.0	41.0
35-39	33.96657728353927	38.6	33.2	40.6	15.8	41.0
40-44	33.60506386199928	38.0	33.0	40.0	12.4	41.0
45-49	33.23836999839785	38.0	33.0	40.0	8.6	41.0
50-54	32.374611707117154	37.0	31.8	39.6	4.8	40.6
55-59	32.265340071914906	36.4	32.0	40.0	2.0	41.0
60-64	31.505966725053213	35.0	31.2	39.0	2.0	41.0
65-69	30.703604899349493	35.0	31.0	37.4	2.0	40.0
70-74	30.00075549975968	35.0	30.0	36.2	2.0	39.0
75-79	29.29649783333796	34.6	29.6	35.0	2.0	37.2
80-84	28.680742792278913	34.0	29.0	35.0	2.0	36.2
85-89	28.165826507938977	34.0	29.0	35.0	2.0	35.2
90-94	27.664496570717468	34.0	27.8	35.0	2.0	35.0
95-99	27.054654226583484	34.0	26.8	35.0	2.0	35.0
100	25.77238558162174	33.0	23.0	35.0	2.0	35.0
>>END_MODULE
>>Per sequence quality scores	pass
#Quality	Count
2	893086.0
3	134190.0
4	87427.0
5	74094.0
6	74159.0
7	76325.0
8	80750.0
9	84768.0
10	89238.0
11	91924.0
12	88159.0
13	86484.0
14	86350.0
15	86384.0
16	88188.0
17	86884.0
18	86824.0
19	88353.0
20	91743.0
21	98056.0
22	109254.0
23	127453.0
24	154146.0
25	184911.0
26	220025.0
27	261615.0
28	309472.0
29	367799.0
30	439852.0
31	540484.0
32	676747.0
33	878693.0
34	1204372.0
35	1775758.0
36	2841916.0
37	3831817.0
38	2703375.0
39	484301.0
40	666.0
>>END_MODULE
>>Per base sequence content	fail
#Base	G	A	T	C
1	37.95071061474067	13.400960061924005	7.266486346340444	41.38184297699488
2	27.49804018275906	17.138312068774134	34.01356339907124	21.35008434939557
3	26.741946411280757	21.599785875224857	20.899459230258632	30.75880848323575
4	29.35390112353887	27.146806042888556	17.994377223996743	25.504915609575836
5	30.76102269827557	28.48299254351328	20.92129505705049	19.834689701160656
6	23.772232625382074	32.315465588690394	22.400709391046732	21.5115923948808
7	21.870376055378003	18.859161427815913	36.26509600323486	23.005366513571225
8	21.518903904297655	20.970101860700456	29.80039921376964	27.710595021232244
9	22.594590974272133	19.791972041243984	31.568125355428695	26.045311629055192
10-14	25.20525141332882	25.9508117767256	24.746201439005386	24.09773537094019
15-19	25.455482879890084	24.608954693738536	25.058826914853878	24.876735511517502
20-24	25.261127218693492	25.035584924929218	25.01445697927014	24.688830877107158
25-29	25.22228143602552	25.1185116170165	24.867621580707734	24.791585366250246
30-34	25.394626543976912	25.083899767224295	24.810068720228067	24.711404968570726
35-39	25.12701835446099	25.072479319599417	24.93195174826314	24.86855057767646
40-44	25.32244049893322	25.022301787282135	24.792010570098917	24.863247143685722
45-49	25.295046195783456	24.972572803965882	24.7120723907178	25.020308609532865
50-54	25.25037129668215	25.066055487046263	24.812780476518938	24.870792739752652
55-59	25.449519588837184	24.86925607786768	24.627655334084732	25.053568999210402
60-64	25.324713374757557	24.873847929558366	24.681005029776472	25.12043366590761
65-69	25.232218855787618	24.921920030202756	24.791955507216542	25.05390560679308
70-74	25.38981956401522	24.93279952824945	24.63026689952603	25.0471140082093
75-79	25.355222675600086	24.79994376417999	24.643149311642354	25.20168424857757
80-84	25.332176967203225	24.87987889487353	24.640585683972198	25.147358453951053
85-89	25.523141977348395	24.810037496154138	24.533533030889735	25.133287495607725
90-94	25.3943986048212	24.71688028996858	24.541712421693287	25.34700868351693
95-99	25.437150994932693	24.830907360953354	24.60597162405932	25.125970020054634
100	26.03024096501274	24.39797373021557	23.992942382253982	25.57884292251771
>>END_MODULE
>>Per base GC content	fail
#Base	%GC
1	79.33255359173556
2	48.84812453215462
3	57.50075489451652
4	54.8588167331147
5	50.59571239943622
6	45.28382502026287
7	44.87574256894923
8	49.2294989255299
9	48.63990260332732
10-14	49.30298678426902
15-19	50.332218391407594
20-24	49.949958095800646
25-29	50.013866802275764
30-34	50.10603151254763
35-39	49.995568932137445
40-44	50.185687642618944
45-49	50.31535480531632
50-54	50.1211640364348
55-59	50.50308858804758
60-64	50.44514704066516
65-69	50.28612446258071
70-74	50.43693357222452
75-79	50.55690692417766
80-84	50.479535421154274
85-89	50.65642947295612
90-94	50.74140728833814
95-99	50.56312101498733
100	51.609083887530446
>>END_MODULE
>>Per sequence GC content	warn
#GC Content	Count
0	9035.0
1	6040.0
2	2673.0
3	2198.5
4	1889.0
5	1575.5
6	1461.5
7	1395.0
8	1326.0
9	1347.0
10	1389.0
11	1427.0
12	1466.0
13	1535.5
14	1743.0
15	2006.5
16	2370.0
17	3010.5
18	3953.0
19	5445.5
20	7735.5
21	11149.5
22	16142.5
23	22905.0
24	31269.5
25	42222.0
26	55771.5
27	72344.5
28	90842.5
29	111924.0
30	135136.0
31	159950.0
32	186073.5
33	211166.0
34	235119.5
35	259351.0
36	283694.5
37	305036.0
38	324030.0
39	345222.0
40	371339.0
41	402734.0
42	428858.5
43	453436.0
44	484806.5
45	520574.0
46	561067.0
47	599766.0
48	635723.5
49	667273.0
50	699908.0
51	735763.5
52	768573.5
53	786537.5
54	786323.0
55	781900.5
56	777375.0
57	748086.5
58	701253.5
59	656918.0
60	609413.0
61	547744.5
62	476665.5
63	417084.0
64	364030.0
65	316514.0
66	271561.5
67	230311.5
68	192488.0
69	155820.0
70	125330.5
71	98752.5
72	78043.0
73	63397.0
74	50509.0
75	39031.0
76	30148.5
77	23477.5
78	18094.5
79	13888.5
80	11236.0
81	8610.0
82	5987.5
83	4191.5
84	2927.5
85	1976.5
86	1367.0
87	1017.0
88	714.0
89	496.5
90	340.5
91	230.0
92	165.5
93	127.0
94	95.5
95	66.5
96	44.0
97	26.5
98	16.0
99	10.0
100	13.5
>>END_MODULE
>>Per base N content	pass
#Base	N-Count
1	0.03925624053834691
2	0.05454626176252189
3	0.03960166294474023
4	0.03812853797629813
5	0.047490501137811246
6	0.03653349921736426
7	0.04014519526068267
8	0.047576856739409576
9	0.037290380666667275
10-14	0.033607568245562006
15-19	0.05130233898718696
20-24	0.04943807394091713
25-29	0.03020414159433369
30-34	0.056570030684685114
35-39	0.05753518152607823
40-44	0.093141119987451
45-49	0.06907025800310697
50-54	0.06583446281380483
55-59	0.0736389773017857
60-64	0.0646265003396823
65-69	0.06672138563963238
70-74	0.06397324561229728
75-79	0.05968188018698731
80-84	0.06445277318823153
85-89	0.0624350999555929
90-94	0.055736953116324754
95-99	0.052265457932071865
100	0.05222482000190795
>>END_MODULE
>>Sequence Length Distribution	pass
#Length	Count
100	1.9686042E7
>>END_MODULE
>>Sequence Duplication Levels	fail
#Total Duplicate Percentage	51.7699053741393
#Duplication Level	Relative count
1	100.0
2	26.71588341185032
3	11.319851392240224
4	6.710329771343215
5	4.516641771036808
6	3.4039986211651154
7	2.7404343329886247
8	2.2540120265042707
9	1.8958979662185453
10++	31.947795779233214
>>END_MODULE
>>Overrepresented sequences	pass
>>END_MODULE
>>Kmer Content	warn
#Sequence	Count	Obs/Exp Overall	Obs/Exp Max	Max Obs/Exp Position
TTTTT	9838015	5.6403594	7.9043865	2
AAAAA	8535300	4.8956127	7.3430214	2
CTCCT	4740615	2.6054823	7.0044975	1
CTCCA	4337205	2.3839724	6.391323	1
GAAGA	4337615	2.341872	5.446524	2
CTGGA	4223835	2.2481651	6.5450554	1
GGAGA	3931090	2.0591457	5.0411544	2
GAAAA	3686970	2.0517282	5.3197913	2
GTTTT	3343200	1.8597791	6.982033	1
GGAAA	3056725	1.6503214	5.7444067	1
GTCCA	2711015	1.4663517	5.136393	1
CTGGG	2833080	1.4629922	5.504756	1
>>END_MODULE
