##FastQC	0.10.1
>>Basic Statistics	pass
#Measure	Value	
Filename	L_parva_NA_FW_1_R1.fastq.gz	
File type	Conventional base calls	
Encoding	Sanger / Illumina 1.9	
Total Sequences	10801489	
Filtered Sequences	0	
Sequence length	100	
%GC	49	
>>END_MODULE
>>Per base sequence quality	pass
#Base	Mean	Median	Lower Quartile	Upper Quartile	10th Percentile	90th Percentile
1	30.744679552976447	33.0	31.0	34.0	26.0	34.0
2	31.064336778012734	34.0	31.0	34.0	27.0	34.0
3	30.799960727636716	34.0	31.0	34.0	27.0	34.0
4	34.28223016289699	37.0	35.0	37.0	30.0	37.0
5	32.774738186559276	37.0	35.0	37.0	22.0	37.0
6	33.15334043297179	37.0	35.0	37.0	19.0	37.0
7	33.76214168250322	37.0	35.0	37.0	28.0	37.0
8	33.87758715488207	37.0	35.0	37.0	30.0	37.0
9	35.44921834387833	39.0	35.0	39.0	30.0	39.0
10-14	35.56143248398438	39.2	35.4	39.4	29.4	39.4
15-19	36.347044949080626	40.0	36.8	41.0	28.0	41.0
20-24	36.12673154599334	40.0	36.4	41.0	27.0	41.0
25-29	35.798635910289775	40.0	36.0	41.0	26.6	41.0
30-34	35.38722553899744	40.0	35.2	41.0	25.0	41.0
35-39	35.00718787937477	39.0	35.0	41.0	24.0	41.0
40-44	34.739506821698384	39.0	34.8	41.0	22.8	41.0
45-49	34.22693834155643	38.4	34.0	41.0	20.8	41.0
50-54	33.57584864457114	37.6	33.0	40.0	17.4	41.0
55-59	32.83073448484741	36.4	32.8	40.0	12.2	41.0
60-64	32.033120618833195	35.2	32.0	39.0	7.4	41.0
65-69	31.30910699441531	35.0	31.0	37.4	2.8	40.0
70-74	30.564346619248518	35.0	31.0	36.2	2.0	39.0
75-79	29.563867166832274	34.2	29.8	35.0	2.0	37.2
80-84	29.50856223618799	35.0	30.0	35.0	2.0	36.2
85-89	29.04338483333178	34.0	30.0	35.0	2.0	35.6
90-94	28.579218031884306	34.0	29.6	35.0	2.0	35.0
95-99	28.060504417492808	34.0	29.0	35.0	2.0	35.0
100	26.94549381108475	33.0	25.0	35.0	2.0	35.0
>>END_MODULE
>>Per sequence quality scores	pass
#Quality	Count
2	296323.0
3	100154.0
4	50603.0
5	39390.0
6	38910.0
7	38852.0
8	38806.0
9	41487.0
10	44528.0
11	46726.0
12	47415.0
13	48391.0
14	48765.0
15	49003.0
16	48847.0
17	47799.0
18	46502.0
19	46302.0
20	45702.0
21	47172.0
22	51525.0
23	60444.0
24	72566.0
25	88264.0
26	108540.0
27	131920.0
28	158462.0
29	188321.0
30	225973.0
31	273586.0
32	341168.0
33	443780.0
34	620185.0
35	942891.0
36	1573814.0
37	2274911.0
38	1702762.0
39	330156.0
40	544.0
>>END_MODULE
>>Per base sequence content	fail
#Base	G	A	T	C
1	32.33767277566466	15.484645959544425	7.7048265608908695	44.472854703900055
2	23.840938203738908	18.278871047720834	38.9559676318525	18.92422311668776
3	23.926462672215102	23.22252016085353	23.421596495545458	29.42942067138591
4	25.78965242608816	30.211233817854094	19.61860956732371	24.380504188734037
5	28.083432692461756	31.115738649049103	21.536370526092792	19.26445813239635
6	22.11352455778647	33.588214270399654	23.330344013783407	20.96791715803047
7	20.4901462250738	18.572723980374885	37.77832734520955	23.15880244934177
8	20.78862634855039	20.95237583573327	30.284716433555065	27.97428138216127
9	22.348881623656798	20.012270846707874	31.4137751183945	26.22507241124083
10-14	24.26078832276028	26.395616240653926	25.123067171716855	24.220528264868943
15-19	24.60831420204724	25.110118842501517	25.65852054099929	24.623046414451956
20-24	24.390706563765487	25.567689919691862	25.49437860796556	24.547224908577093
25-29	24.51309367306394	25.544332906101243	25.420047094369558	24.522526326465265
30-34	24.320482221660907	25.555054445471676	25.433343049867123	24.6911202830003
35-39	24.452800969724795	25.54828921856026	25.368042285448862	24.63086752626608
40-44	24.611904211632076	25.4565493665504	25.20537416390008	24.72617225791744
45-49	24.606184787656208	25.483011044443593	25.13889642096491	24.771907746935284
50-54	24.62379693966362	25.518757124416112	25.107347036237336	24.750098899682925
55-59	24.81411691875547	25.278223284715175	24.997365967365106	24.910293829164253
60-64	24.804110836571596	25.232391491907734	25.0405658581221	24.92293181339857
65-69	24.786565702038708	25.333338419103146	25.022598500884175	24.857497377973974
70-74	24.936370075253063	25.301913357461554	24.94387854987672	24.81783801740866
75-79	24.918647362531736	25.175723511577907	24.918132595475864	24.987496530414493
80-84	24.87604561729415	25.16098566369005	24.997765457492928	24.965203261522877
85-89	24.919982207940382	25.286596254638873	24.79353171013193	24.999889827288815
90-94	24.845340602143402	25.172731858916546	24.847507186439746	25.134420352500303
95-99	24.724803051103653	25.283593632373048	24.91579333935954	25.07580997716376
100	25.034330154615315	24.92758077955745	24.388251087862233	25.649837977965
>>END_MODULE
>>Per base GC content	fail
#Base	%GC
1	76.81052747956471
2	42.765161320426664
3	53.35588334360102
4	50.170156614822204
5	47.347890824858105
6	43.081441715816936
7	43.648948674415564
8	48.76290773071166
9	48.573954034897625
10-14	48.48131658762922
15-19	49.231360616499195
20-24	48.93793147234258
25-29	49.0356199995292
30-34	49.011602504661205
35-39	49.08366849599088
40-44	49.33807646954952
45-49	49.37809253459149
50-54	49.373895839346545
55-59	49.72441074791972
60-64	49.727042649970166
65-69	49.644063080012685
70-74	49.75420809266172
75-79	49.90614389294623
80-84	49.84124887881703
85-89	49.9198720352292
90-94	49.9797609546437
95-99	49.80061302826741
100	50.68416813258032
>>END_MODULE
>>Per sequence GC content	warn
#GC Content	Count
0	6302.0
1	4461.0
2	2324.5
3	2020.0
4	1940.0
5	1774.0
6	1687.0
7	1728.5
8	1771.0
9	1805.5
10	1841.0
11	1887.0
12	1971.0
13	2067.0
14	2203.0
15	2458.0
16	2759.5
17	3195.0
18	3988.5
19	5272.5
20	7255.5
21	10195.5
22	14229.5
23	19566.5
24	26106.5
25	34117.0
26	44053.5
27	56054.0
28	69939.0
29	84604.0
30	99126.5
31	114583.5
32	130323.0
33	143593.0
34	156585.0
35	169702.0
36	180585.0
37	190469.0
38	199722.0
39	209288.5
40	219753.5
41	233670.5
42	246508.0
43	258737.0
44	280135.0
45	302729.0
46	323445.5
47	339670.5
48	349266.0
49	358711.5
50	376389.0
51	389787.0
52	398694.0
53	400914.0
54	385953.5
55	379216.0
56	375097.5
57	355735.5
58	335799.5
59	316943.5
60	296285.5
61	266359.0
62	229103.5
63	201022.0
64	179872.5
65	160607.0
66	137308.0
67	118066.5
68	104332.0
69	86747.0
70	68012.0
71	51559.5
72	40709.0
73	37638.0
74	34369.0
75	29831.5
76	24261.0
77	19063.0
78	16095.5
79	14061.0
80	14674.5
81	13287.0
82	8825.0
83	4793.5
84	2528.0
85	1551.0
86	933.5
87	629.0
88	419.5
89	289.5
90	211.0
91	140.5
92	97.5
93	79.0
94	61.0
95	39.5
96	31.0
97	20.5
98	11.5
99	4.0
100	0.5
>>END_MODULE
>>Per base N content	pass
#Base	N-Count
1	0.0165810472982012
2	0.0023422696630066467
3	0.0056195955946444056
4	0.007878543411931447
5	3.50747938548102
6	0.038513208688172526
7	0.04739161424873922
8	0.05304824177481456
9	0.04784525540876818
10-14	0.05256127187649777
15-19	0.031314201217998744
20-24	0.026687061385703398
25-29	0.02620749787367279
30-34	0.050530070437510975
35-39	0.04803782145220904
40-44	0.03929828563450836
45-49	0.02987180748876382
50-54	0.015336774402121783
55-59	0.005182618803759371
60-64	0.004945614442601385
65-69	0.0010072685349214355
70-74	0.0033365770219272546
75-79	0.004508637651716351
80-84	0.0057436525649380375
85-89	0.0024644750367287323
90-94	0.00998380871378011
95-99	0.01839561193831702
100	0.004527153617431819
>>END_MODULE
>>Sequence Length Distribution	pass
#Length	Count
100	1.0801489E7
>>END_MODULE
>>Sequence Duplication Levels	warn
#Total Duplicate Percentage	45.716669757092525
#Duplication Level	Relative count
1	100.0
2	20.295229962181285
3	8.43479321703062
4	4.918059452645276
5	3.332113374811923
6	2.497661746167297
7	2.0064251148794274
8	1.5769997153430118
9	1.3338213167418975
10++	18.266032288235532
>>END_MODULE
>>Overrepresented sequences	warn
#Sequence	Count	Percentage	Possible Source
TTTTTTTTTTTTTTTTTTTTTTTTTTTTTTTTTTTTTTTTTTTTTTTTTT	13207	0.12227017960209005	No Hit
>>END_MODULE
>>Kmer Content	fail
#Sequence	Count	Obs/Exp Overall	Obs/Exp Max	Max Obs/Exp Position
TTTTT	7368505	6.9869137	11.706029	2
AAAAA	5796440	5.4742384	8.491257	2
CTCCT	2213680	2.1787329	6.912006	1
GAAGA	2194150	2.1724608	5.5514965	2
CTCCA	2203195	2.166673	6.818571	1
CTGGA	2077620	2.0861402	6.8766932	1
GAAAA	2132400	2.062019	5.622547	2
CTCTG	1973795	1.962952	5.2388387	1
CTTCA	1973495	1.9168234	5.5336385	1
CTTTT	1981575	1.9024395	6.536017	1
GTTTT	1925750	1.86818	8.0998955	1
CTGAA	1822895	1.7876292	5.6537275	1
CTTTG	1702110	1.6718634	5.2151327	1
GGAAA	1615830	1.5998574	6.35323	1
CTCAG	1561955	1.5521276	5.5883784	1
CTGGG	1407405	1.4469651	5.677196	1
>>END_MODULE
