##FastQC	0.10.1
>>Basic Statistics	pass
#Measure	Value	
Filename	F_rathbuni_NA_FW_1_R1.fastq.gz	
File type	Conventional base calls	
Encoding	Sanger / Illumina 1.9	
Total Sequences	15690887	
Filtered Sequences	0	
Sequence length	100	
%GC	48	
>>END_MODULE
>>Per base sequence quality	pass
#Base	Mean	Median	Lower Quartile	Upper Quartile	10th Percentile	90th Percentile
1	29.96490032717717	31.0	30.0	34.0	25.0	34.0
2	30.281919881266113	31.0	30.0	34.0	26.0	34.0
3	29.844829932176555	31.0	30.0	34.0	25.0	34.0
4	31.558050223674417	35.0	32.0	37.0	16.0	37.0
5	32.619763688311565	35.0	33.0	37.0	19.0	37.0
6	33.00423953088184	36.0	33.0	37.0	27.0	37.0
7	33.14081453776323	36.0	35.0	37.0	27.0	37.0
8	33.12776811151594	36.0	35.0	37.0	27.0	37.0
9	34.567490161646056	39.0	35.0	39.0	27.0	39.0
10-14	34.61619455930057	39.0	35.0	39.4	26.6	39.4
15-19	34.759133871781756	39.0	33.8	41.0	20.4	41.0
20-24	35.00250567096685	39.0	34.4	41.0	24.2	41.0
25-29	34.68568437208171	39.0	34.0	41.0	22.2	41.0
30-34	34.29378391419172	39.0	33.8	41.0	18.8	41.0
35-39	33.912021990853674	38.0	33.0	40.4	16.2	41.0
40-44	33.66552343407992	38.0	33.0	40.0	14.2	41.0
45-49	33.19904275647387	38.0	32.6	40.0	9.0	41.0
50-54	32.56611448415886	37.2	31.8	40.0	4.8	41.0
55-59	31.22492340936494	35.8	29.6	39.6	2.0	41.0
60-64	31.03104217116598	35.0	30.0	39.0	2.0	40.8
65-69	30.315130941928267	35.0	29.6	37.4	2.0	40.0
70-74	29.529329909775022	34.6	29.0	36.2	2.0	39.0
75-79	28.431711897485464	33.6	28.2	35.2	2.0	37.2
80-84	28.363476354141103	34.0	29.0	35.0	2.0	36.2
85-89	27.85815803784707	34.0	27.8	35.0	2.0	35.4
90-94	26.823238393087657	33.8	25.2	35.0	2.0	35.0
95-99	26.62728423192392	33.6	25.2	35.0	2.0	35.0
100	25.513578932790733	33.0	22.0	35.0	2.0	35.0
>>END_MODULE
>>Per sequence quality scores	pass
#Quality	Count
2	538967.0
3	169492.0
4	91214.0
5	68722.0
6	65995.0
7	63756.0
8	66815.0
9	71955.0
10	78741.0
11	84030.0
12	87361.0
13	90732.0
14	92143.0
15	92128.0
16	89880.0
17	87357.0
18	85248.0
19	84220.0
20	83921.0
21	87531.0
22	97033.0
23	113234.0
24	137183.0
25	167488.0
26	204141.0
27	246463.0
28	290451.0
29	340808.0
30	403575.0
31	484387.0
32	594559.0
33	754239.0
34	1009145.0
35	1428009.0
36	2131357.0
37	2776692.0
38	1984619.0
39	346924.0
40	372.0
>>END_MODULE
>>Per base sequence content	fail
#Base	G	A	T	C
1	35.5303374598032	14.911318483248891	9.00974422727503	40.54859982967288
2	24.486311006254216	19.21627896942451	36.364430712604204	19.932979311717073
3	25.021712563076694	23.17280982267622	23.229826213454555	28.575651400792534
4	26.023909346070006	30.490887999726557	19.34044878114957	24.14475387305387
5	28.249188711853208	31.28720986669157	21.615374049805748	18.848227371649482
6	22.375872337032394	34.28810471607452	23.185471726964558	20.150551219928523
7	19.846852137302758	18.80086526362501	38.96773899108712	22.384543607985123
8	20.939650217022404	21.795061549917445	30.034678200400016	27.23061003266013
9	22.433295941043337	20.68083035106554	31.327331953655996	25.558541754235126
10-14	23.95229290038427	27.089665309095228	25.706869341397432	23.25117244912307
15-19	24.16162786026113	25.78954865270954	26.20544987704353	23.843373609985797
20-24	24.059652497038435	26.110997394088525	26.095825965485776	23.73352414338726
25-29	24.088431040922455	26.189626779608865	25.91979401328483	23.80214816618385
30-34	23.813124314081797	26.118221239509698	26.046365039414717	24.022289406993785
35-39	23.963909975189377	26.158849183182586	26.001455251983142	23.875785589644895
40-44	24.010493592048494	26.083607427050293	25.947728778353778	23.958170202547432
45-49	24.002404999688775	26.11953208435784	25.906390280786784	23.971672635166602
50-54	24.030747368762146	26.108606060593697	25.822942939347637	24.037703631296516
55-59	24.031897756230297	25.968669657412626	25.863152592916943	24.136279993440134
60-64	24.04813890996143	25.932045926617164	25.854275345688276	24.165539817733126
65-69	24.0366864470548	26.242953024018075	25.710991205482063	24.009369323445057
70-74	24.119966410412584	26.186584654074963	25.667061130216783	24.026387805295673
75-79	24.061089404073627	26.024100513625108	25.737366391163224	24.17744369113804
80-84	24.041970133017024	26.085579040411716	25.717137783495573	24.155313043075687
85-89	24.101090355392298	26.058499233393555	25.618969963566613	24.22144044764753
90-94	23.99806045504762	26.008866767096904	25.64750923137163	24.345563546483852
95-99	24.031204380164528	26.130992043232087	25.631801199264963	24.206002377338425
100	24.246600364609478	25.897438479480073	25.326044033057045	24.529917122853405
>>END_MODULE
>>Per base GC content	fail
#Base	%GC
1	76.07893728947607
2	44.41929031797129
3	53.59736396386923
4	50.16866321912388
5	47.09741608350269
6	42.52642355696092
7	42.23139574528788
8	48.170260249682535
9	47.99183769527846
10-14	47.20346534950734
15-19	48.005001470246924
20-24	47.79317664042569
25-29	47.890579207106306
30-34	47.83541372107559
35-39	47.83969556483427
40-44	47.968663794595926
45-49	47.97407763485538
50-54	48.068451000058666
55-59	48.168177749670434
60-64	48.21367872769456
65-69	48.046055770499855
70-74	48.14635421570826
75-79	48.238533095211665
80-84	48.19728317609271
85-89	48.32253080303983
90-94	48.343624001531474
95-99	48.23720675750295
100	48.77651748746288
>>END_MODULE
>>Per sequence GC content	warn
#GC Content	Count
0	14207.0
1	9530.5
2	4247.0
3	3588.5
4	3494.0
5	3398.0
6	3378.5
7	3470.0
8	3569.5
9	3658.0
10	3738.5
11	3820.5
12	3978.0
13	4178.5
14	4329.0
15	4589.5
16	5076.0
17	5818.0
18	7010.5
19	8727.0
20	11355.0
21	15293.5
22	21110.0
23	29509.5
24	40236.5
25	53820.5
26	71249.0
27	89097.0
28	106945.5
29	128652.5
30	152615.0
31	177963.0
32	205391.5
33	229579.0
34	251865.5
35	273275.0
36	290076.5
37	306139.0
38	322553.0
39	339137.0
40	353287.0
41	371093.5
42	390769.5
43	408690.5
44	436264.5
45	464691.0
46	490594.5
47	515926.5
48	532673.0
49	549977.5
50	570543.0
51	591434.0
52	612054.5
53	618136.0
54	604569.0
55	584159.0
56	562818.5
57	537595.5
58	499978.0
59	449325.0
60	399591.5
61	347794.0
62	295892.0
63	252869.5
64	213506.0
65	175046.0
66	141186.5
67	114208.0
68	93048.0
69	73879.5
70	55891.0
71	41363.0
72	30246.5
73	23606.5
74	19216.5
75	14938.0
76	10965.0
77	7797.5
78	5611.5
79	3924.5
80	2999.0
81	2439.0
82	1991.5
83	1580.0
84	1209.5
85	831.5
86	530.5
87	375.0
88	317.5
89	274.0
90	201.5
91	131.0
92	100.0
93	79.0
94	45.5
95	23.0
96	15.0
97	7.5
98	4.0
99	3.0
100	1.5
>>END_MODULE
>>Per base N content	pass
#Base	N-Count
1	0.1266021481131054
2	0.0032375480111481265
3	0.004219009416102481
4	3.7890209775903685
5	0.008489003840254538
6	0.013638489653261796
7	0.014390518521993054
8	0.01685691828639133
9	0.020145451305589035
10-14	0.02237732003295926
15-19	0.1884673568804619
20-24	0.005533147998580322
25-29	0.006505687027126
30-34	0.016631309625771952
35-39	0.01661728874855832
40-44	0.01953618045939659
45-49	0.007892479246074488
50-54	0.00909700006124574
55-59	0.9347553137053374
60-64	0.002409041630342504
65-69	0.0023096208646458294
70-74	0.0034950223017984903
75-79	0.0033943269109005755
80-84	0.003980654503470709
85-89	0.005279497583533678
90-94	0.9975318794915801
95-99	0.010049145086571587
100	0.004301860054183042
>>END_MODULE
>>Sequence Length Distribution	pass
#Length	Count
100	1.5690887E7
>>END_MODULE
>>Sequence Duplication Levels	warn
#Total Duplicate Percentage	41.9260627072656
#Duplication Level	Relative count
1	100.0
2	19.8849810194348
3	8.813795788585704
4	4.887901106388501
5	3.263197170760196
6	2.332825021900652
7	1.8899451672560916
8	1.502222510625872
9	1.262126472210506
10++	18.39005872619318
>>END_MODULE
>>Overrepresented sequences	warn
#Sequence	Count	Percentage	Possible Source
GATCGGAAGAGCACACGTCTGAACTCCAGTCACCGGCTATGATCTCGTAT	27480	0.1751335026502963	TruSeq Adapter, Index 7 (97% over 36bp)
TTTTTTTTTTTTTTTTTTTTTTTTTTTTTTTTTTTTTTTTTTTTTTTTTT	27312	0.17406281748125518	No Hit
>>END_MODULE
>>Kmer Content	fail
#Sequence	Count	Obs/Exp Overall	Obs/Exp Max	Max Obs/Exp Position
TTTTT	12124870	7.0348816	10.828803	2
AAAAA	8863000	5.054039	7.0869584	2
CTCCT	3377880	2.4129179	6.6176963	1
CTCCA	3269845	2.3276684	6.46382	1
TCCAG	3167310	2.2544873	5.1739974	7
CTGGA	3159815	2.248962	6.548157	1
GAAGA	3345525	2.2063267	5.108845	2
GAAAA	3202030	1.9636185	5.0440617	2
GTTTT	2966790	1.8447434	6.7587867	1
CTCAG	2337435	1.6637832	5.3727045	1
GGAAA	2439445	1.6087795	6.181907	1
CTGGG	2069675	1.5841506	5.5951405	1
GAGCA	2100505	1.4898407	5.184752	9
GTCAG	1788385	1.2728624	5.076772	1
>>END_MODULE
