##FastQC	0.10.1
>>Basic Statistics	pass
#Measure	Value	
Filename	L_parva_NA_BW_1_R1.fastq.gz	
File type	Conventional base calls	
Encoding	Sanger / Illumina 1.9	
Total Sequences	13536496	
Filtered Sequences	0	
Sequence length	100	
%GC	50	
>>END_MODULE
>>Per base sequence quality	pass
#Base	Mean	Median	Lower Quartile	Upper Quartile	10th Percentile	90th Percentile
1	30.992680085008704	33.0	31.0	34.0	27.0	34.0
2	31.311121208915512	34.0	31.0	34.0	28.0	34.0
3	31.047430516730476	34.0	31.0	34.0	27.0	34.0
4	34.56007485245812	37.0	35.0	37.0	31.0	37.0
5	33.0836533324429	37.0	35.0	37.0	26.0	37.0
6	33.48167273125926	37.0	35.0	37.0	23.0	37.0
7	34.09175860577213	37.0	35.0	37.0	30.0	37.0
8	34.21553657608291	37.0	35.0	37.0	30.0	37.0
9	35.813520648179555	39.0	37.0	39.0	30.0	39.0
10-14	35.932943695325584	39.2	37.0	39.4	30.0	39.4
15-19	36.731593862990835	40.0	37.0	41.0	30.0	41.0
20-24	36.51102406413004	40.0	37.0	41.0	29.4	41.0
25-29	36.18010155656235	40.0	36.0	41.0	27.8	41.0
30-34	35.76507435897739	40.0	35.4	41.0	26.8	41.0
35-39	35.37544144363504	39.2	35.0	41.0	25.4	41.0
40-44	35.096873400620076	39.0	35.0	41.0	24.6	41.0
45-49	34.559943341319645	38.4	34.0	40.8	23.4	41.0
50-54	33.883802337030204	37.6	33.4	40.0	21.6	41.0
55-59	33.11348914815178	36.4	33.0	39.8	19.4	41.0
60-64	32.29687691703968	35.0	32.0	39.0	15.8	40.8
65-69	31.56621533371709	35.0	31.6	37.4	11.4	40.0
70-74	30.830504600304245	35.0	31.0	36.2	6.6	39.0
75-79	29.84197473260436	34.2	30.2	35.0	2.0	37.2
80-84	29.82107555751503	35.0	31.0	35.0	2.0	36.2
85-89	29.370018991620878	34.2	30.0	35.0	2.0	35.4
90-94	28.91171663626983	34.0	30.0	35.0	2.0	35.0
95-99	28.38917911991404	34.0	29.2	35.0	2.0	35.0
100	27.235291983981675	33.0	27.0	35.0	2.0	35.0
>>END_MODULE
>>Per sequence quality scores	pass
#Quality	Count
2	276448.0
3	100768.0
4	54777.0
5	44746.0
6	45359.0
7	45296.0
8	46275.0
9	49168.0
10	53032.0
11	56140.0
12	57440.0
13	59267.0
14	60288.0
15	60946.0
16	60286.0
17	59489.0
18	57559.0
19	56555.0
20	56962.0
21	59076.0
22	64470.0
23	75210.0
24	90708.0
25	112494.0
26	136483.0
27	168589.0
28	204690.0
29	241224.0
30	291088.0
31	355023.0
32	442935.0
33	580599.0
34	811350.0
35	1236354.0
36	2055350.0
37	2890740.0
38	2043785.0
39	375055.0
40	472.0
>>END_MODULE
>>Per base sequence content	fail
#Base	G	A	T	C
1	31.46363393277174	14.157082176302113	8.806608759875573	45.57267513105057
2	24.579231114971055	18.21259363430075	37.168203831925304	20.039971418802892
3	24.61054481172639	23.021761794915893	23.36699362107922	29.000699772278498
4	26.2224135545226	30.637441683892362	19.16246592201232	23.977678839572718
5	28.571773909145364	31.565656295206047	20.95963996575911	18.90292982988948
6	22.145646094724658	34.05400128310895	22.74091493901094	21.05943768315545
7	20.60385029507813	17.866158816541876	38.04004530384976	23.48994558453023
8	21.044540731246364	20.585845918959187	29.615987042008296	28.753626307786156
9	22.637312346365093	19.82344185500612	30.8935586106981	26.645687187930683
10-14	24.738242680773386	26.028899770140796	24.67994413557465	24.552913413511167
15-19	25.03171013072723	24.679717407910708	25.314431392744176	24.974141068617882
20-24	24.847463014123125	25.187383222396875	25.19589729956852	24.76925646391148
25-29	24.960294211296734	25.288167439244823	24.984433876596004	24.767104472862435
30-34	24.677129739251985	25.22804419993061	25.15747603737993	24.937350023437478
35-39	24.880362016624137	25.182525909090725	24.986907926332456	24.95020414795268
40-44	24.991753114727146	25.095272624334637	24.914988129776695	24.997986131161525
45-49	24.989861767852002	25.12893057217139	24.83061182573884	25.050595834237765
50-54	25.003315984018258	25.1832110724312	24.779278705501312	25.034194238049235
55-59	25.252067133937505	24.884147014204224	24.638469962947052	25.225315888911222
60-64	25.24166410347803	24.854342252845633	24.702406743632213	25.201586900044127
65-69	25.220384590210294	24.96133752726541	24.673241343218592	25.145036539305703
70-74	25.36388578602797	24.90650945161042	24.643300197039405	25.086304565322198
75-79	25.37530917396683	24.801463615278436	24.582208264022622	25.241018946732108
80-84	25.25368247152258	24.749901368669384	24.693474539936798	25.302941619871238
85-89	25.300485960975514	24.945575157345974	24.428877319672335	25.325061562006173
90-94	25.22951271171821	24.79307354875759	24.555233303267084	25.42218043625712
95-99	25.163916012463126	24.890388439978846	24.569645194261366	25.37605035329666
100	25.50247685838626	24.49769675404593	24.10440918691979	25.895417200648023
>>END_MODULE
>>Per base GC content	fail
#Base	%GC
1	77.03630906382232
2	44.61920253377395
3	53.61124458400488
4	50.20009239409532
5	47.474703739034844
6	43.20508377788011
7	44.09379587960836
8	49.79816703903252
9	49.28299953429578
10-14	49.29115609428455
15-19	50.005851199345116
20-24	49.616719478034604
25-29	49.72739868415917
30-34	49.61447976268946
35-39	49.830566164576815
40-44	49.98973924588867
45-49	50.040457602089774
50-54	50.037510222067496
55-59	50.47738302284872
60-64	50.44325100352215
65-69	50.365421129515994
70-74	50.45019035135018
75-79	50.61632812069894
80-84	50.55662409139382
85-89	50.625547522981684
90-94	50.65169314797533
95-99	50.539966365759796
100	51.397894059034286
>>END_MODULE
>>Per sequence GC content	warn
#GC Content	Count
0	9179.0
1	6356.5
2	3110.0
3	2697.5
4	2644.5
5	2475.0
6	2385.5
7	2380.0
8	2350.0
9	2447.5
10	2526.0
11	2552.0
12	2607.5
13	2731.5
14	2872.0
15	3045.0
16	3365.0
17	3913.0
18	4852.5
19	6164.0
20	8333.0
21	11503.0
22	15675.0
23	21268.5
24	28554.5
25	37785.5
26	48902.0
27	62171.5
28	76979.0
29	92815.0
30	109373.0
31	127363.0
32	145253.0
33	161213.0
34	178480.0
35	195646.5
36	209171.0
37	221121.0
38	233814.5
39	247399.5
40	260329.5
41	279968.0
42	296533.5
43	309598.5
44	335096.0
45	360641.0
46	387462.0
47	410113.0
48	421404.5
49	437279.0
50	462817.5
51	482717.5
52	501412.0
53	509806.0
54	496611.0
55	493642.5
56	495830.5
57	476226.0
58	451125.5
59	426101.5
60	398330.0
61	356366.5
62	305695.5
63	269429.0
64	241516.5
65	217707.5
66	188941.0
67	164230.0
68	145892.0
69	121161.0
70	95378.5
71	72515.5
72	57123.0
73	53223.0
74	47120.5
75	40248.5
76	33680.5
77	26756.5
78	22723.0
79	19556.5
80	19899.5
81	17805.0
82	11479.0
83	6265.0
84	3607.5
85	2189.0
86	1268.0
87	881.5
88	582.5
89	361.5
90	254.5
91	199.5
92	142.5
93	115.0
94	91.5
95	53.0
96	36.5
97	28.5
98	22.0
99	12.5
100	4.5
>>END_MODULE
>>Per base N content	pass
#Base	N-Count
1	0.016377945961791
2	0.0023935293151196584
3	0.004905257608763745
4	0.007380048721618948
5	3.4307696762884574
6	0.03914602420005886
7	0.04816608374870425
8	0.05347765034614571
9	0.0476415757815021
10-14	0.05297087222572223
15-19	0.03123112510061688
20-24	0.02669967176143664
25-29	0.026466228778850895
30-34	0.050840335637819416
35-39	0.048415779090837094
40-44	0.03935139492524506
45-49	0.029976738441026392
50-54	0.01515901899575784
55-59	0.005004249253277954
60-64	0.004590552828442457
65-69	8.421677219865467E-4
70-74	0.003116020571350222
75-79	0.004352677384162046
80-84	0.0054386304993552246
85-89	0.002262032951511233
90-94	0.009427846024554655
95-99	0.017957379812323662
100	0.004425074258508258
>>END_MODULE
>>Sequence Length Distribution	pass
#Length	Count
100	1.3536496E7
>>END_MODULE
>>Sequence Duplication Levels	warn
#Total Duplicate Percentage	49.960887467656946
#Duplication Level	Relative count
1	100.0
2	22.202848258920135
3	8.8969438765869
4	5.207778598546667
5	3.5568878734259846
6	2.539897957430726
7	2.1344763017299138
8	1.729054646029101
9	1.3914895810070262
10++	24.129460067684803
>>END_MODULE
>>Overrepresented sequences	warn
#Sequence	Count	Percentage	Possible Source
TTTTTTTTTTTTTTTTTTTTTTTTTTTTTTTTTTTTTTTTTTTTTTTTTT	21389	0.15800987197868635	No Hit
>>END_MODULE
>>Kmer Content	fail
#Sequence	Count	Obs/Exp Overall	Obs/Exp Max	Max Obs/Exp Position
TTTTT	9140770	7.411613	11.774694	2
AAAAA	6794585	5.4950953	8.858778	2
AAGAA	2832850	2.275411	5.1644416	2
GAAGA	2793585	2.2285485	5.79367	2
CTCCT	2827180	2.2033608	6.4720464	1
CTCCA	2771615	2.1589446	6.6650305	1
CTGGA	2630145	2.0727856	6.5496984	1
GAAAA	2560805	2.0568979	5.6633525	2
CTTCA	2458525	1.9405099	5.6704793	1
AAAAT	2397230	1.9397489	5.1616883	3
CTTTT	2350990	1.881257	5.889316	1
GTTTT	2263895	1.8221605	7.6587677	1
CTGAA	2267070	1.7989358	5.578283	1
CTTTG	2083210	1.6547441	5.201776	1
TTTCA	2035060	1.6276125	5.03126	6
GGAAA	1972760	1.5737455	6.075032	1
CTCAG	1971210	1.5444527	5.4434443	1
CTGGG	1787350	1.3989695	5.1268573	1
>>END_MODULE
