##FastQC	0.10.1
>>Basic Statistics	pass
#Measure	Value	
Filename	F_rathbuni_NA_BW_1_R2.fastq.gz	
File type	Conventional base calls	
Encoding	Sanger / Illumina 1.9	
Total Sequences	13514086	
Filtered Sequences	0	
Sequence length	100	
%GC	48	
>>END_MODULE
>>Per base sequence quality	fail
#Base	Mean	Median	Lower Quartile	Upper Quartile	10th Percentile	90th Percentile
1	28.973431055566763	31.0	30.0	34.0	22.0	34.0
2	28.864708201501752	31.0	30.0	34.0	16.0	34.0
3	28.94704688130592	31.0	30.0	34.0	16.0	34.0
4	32.26484906193434	35.0	33.0	37.0	22.0	37.0
5	32.2234425620793	35.0	33.0	37.0	20.0	37.0
6	32.128053721132154	35.0	33.0	37.0	19.0	37.0
7	32.11544761517723	35.0	33.0	37.0	19.0	37.0
8	32.04353287377334	35.0	33.0	37.0	18.0	37.0
9	33.358388573226485	38.0	33.0	39.0	18.0	39.0
10-14	33.42438284024536	38.2	33.0	39.4	17.2	39.4
15-19	34.00204926918476	38.8	33.0	41.0	16.6	41.0
20-24	33.736097594761496	39.0	33.0	41.0	12.6	41.0
25-29	33.482469047481274	38.0	32.8	40.4	9.8	41.0
30-34	33.112240147058415	38.0	32.0	40.0	8.2	41.0
35-39	32.67527094322176	38.0	31.6	40.0	3.0	41.0
40-44	32.201318520542195	38.0	31.0	40.0	2.0	41.0
45-49	31.773659557886486	37.0	30.0	40.0	2.0	41.0
50-54	30.928840544599172	36.0	29.4	39.2	2.0	40.6
55-59	30.930390660530055	35.8	29.8	39.8	2.0	41.0
60-64	30.175903379629226	35.0	29.0	38.8	2.0	40.8
65-69	29.33858391903085	34.8	28.2	37.4	2.0	40.0
70-74	28.637894623432175	34.0	27.6	36.2	2.0	39.0
75-79	27.872589208030792	34.0	26.4	35.0	2.0	37.6
80-84	27.19436003293157	34.0	25.8	35.0	2.0	36.2
85-89	26.60648767515613	33.2	24.8	35.0	2.0	35.4
90-94	26.05905084517	33.0	23.6	35.0	2.0	35.0
95-99	25.36054806814164	33.0	15.8	35.0	2.0	35.0
100	23.996511861771488	31.0	2.0	34.0	2.0	35.0
>>END_MODULE
>>Per sequence quality scores	pass
#Quality	Count
2	810785.0
3	113350.0
4	74752.0
5	61767.0
6	62460.0
7	62715.0
8	65629.0
9	71669.0
10	77654.0
11	80129.0
12	79011.0
13	78567.0
14	80122.0
15	81376.0
16	81189.0
17	79628.0
18	79513.0
19	78952.0
20	80890.0
21	84631.0
22	93745.0
23	109404.0
24	131548.0
25	159049.0
26	189431.0
27	222188.0
28	258677.0
29	301764.0
30	354853.0
31	423288.0
32	516992.0
33	647032.0
34	844489.0
35	1158527.0
36	1695625.0
37	2204180.0
38	1614203.0
39	303925.0
40	377.0
>>END_MODULE
>>Per base sequence content	fail
#Base	G	A	T	C
1	37.510473847210626	14.199124490001362	8.410329063852718	39.88007259893529
2	25.819912472810095	17.418823614975356	37.21017286508687	19.551091047127684
3	25.99905486604777	21.983857195028435	23.053189923349667	28.963898015574124
4	27.326654777051957	28.577914334960823	19.642218930189326	24.453211957797887
5	29.20693648602398	29.800020447852386	22.04137825039972	18.95166481572391
6	22.666857458338104	33.387015082066824	23.424921231811435	20.52120622778364
7	20.395666269047467	18.847105682386285	38.45415930338241	22.303068745183836
8	20.936194883740693	21.533973200095286	30.501514044048445	27.028317872115576
9	22.354254463138993	20.54584391579237	31.674122195663777	25.42577942540486
10-14	24.157101724663494	26.729094039315765	25.93057266371131	23.18323157230943
15-19	24.427438124939783	25.374936664565812	26.36453223384752	23.83309297664688
20-24	24.307524302485376	25.794152538530636	26.17791812711456	23.720405031869426
25-29	24.25564239288633	25.991262192942656	26.02413493529374	23.728960478877273
30-34	24.129581006757576	25.834405413736654	26.159079223966557	23.876934355539213
35-39	24.13821121997313	25.927307793140344	26.0497200068053	23.88476098008123
40-44	24.30558871528073	25.805254220948616	25.928705379231197	23.960451684539454
45-49	24.27146693368639	25.87173015136408	25.885491841471964	23.971311073477565
50-54	24.16048960338125	25.93974973684656	25.952418826329154	23.947341833443033
55-59	24.357032562534524	25.764243915706704	25.842400690910218	24.036322830848555
60-64	24.284448205619817	25.74353925664856	25.785052943572552	24.18695959415907
65-69	24.23420674670791	25.87600532239606	25.843587221037918	24.046200709858113
70-74	24.329344367316423	25.89801035122854	25.735766823884976	24.036878457570065
75-79	24.29880329704034	25.828532902565353	25.730791076602717	24.14187272379159
80-84	24.2924968665069	25.885558094925038	25.71806631826221	24.10387872030585
85-89	24.425242895590053	25.84398150243818	25.60419363201114	24.126581969960633
90-94	24.329660025848828	25.78451234262584	25.62548146758426	24.260346163941072
95-99	24.40747814850674	25.881470667480027	25.614580697013324	24.09647048699991
100	24.84068294874124	25.53192418635894	25.191740845349013	24.43565201955081
>>END_MODULE
>>Per base GC content	fail
#Base	%GC
1	77.39054644614592
2	45.37100351993778
3	54.962952881621895
4	51.77986673484985
5	48.15860130174789
6	43.188063686121744
7	42.6987350142313
8	47.96451275585627
9	47.78003388854385
10-14	47.34033329697292
15-19	48.260531101586665
20-24	48.0279293343548
25-29	47.9846028717636
30-34	48.00651536229679
35-39	48.02297220005436
40-44	48.266040399820184
45-49	48.242778007163956
50-54	48.107831436824284
55-59	48.39335539338308
60-64	48.47140779977889
65-69	48.280407456566024
70-74	48.366222824886485
75-79	48.44067602083193
80-84	48.39637558681275
85-89	48.551824865550685
90-94	48.590006189789904
95-99	48.50394863550665
100	49.27633496829205
>>END_MODULE
>>Per sequence GC content	warn
#GC Content	Count
0	21315.0
1	13585.0
2	5246.0
3	4578.5
4	4251.0
5	3865.5
6	3729.0
7	3651.0
8	3637.5
9	3732.5
10	3782.0
11	3799.5
12	3785.0
13	3871.0
14	4068.0
15	4244.0
16	4645.0
17	5383.0
18	6347.0
19	7632.0
20	9822.5
21	13020.5
22	17800.0
23	24629.5
24	33352.5
25	44333.5
26	58775.0
27	73814.5
28	88049.5
29	105796.0
30	125728.0
31	147734.0
32	170841.5
33	191313.0
34	209907.0
35	228034.0
36	244727.0
37	257751.5
38	270531.0
39	284195.0
40	294473.5
41	308149.5
42	324189.0
43	338537.0
44	359953.0
45	381964.5
46	402955.5
47	424053.5
48	441447.5
49	460678.0
50	481224.0
51	502721.0
52	524368.0
53	534159.0
54	528422.5
55	514295.0
56	496231.5
57	477169.5
58	447911.0
59	403771.5
60	359310.5
61	313964.0
62	268360.5
63	230551.5
64	195744.0
65	162081.0
66	132326.5
67	108735.0
68	90006.5
69	71944.0
70	54436.5
71	40524.0
72	30129.5
73	23738.5
74	19444.0
75	15549.5
76	11886.5
77	8607.5
78	6187.0
79	4361.0
80	3314.5
81	2678.0
82	2193.5
83	1775.5
84	1370.5
85	1010.5
86	706.5
87	496.5
88	367.0
89	296.5
90	224.0
91	149.5
92	106.5
93	79.5
94	51.5
95	23.5
96	11.0
97	10.0
98	5.0
99	4.0
100	4.0
>>END_MODULE
>>Per base N content	pass
#Base	N-Count
1	0.031419068962562476
2	0.2916660438597179
3	0.06749994043252353
4	0.039795514102840546
5	0.04850494513650424
6	0.04040228839745433
7	0.0457818604972619
8	0.03871515987096723
9	0.037708802504290706
10-14	0.049730333224163294
15-19	0.04620808244079548
20-24	0.08293420657527265
25-29	0.037156785889922564
30-34	0.05765687742404481
35-39	0.04286934388311574
40-44	0.04612816582638293
45-49	0.041222173663834905
50-54	0.04156551911834807
55-59	0.04519728526220715
60-64	0.04626136018373718
65-69	0.04131688965128681
70-74	0.036166707833589336
75-79	0.04023357554480562
80-84	0.05028826958774718
85-89	0.05474140093529077
90-94	0.03987247084264522
95-99	0.04197694168884229
100	0.04060947962000538
>>END_MODULE
>>Sequence Length Distribution	pass
#Length	Count
100	1.3514086E7
>>END_MODULE
>>Sequence Duplication Levels	warn
#Total Duplicate Percentage	43.54666280747128
#Duplication Level	Relative count
1	100.0
2	20.800979103095255
3	8.562190412397563
4	4.985652501095703
5	3.282145426579672
6	2.5163941882292624
7	2.0276695857831584
8	1.600965871972347
9	1.3446128656131384
10++	20.268426406013546
>>END_MODULE
>>Overrepresented sequences	warn
#Sequence	Count	Percentage	Possible Source
TTTTTTTTTTTTTTTTTTTTTTTTTTTTTTTTTTTTTTTTTTTTTTTTTT	40502	0.29970210342009074	No Hit
>>END_MODULE
>>Kmer Content	fail
#Sequence	Count	Obs/Exp Overall	Obs/Exp Max	Max Obs/Exp Position
TTTTT	12270585	8.136448	12.372748	2
AAAAA	7431240	5.203929	6.5950227	2
CTCCT	2992020	2.4688258	7.3883033	1
CTCCA	2798895	2.334816	6.686323	1
CTGGA	2748840	2.226602	6.835501	1
CTCTG	2736480	2.2250092	5.145217	1
GAAGA	2844850	2.1896799	5.248573	2
GGGGG	2405610	2.1336505	5.287822	1
GGAGA	2512215	2.027233	5.1013083	1
GTTTT	2596175	1.8246065	7.174838	1
GGAAG	2095395	1.6908798	5.081507	1
CTCAG	2046125	1.681945	5.264963	1
GGAAA	2142805	1.6493161	6.089032	1
CTGGG	1843970	1.565931	5.9752674	1
GGGAG	1764645	1.4928969	5.3775015	1
GTCAG	1557505	1.2616028	5.0883355	1
>>END_MODULE
