##FastQC	0.10.1
>>Basic Statistics	pass
#Measure	Value	
Filename	F_heteroclitus_MDPP_FW_2_R2.fastq.gz	
File type	Conventional base calls	
Encoding	Sanger / Illumina 1.9	
Total Sequences	10865487	
Filtered Sequences	0	
Sequence length	100	
%GC	48	
>>END_MODULE
>>Per base sequence quality	pass
#Base	Mean	Median	Lower Quartile	Upper Quartile	10th Percentile	90th Percentile
1	29.610240847925176	31.0	30.0	34.0	25.0	34.0
2	29.619033458877638	31.0	30.0	34.0	25.0	34.0
3	29.666511588481953	31.0	30.0	34.0	25.0	34.0
4	33.00837173704225	37.0	35.0	37.0	26.0	37.0
5	32.94454210842091	37.0	35.0	37.0	26.0	37.0
6	32.829647764522655	37.0	35.0	37.0	25.0	37.0
7	32.866030395140136	37.0	35.0	37.0	25.0	37.0
8	32.81270273481529	37.0	35.0	37.0	25.0	37.0
9	34.19127168437089	39.0	35.0	39.0	25.0	39.0
10-14	34.25122840789372	38.2	35.0	39.4	24.6	39.4
15-19	34.92638156025588	39.0	35.0	41.0	22.8	41.0
20-24	34.597879432371506	39.0	34.0	41.0	18.6	41.0
25-29	34.33983174431114	39.0	34.0	41.0	17.4	41.0
30-34	33.99233981873063	39.0	33.4	41.0	15.6	41.0
35-39	33.54914847351067	38.0	33.0	40.0	10.0	41.0
40-44	33.064610799313456	38.0	32.4	40.0	7.6	41.0
45-49	32.574082744749504	38.0	31.8	40.0	2.8	41.0
50-54	31.84152066078584	37.0	31.0	39.6	2.0	40.6
55-59	31.79745395673475	36.4	31.0	40.0	2.0	41.0
60-64	31.0126980042404	35.0	30.2	39.0	2.0	41.0
65-69	30.250279587099964	35.0	30.0	37.8	2.0	40.0
70-74	29.50627645129942	35.0	29.0	36.4	2.0	39.2
75-79	28.772229408585183	34.0	29.0	35.2	2.0	37.6
80-84	28.096769762827932	34.0	27.8	35.0	2.0	36.4
85-89	27.531984714536954	34.0	27.0	35.0	2.0	35.6
90-94	26.99388899917694	34.0	25.6	35.0	2.0	35.0
95-99	26.32672324765563	33.6	24.6	35.0	2.0	35.0
100	25.05756787523652	32.0	19.0	35.0	2.0	35.0
>>END_MODULE
>>Per sequence quality scores	pass
#Quality	Count
2	537295.0
3	82290.0
4	55804.0
5	44971.0
6	43963.0
7	44790.0
8	47817.0
9	51690.0
10	56582.0
11	57453.0
12	55736.0
13	54900.0
14	54716.0
15	55627.0
16	55658.0
17	54765.0
18	54629.0
19	55360.0
20	57621.0
21	60726.0
22	67483.0
23	78605.0
24	93809.0
25	113042.0
26	133582.0
27	157845.0
28	185269.0
29	219716.0
30	260942.0
31	315693.0
32	392203.0
33	500900.0
34	668088.0
35	948930.0
36	1462381.0
37	1950164.0
38	1450811.0
39	283206.0
40	425.0
>>END_MODULE
>>Per base sequence content	fail
#Base	G	A	T	C
1	39.16365403209329	15.68461516434239	6.1720436780527566	38.97968712551156
2	24.714250801449545	17.263951538983864	39.55469111571979	18.4671065438468
3	25.10339781656739	21.768876357140943	23.087825231102187	30.03990059518948
4	27.74501167508217	26.994066190934348	20.349945844082338	24.910976289901143
5	29.35964139962576	28.040036293168807	22.926876115400784	19.673446191804647
6	23.786524653752824	31.711262548418624	24.05211748219398	20.450095315634574
7	21.265548207361487	20.243524741593692	36.57865407733921	21.91227297370561
8	20.723140714633285	21.97044588966398	31.133637998746906	26.17277539695583
9	21.945049942208623	20.829987646126728	32.45519787192194	24.76976453974271
10-14	24.26552187603469	26.584857571222674	25.872583406149623	23.27703714659301
15-19	24.45125477883132	25.46126191052487	26.181614888842958	23.905868421800854
20-24	24.334415851377443	25.829136750497163	26.016652243507615	23.819795154617783
25-29	24.331391916915372	25.80814201794233	25.89167936300763	23.968786702134672
30-34	24.26474352472457	25.84998728261953	25.829117593525414	24.05615159913049
35-39	24.237168198887755	25.86596880068245	25.872538869052956	24.02432413137684
40-44	24.395232753628697	25.81838898618675	25.714166543969668	24.072211716214884
45-49	24.376207443371385	25.748009361193823	25.671385759569947	24.20439743586485
50-54	24.249616132530686	25.874400604801924	25.78524440817735	24.090738854490038
55-59	24.439797715816987	25.702381827192035	25.623918312763088	24.233902144227887
60-64	24.391827858219788	25.706038584434953	25.606753707446554	24.295379849898698
65-69	24.292267838597116	25.76066782116434	25.736854326509317	24.21021001372923
70-74	24.501563544167045	25.766025024589872	25.588612519721355	24.14379891152173
75-79	24.396221972653727	25.622807558640716	25.62252943259653	24.35844103610903
80-84	24.417958747381387	25.732127694885833	25.648836503312978	24.2010770544198
85-89	24.55489819223408	25.676875123696192	25.522045810805217	24.246180873264514
90-94	24.491212632254364	25.618410533164955	25.48300733196888	24.407369502611797
95-99	24.454158059437738	25.71237776390294	25.581525228134964	24.251938948524355
100	25.06894222520875	25.342436230629083	24.995316662678693	24.593304881483473
>>END_MODULE
>>Per base GC content	fail
#Base	%GC
1	78.14334115760485
2	43.18135734529635
3	55.14329841175687
4	52.65598796498332
5	49.03308759143041
6	44.2366199693874
7	43.1778211810671
8	46.895916111589116
9	46.714814481951336
10-14	47.5425590226277
15-19	48.357123200632174
20-24	48.15421100599522
25-29	48.300178619050044
30-34	48.32089512385506
35-39	48.261492330264595
40-44	48.467444469843585
45-49	48.58060487923623
50-54	48.340354987020724
55-59	48.67369986004488
60-64	48.68720770811849
65-69	48.50247785232635
70-74	48.645362455688776
75-79	48.754663008762755
80-84	48.61903580180119
85-89	48.8010790654986
90-94	48.89858213486617
95-99	48.70609700796209
100	49.66224710669223
>>END_MODULE
>>Per sequence GC content	warn
#GC Content	Count
0	3263.0
1	2369.5
2	1418.5
3	1308.0
4	1152.5
5	987.0
6	933.5
7	927.5
8	967.5
9	1066.5
10	1141.5
11	1192.5
12	1314.0
13	1464.0
14	1650.0
15	1976.0
16	2424.5
17	3041.0
18	3963.0
19	5375.0
20	7363.5
21	10422.0
22	15015.5
23	20578.0
24	27619.0
25	37085.0
26	48345.5
27	61900.0
28	76439.0
29	91086.5
30	107008.5
31	123019.0
32	138070.5
33	152584.0
34	168343.5
35	184828.5
36	198280.5
37	208779.0
38	220947.0
39	233254.0
40	240738.0
41	248520.0
42	260119.5
43	273736.0
44	290165.0
45	304833.0
46	319728.0
47	338855.5
48	354823.5
49	367952.0
50	383110.0
51	395082.5
52	404382.5
53	411164.0
54	411680.5
55	408425.5
56	394221.0
57	375429.0
58	357341.5
59	330831.5
60	298756.0
61	263770.0
62	228610.0
63	195550.0
64	163812.0
65	136247.5
66	112945.0
67	93015.0
68	75976.5
69	61527.5
70	48415.5
71	35915.5
72	27015.0
73	20985.0
74	16453.5
75	12724.5
76	9449.0
77	6914.0
78	4956.0
79	3403.0
80	2584.5
81	1997.5
82	1571.0
83	1304.5
84	934.5
85	662.5
86	460.5
87	321.0
88	230.5
89	181.0
90	136.5
91	90.0
92	56.5
93	33.5
94	21.0
95	16.5
96	11.5
97	8.5
98	7.5
99	3.0
100	2.5
>>END_MODULE
>>Per base N content	pass
#Base	N-Count
1	0.04452630609194047
2	0.053278789988888665
3	0.0482997218624439
4	0.04765548014552868
5	0.04639460707099461
6	0.04835494258103663
7	0.046670710663958274
8	0.040421566009880644
9	0.05278180352155408
10-14	0.03806180063535118
15-19	0.043004054949400794
20-24	0.045505553501651606
25-29	0.027976656729698356
30-34	0.043806596059615184
35-39	0.037811466711064126
40-44	0.08721008087350342
45-49	0.06639186996404303
50-54	0.06250433137511462
55-59	0.08026515516515734
60-64	0.0777305241817509
65-69	0.07158261751175994
70-74	0.06397688387092083
75-79	0.06535187976387989
80-84	0.08169721246732889
85-89	0.07584197560587942
90-94	0.05449364579792879
95-99	0.06868352978564146
100	0.07220108955999854
>>END_MODULE
>>Sequence Length Distribution	pass
#Length	Count
100	1.0865487E7
>>END_MODULE
>>Sequence Duplication Levels	warn
#Total Duplicate Percentage	42.49997630623714
#Duplication Level	Relative count
1	100.0
2	23.92121312015823
3	9.140431844404153
4	5.048623701994396
5	3.379759353881655
6	2.4328333608043513
7	1.8625350255480468
8	1.6119993406955662
9	1.3045986484259107
10++	16.12411405966705
>>END_MODULE
>>Overrepresented sequences	pass
>>END_MODULE
>>Kmer Content	warn
#Sequence	Count	Obs/Exp Overall	Obs/Exp Max	Max Obs/Exp Position
TTTTT	6669620	5.6283994	8.75942	2
AAAAA	5508910	4.8951316	6.1044307	2
CTCCT	2417580	2.4685695	7.703959	1
TCCTC	2408315	2.459109	5.025222	2
CTCCA	2261735	2.3334	6.5882387	1
CTCTG	2268660	2.2837477	6.0646057	1
CTGGA	2224165	2.2301955	6.6823015	1
GGGGG	1874720	2.0242267	5.6194525	1
CTTTT	2091700	1.880948	5.548284	1
GTTTT	2109210	1.8698703	7.928409	1
CTCAG	1625680	1.6534716	5.6013656	1
GGAAA	1684030	1.6177006	5.3433166	1
CTGGG	1502000	1.5659238	6.052295	1
GTGGA	1549580	1.5318074	5.2457604	1
GTCCA	1466620	1.4916924	5.250914	1
GTTTG	1478030	1.3765204	5.0471992	1
GTCCT	1352335	1.3613287	5.1066546	1
GTCAG	1264165	1.2675927	5.1035137	1
>>END_MODULE
