##FastQC	0.10.1
>>Basic Statistics	pass
#Measure	Value	
Filename	F_similis_NA_transfer_1_R2.fastq.gz	
File type	Conventional base calls	
Encoding	Sanger / Illumina 1.9	
Total Sequences	14555376	
Filtered Sequences	0	
Sequence length	100	
%GC	49	
>>END_MODULE
>>Per base sequence quality	fail
#Base	Mean	Median	Lower Quartile	Upper Quartile	10th Percentile	90th Percentile
1	28.698041053697274	31.0	30.0	34.0	16.0	34.0
2	28.595898862385965	31.0	29.0	34.0	16.0	34.0
3	28.669371646599853	31.0	29.0	34.0	16.0	34.0
4	31.950086483509597	35.0	32.0	37.0	18.0	37.0
5	31.88918183906757	35.0	32.0	37.0	17.0	37.0
6	31.768676535734976	35.0	32.0	37.0	17.0	37.0
7	31.748956261933735	35.0	32.0	37.0	17.0	37.0
8	31.661153720797046	35.0	32.0	37.0	17.0	37.0
9	32.93341085795379	37.0	32.0	39.0	17.0	39.0
10-14	32.99294737559511	37.2	32.2	39.4	15.4	39.4
15-19	33.518940287080184	38.0	32.4	41.0	10.4	41.0
20-24	33.200602540257286	38.0	32.0	40.0	9.2	41.0
25-29	32.87935116207235	38.0	32.0	40.0	5.4	41.0
30-34	32.4499936106082	38.0	31.0	40.0	2.0	41.0
35-39	31.961047285896292	38.0	30.2	40.0	2.0	41.0
40-44	31.420693096488883	37.2	30.0	40.0	2.0	41.0
45-49	30.9287652204931	36.8	29.2	40.0	2.0	41.0
50-54	30.047716926034752	35.0	28.0	39.0	2.0	40.4
55-59	29.985284736031552	35.0	28.0	39.0	2.0	41.0
60-64	29.178526435868093	35.0	27.2	38.4	2.0	40.4
65-69	28.314329001188288	34.0	26.0	36.6	2.0	39.6
70-74	27.602075755377257	34.0	25.6	35.6	2.0	38.8
75-79	26.842678553958343	33.6	24.4	35.0	2.0	36.8
80-84	26.1673339939827	33.0	22.8	35.0	2.0	36.0
85-89	25.563766762191513	33.0	19.6	35.0	2.0	35.0
90-94	24.97660015103698	33.0	14.2	35.0	2.0	35.0
95-99	24.20199662310338	32.4	2.0	35.0	2.0	35.0
100	22.78138654748596	31.0	2.0	34.0	2.0	35.0
>>END_MODULE
>>Per sequence quality scores	pass
#Quality	Count
2	950002.0
3	140743.0
4	92055.0
5	77045.0
6	77490.0
7	80445.0
8	84572.0
9	93719.0
10	101351.0
11	103629.0
12	99953.0
13	97051.0
14	96393.0
15	98052.0
16	97209.0
17	97283.0
18	96934.0
19	97034.0
20	99209.0
21	104393.0
22	115285.0
23	133130.0
24	157991.0
25	189277.0
26	222647.0
27	259316.0
28	300624.0
29	347582.0
30	405582.0
31	479806.0
32	580832.0
33	720648.0
34	930041.0
35	1272759.0
36	1806492.0
37	2185754.0
38	1425529.0
39	237225.0
40	294.0
>>END_MODULE
>>Per base sequence content	fail
#Base	G	A	T	C
1	36.53948313728627	14.175988643606138	7.4395141864895695	41.845014032618025
2	27.066319313929437	17.188160718764202	36.700150373951104	19.04536959335525
3	27.36504541188016	22.007874811451224	21.3594705139347	29.267609262733906
4	29.181547492227516	28.130217338174372	18.444927039395896	24.24330813020222
5	30.681641894566482	28.783660703368046	21.550823306923643	18.98387409514183
6	23.759180766109434	32.51882613754077	22.991757241794904	20.73023585455489
7	21.582416114126563	19.048181011333792	36.74216136959244	22.627241504947207
8	21.63238418192477	21.28522720321865	30.2935356857883	26.78885292906828
9	22.566336466541603	20.17746905095459	31.84474097149983	25.411453511003984
10-14	24.510100609361633	26.410104518945012	25.66684378014153	23.412951091551832
15-19	24.833764293030782	25.090460984716046	25.995570511895714	24.080204210357454
20-24	24.628272699974822	25.53416382772698	25.82775373803676	24.009809734261438
25-29	24.59719047881126	25.508248900548875	25.79893466763881	24.09562595300105
30-34	24.523479062378957	25.530959772454825	25.732475711909746	24.213085453256472
35-39	24.539481329555876	25.575651602746035	25.714405776361225	24.170461291336863
40-44	24.716123371543254	25.486477595342077	25.54327759636483	24.254121436749834
45-49	24.681638815774757	25.519531931872454	25.477455692558472	24.321373559794317
50-54	24.579680820648324	25.56921794049688	25.560318696312688	24.290782542542104
55-59	24.70383153362726	25.492635816493557	25.435886050957667	24.367646598921517
60-64	24.669266205451432	25.427206123201618	25.42567475093756	24.477852920409386
65-69	24.617826017336434	25.54935115211207	25.448911102659206	24.38391172789229
70-74	24.79813224172298	25.4728407446869	25.349445596028342	24.379581417561784
75-79	24.73750351910791	25.360474795750847	25.349106982681242	24.55291470246
80-84	24.74819440105857	25.43727978398813	25.352921284229346	24.461604530723953
85-89	24.839024896162023	25.391748692651895	25.25561272506706	24.513613686119022
90-94	24.765520739348005	25.361009834128183	25.227985067851428	24.64548435867238
95-99	24.803953739790664	25.466915056077866	25.240551867885657	24.48857933624581
100	25.35538701225009	25.10659273561125	24.75069025136614	24.78733000077252
>>END_MODULE
>>Per base GC content	fail
#Base	%GC
1	78.3844971699043
2	46.11168890728469
3	56.632654674614066
4	53.42485562242973
5	49.66551598970831
6	44.48941662066432
7	44.209657619073774
8	48.421237110993054
9	47.97778997754559
10-14	47.92305170091346
15-19	48.91396850338824
20-24	48.63808243423626
25-29	48.69281643181231
30-34	48.73656451563543
35-39	48.70994262089274
40-44	48.97024480829309
45-49	49.00301237556908
50-54	48.87046336319043
55-59	49.071478132548776
60-64	49.14711912586082
65-69	49.00173774522872
70-74	49.17771365928476
75-79	49.29041822156792
80-84	49.20979893178252
85-89	49.352638582281045
90-94	49.41100509802039
95-99	49.29253307603648
100	50.14271701302261
>>END_MODULE
>>Per sequence GC content	warn
#GC Content	Count
0	21590.0
1	15887.5
2	9276.0
3	8409.5
4	7224.0
5	5130.5
6	4045.0
7	3771.0
8	3748.5
9	3706.0
10	3686.5
11	3788.5
12	3933.0
13	4070.0
14	4281.5
15	4676.0
16	5229.5
17	6041.0
18	7327.0
19	9041.5
20	11619.5
21	15603.0
22	20653.0
23	27161.5
24	36379.0
25	48915.5
26	59389.5
27	69580.5
28	84267.0
29	100888.5
30	120351.5
31	139728.5
32	158050.0
33	177457.0
34	195450.0
35	210920.0
36	226308.5
37	243443.5
38	259984.0
39	276766.5
40	293100.5
41	313770.5
42	335581.5
43	355949.0
44	385566.0
45	411593.5
46	429612.0
47	450884.0
48	475420.0
49	491796.0
50	506766.5
51	528010.0
52	547159.0
53	561020.0
54	563584.0
55	558793.5
56	547609.0
57	528216.5
58	503016.0
59	469843.0
60	427391.0
61	379852.5
62	330522.0
63	283462.0
64	240972.5
65	201485.5
66	166654.5
67	137985.5
68	115147.5
69	93371.0
70	72903.5
71	56189.0
72	42879.0
73	33622.5
74	26407.5
75	20414.5
76	15522.5
77	11530.5
78	8452.5
79	6084.5
80	4506.5
81	3544.5
82	3014.0
83	2579.0
84	1932.0
85	1265.5
86	913.0
87	653.5
88	495.5
89	411.0
90	303.0
91	203.5
92	151.5
93	105.0
94	70.0
95	43.5
96	25.0
97	17.0
98	10.5
99	5.0
100	2.0
>>END_MODULE
>>Per base N content	pass
#Base	N-Count
1	0.029391202260937815
2	0.25811081761130733
3	0.06006028288104684
4	0.036632512962908
5	0.04499368480759274
6	0.037044731788447104
7	0.04159974981065415
8	0.035629447154096196
9	0.03440653130499686
10-14	0.04473398694750311
15-19	0.041668452948244006
20-24	0.07421725141281131
25-29	0.03452195257614781
30-34	0.05524007074774296
35-39	0.039570259126249986
40-44	0.04419398028604689
45-49	0.03845039798353543
50-54	0.04002507389709479
55-59	0.04287762816982536
60-64	0.043513819223907374
65-69	0.038488871740585746
70-74	0.033561482712641706
75-79	0.03795023914188132
80-84	0.04802486723805692
85-89	0.05199041233974306
90-94	0.03746931717875237
95-99	0.039496059737652946
100	0.03850123830535192
>>END_MODULE
>>Sequence Length Distribution	pass
#Length	Count
100	1.4555376E7
>>END_MODULE
>>Sequence Duplication Levels	warn
#Total Duplicate Percentage	39.729388571347535
#Duplication Level	Relative count
1	100.0
2	18.4570733811821
3	7.636192493234498
4	4.260109032435189
5	2.8089579166176413
6	2.1916303878887713
7	1.6762756402714045
8	1.4174216574498961
9	1.1311134643291367
10++	17.302427736596464
>>END_MODULE
>>Overrepresented sequences	warn
#Sequence	Count	Percentage	Possible Source
TTTTTTTTTTTTTTTTTTTTTTTTTTTTTTTTTTTTTTTTTTTTTTTTTT	25596	0.17585255097497995	No Hit
>>END_MODULE
>>Kmer Content	fail
#Sequence	Count	Obs/Exp Overall	Obs/Exp Max	Max Obs/Exp Position
TTTTT	14886310	9.906024	13.638398	10-14
AAAAA	9093780	6.367119	7.6135488	2
GGAGG	3343515	2.4786024	5.1113286	1
CTCCT	3167920	2.403571	6.752388	1
CTCCA	2969475	2.2760386	6.323719	1
CTGGA	2977260	2.1957026	7.353406	1
CTCTG	2921840	2.1745408	5.190529	1
GGGGG	2870275	2.1583824	6.2304845	1
GAAGA	2976340	2.1442904	5.4211884	2
GAAAA	2896090	2.0568933	5.34023	2
GGAGA	2775190	2.0281267	5.421468	2
CTTTT	2751345	1.912703	6.5420647	1
GTTTT	2728990	1.8609418	6.9950867	1
GGAAA	2323145	1.673699	6.1608534	1
GGAAG	2248705	1.6433679	5.168217	1
CTCAG	2155710	1.62076	5.1763287	1
CTGGG	2079225	1.5554624	6.8359423	1
GGGAG	2055445	1.523735	5.854406	1
GGGGA	1900805	1.4090979	5.55204	1
GGGAA	1815480	1.3267645	5.1137342	1
CGGGG	1412005	1.0824621	5.289807	1
>>END_MODULE
