##FastQC	0.10.1
>>Basic Statistics	pass
#Measure	Value	
Filename	F_sciadicus_NA_FW_2_R2.fastq.gz	
File type	Conventional base calls	
Encoding	Sanger / Illumina 1.9	
Total Sequences	5886392	
Filtered Sequences	0	
Sequence length	100	
%GC	50	
>>END_MODULE
>>Per base sequence quality	fail
#Base	Mean	Median	Lower Quartile	Upper Quartile	10th Percentile	90th Percentile
1	29.22736525192342	31.0	30.0	34.0	23.0	34.0
2	29.231126809087808	31.0	30.0	34.0	22.0	34.0
3	29.27192565496827	31.0	30.0	34.0	22.0	34.0
4	32.56584270976177	37.0	33.0	37.0	23.0	37.0
5	32.485229492021595	37.0	33.0	37.0	22.0	37.0
6	32.356482884592126	37.0	33.0	37.0	22.0	37.0
7	32.39876990862994	37.0	33.0	37.0	22.0	37.0
8	32.34162624575462	37.0	33.0	37.0	22.0	37.0
9	33.67441057272435	38.0	34.0	39.0	21.0	39.0
10-14	33.72089585606939	38.2	34.0	39.4	18.2	39.4
15-19	34.33955380477549	39.0	34.0	41.0	17.2	41.0
20-24	33.990983271246634	39.0	33.6	41.0	14.6	41.0
25-29	33.70825792777647	39.0	33.0	41.0	10.0	41.0
30-34	33.344551433203904	38.2	33.0	40.2	8.2	41.0
35-39	32.86040239929655	38.0	32.0	40.0	3.6	41.0
40-44	32.32849507813955	38.0	31.2	40.0	2.0	41.0
45-49	31.794855184636027	37.2	30.6	40.0	2.0	41.0
50-54	31.058190416132664	36.0	29.8	39.4	2.0	40.6
55-59	30.979171383761052	35.6	30.0	39.6	2.0	41.0
60-64	30.164592062506205	35.0	29.0	38.8	2.0	40.6
65-69	29.377127551138283	35.0	29.0	37.2	2.0	39.8
70-74	28.612615775503905	34.0	27.8	35.8	2.0	38.8
75-79	27.881895191485718	34.0	26.8	35.0	2.0	37.2
80-84	27.22481506498378	34.0	25.8	35.0	2.0	36.0
85-89	26.66548068834016	33.6	24.8	35.0	2.0	35.0
90-94	26.10915158215763	33.0	23.6	35.0	2.0	35.0
95-99	25.402352748508765	33.0	18.6	35.0	2.0	35.0
100	24.082668636407497	32.0	2.0	34.0	2.0	35.0
>>END_MODULE
>>Per sequence quality scores	pass
#Quality	Count
2	349000.0
3	50408.0
4	33971.0
5	27801.0
6	26507.0
7	27013.0
8	28987.0
9	31074.0
10	33207.0
11	33747.0
12	33001.0
13	32445.0
14	31842.0
15	32713.0
16	33221.0
17	32558.0
18	32776.0
19	33133.0
20	33828.0
21	36334.0
22	39814.0
23	45796.0
24	54955.0
25	65138.0
26	77361.0
27	90572.0
28	106920.0
29	124711.0
30	147882.0
31	178520.0
32	220277.0
33	280835.0
34	373629.0
35	525582.0
36	785781.0
37	1013751.0
38	673669.0
39	107513.0
40	120.0
>>END_MODULE
>>Per base sequence content	fail
#Base	G	A	T	C
1	36.274104900912036	13.353429319540796	7.830126371528964	42.5423394080182
2	26.743733438038074	18.048106390898848	33.90567394330646	21.302486227756614
3	26.695283127902155	22.823562604953462	21.19521174255043	29.285942524593956
4	29.075193484211503	28.981389653024404	18.06610119222137	23.877315670542725
5	30.08106065331559	29.941095777955713	20.822371401003362	19.15547216772534
6	22.885989357456612	33.087421960460645	22.82883004767865	21.197758634404092
7	21.370877620632236	18.673706971203405	36.83752611263048	23.117889295533875
8	21.398829988752638	20.65002550965781	29.99193072249945	27.959213779090103
9	22.205578279740045	19.853348982000917	31.55843901991296	26.38263371834608
10-14	24.77934411577284	26.196158896980936	24.772223333298438	24.252273653947782
15-19	25.022260018980035	24.7678593164761	25.41807111424707	24.7918095502968
20-24	24.902359544351565	25.327817602482455	25.21348535211308	24.556337501052905
25-29	24.915049663090883	25.322130195758774	25.1344241243663	24.628396016784045
30-34	24.780640337717223	25.331888447125205	25.122701737789527	24.76476947736805
35-39	24.95690128095647	25.28730326692369	24.979239197482816	24.776556254637022
40-44	25.20614601007821	25.237034669638252	24.806888915837636	24.749930404445898
45-49	25.11573722666055	25.2343380705785	24.810719914228503	24.83920478853245
50-54	25.034017079290273	25.34692797096375	24.803025284663338	24.816029665082638
55-59	25.300279121593288	24.959990440687307	24.743814364349912	24.995916073369493
60-64	25.235710364142495	24.96264208605585	24.743343497424338	25.058304052377316
65-69	25.089481039213616	24.946410660065894	24.85698062269854	25.107127678021946
70-74	25.347416415626654	25.0335277214742	24.655177677714605	24.963878185184537
75-79	25.284858354929934	24.935023208728964	24.682068887553474	25.098049548787632
80-84	25.308553688505025	24.893959110600402	24.702151054947706	25.095336145946867
85-89	25.417791123938617	25.032206568973773	24.516711049909155	25.03329125717845
90-94	25.362917628638886	24.958728667894558	24.576578960546133	25.10177474292042
95-99	25.288495561500824	24.9900626048246	24.605174055121253	25.11626777855332
100	25.76751343735039	24.525323557252904	24.054948290681985	25.652214714714717
>>END_MODULE
>>Per base GC content	fail
#Base	%GC
1	78.81644430893023
2	48.046219665794695
3	55.9812256524961
4	52.952509154754225
5	49.23653282104093
6	44.083747991860704
7	44.488766916166114
8	49.358043767842744
9	48.58821199808613
10-14	49.031617769720626
15-19	49.81406956927683
20-24	49.45869704540447
25-29	49.54344567987493
30-34	49.54540981508527
35-39	49.73345753559349
40-44	49.956076414524105
45-49	49.954942015193
50-54	49.85004674437291
55-59	50.29619519496278
60-64	50.294014416519815
65-69	50.19660871723557
70-74	50.311294600811195
75-79	50.382907903717566
80-84	50.40388983445189
85-89	50.45108238111706
90-94	50.46469237155931
95-99	50.404763340054146
100	51.41972815206511
>>END_MODULE
>>Per sequence GC content	warn
#GC Content	Count
0	5282.0
1	3312.0
2	1249.0
3	1118.0
4	964.5
5	802.5
6	727.5
7	698.5
8	693.5
9	698.5
10	702.0
11	694.5
12	727.0
13	779.0
14	833.0
15	917.5
16	1059.0
17	1234.0
18	1522.5
19	2048.0
20	2740.0
21	3711.0
22	5265.0
23	7331.0
24	9990.5
25	13519.0
26	17183.0
27	21686.5
28	27476.5
29	33673.0
30	40815.5
31	49339.0
32	58282.0
33	66339.5
34	73817.0
35	80801.0
36	87452.5
37	94284.5
38	100123.0
39	105924.0
40	111539.0
41	117392.0
42	124986.0
43	135283.5
44	150282.0
45	162049.0
46	170983.5
47	181197.0
48	192318.0
49	203622.0
50	214783.5
51	225770.5
52	234773.0
53	241845.0
54	242250.0
55	242703.5
56	237290.5
57	223900.5
58	209743.5
59	189850.0
60	171428.0
61	157250.0
62	136260.5
63	110484.5
64	92249.0
65	80559.0
66	70384.0
67	60199.0
68	51431.0
69	43141.0
70	33020.0
71	24226.0
72	18068.5
73	14068.0
74	12651.0
75	11880.5
76	11239.5
77	11321.5
78	8940.0
79	5500.0
80	4549.5
81	4794.0
82	4644.0
83	3705.0
84	2712.0
85	1995.0
86	1427.0
87	958.5
88	609.0
89	352.5
90	233.5
91	154.5
92	81.5
93	48.5
94	30.0
95	15.5
96	17.0
97	13.5
98	7.0
99	5.5
100	1.0
>>END_MODULE
>>Per base N content	pass
#Base	N-Count
1	0.044679321390760245
2	0.05405688238228103
3	0.04811096508693271
4	0.048195906762580544
5	0.047108653314288276
6	0.04817891842745098
7	0.046632979930660415
8	0.039854634213963326
9	0.05159357378849387
10-14	0.03749665329797947
15-19	0.042888750868103925
20-24	0.04523653878301003
25-29	0.028193840981028787
30-34	0.04507005309874028
35-39	0.03782282933246715
40-44	0.08951493546471251
45-49	0.06747426946761276
50-54	0.06385575408501507
55-59	0.08150323661760889
60-64	0.07881907966713736
65-69	0.07223440097091734
70-74	0.06450810615399043
75-79	0.06637342535121685
80-84	0.08302539144521805
85-89	0.07674310511430431
90-94	0.055256258842428435
95-99	0.06907117296979202
100	0.0727100743545452
>>END_MODULE
>>Sequence Length Distribution	pass
#Length	Count
100	5886392.0
>>END_MODULE
>>Sequence Duplication Levels	warn
#Total Duplicate Percentage	37.633400472817485
#Duplication Level	Relative count
1	100.0
2	15.476849820538456
3	5.802470023808325
4	3.146870751724485
5	2.2923604767419277
6	1.7715983226279788
7	1.3831845612722709
8	1.1817848331619039
9	0.94370158314572
10++	11.85812827724111
>>END_MODULE
>>Overrepresented sequences	warn
#Sequence	Count	Percentage	Possible Source
TTTTTTTTTTTTTTTTTTTTTTTTTTTTTTTTTTTTTTTTTTTTTTTTTT	8020	0.1362464477391244	No Hit
>>END_MODULE
>>Kmer Content	warn
#Sequence	Count	Obs/Exp Overall	Obs/Exp Max	Max Obs/Exp Position
TTTTT	3291525	6.1792645	9.196317	2
AAAAA	2539470	4.666038	7.7354746	2
CTCCT	1273145	2.3420281	5.2903595	1
CTCCA	1252690	2.2945154	5.7361574	1
GAAGA	1256265	2.253156	5.5944448	2
AAGAA	1227415	2.2281737	5.031743	2
CTGGA	1196195	2.1493344	6.685816	1
GAAAA	1113570	2.0215065	6.0675364	2
CTTTT	1033860	1.9277894	5.058287	1
GTTTT	995155	1.8378748	7.2778106	1
CTGAA	1004310	1.8264905	5.02601	1
GGAAA	921520	1.6527789	6.7881036	1
GGAAG	920885	1.6318033	5.0059104	1
CTGGG	850580	1.5099742	5.8447833	1
GGGAG	821260	1.4377902	5.049963	1
>>END_MODULE
