##FastQC	0.10.1
>>Basic Statistics	pass
#Measure	Value	
Filename	F_rathbuni_NA_BW_1_R1.fastq.gz	
File type	Conventional base calls	
Encoding	Sanger / Illumina 1.9	
Total Sequences	13514086	
Filtered Sequences	0	
Sequence length	100	
%GC	48	
>>END_MODULE
>>Per base sequence quality	pass
#Base	Mean	Median	Lower Quartile	Upper Quartile	10th Percentile	90th Percentile
1	29.954192166603054	31.0	30.0	34.0	25.0	34.0
2	30.269865457419762	31.0	30.0	34.0	26.0	34.0
3	29.833372527006265	31.0	30.0	34.0	25.0	34.0
4	31.489709477947677	35.0	32.0	37.0	16.0	37.0
5	32.586709304647016	35.0	33.0	37.0	19.0	37.0
6	32.99483250291585	35.0	33.0	37.0	27.0	37.0
7	33.14344832495516	35.0	35.0	37.0	27.0	37.0
8	33.13127569263656	36.0	35.0	37.0	27.0	37.0
9	34.57211327499322	39.0	35.0	39.0	27.0	39.0
10-14	34.61815433170989	38.6	35.0	39.4	26.6	39.4
15-19	34.752191705750576	39.0	33.8	41.0	21.2	41.0
20-24	34.995782371075634	39.0	34.0	41.0	24.4	41.0
25-29	34.67650460415895	39.0	34.0	41.0	22.4	41.0
30-34	34.27918614695807	38.8	33.6	41.0	19.4	41.0
35-39	33.891988226210785	38.0	33.0	40.0	16.8	41.0
40-44	33.648643792854365	38.0	33.0	40.0	14.6	41.0
45-49	33.18115009775725	38.0	32.6	40.0	9.4	41.0
50-54	32.539112537836445	37.2	31.6	40.0	5.0	41.0
55-59	31.183470091873026	35.8	29.6	39.6	2.0	41.0
60-64	30.99619488879973	35.0	30.0	38.8	2.0	40.6
65-69	30.280916178866995	35.0	29.6	37.4	2.0	40.0
70-74	29.497188222718137	34.4	29.0	36.2	2.0	39.0
75-79	28.401040884303978	33.4	28.0	35.0	2.0	37.0
80-84	28.340260288413145	34.0	29.0	35.0	2.0	36.2
85-89	27.834692305495174	34.0	27.8	35.0	2.0	35.4
90-94	26.783821399390234	33.6	25.0	35.0	2.0	35.0
95-99	26.588865898885064	33.4	25.0	35.0	2.0	35.0
100	25.488699790722066	33.0	21.0	35.0	2.0	35.0
>>END_MODULE
>>Per sequence quality scores	pass
#Quality	Count
2	457322.0
3	142006.0
4	76252.0
5	58171.0
6	55685.0
7	54981.0
8	57043.0
9	62450.0
10	67697.0
11	72694.0
12	76326.0
13	78530.0
14	79639.0
15	79752.0
16	77906.0
17	75815.0
18	73860.0
19	72242.0
20	72507.0
21	76102.0
22	84000.0
23	98627.0
24	119589.0
25	146502.0
26	178793.0
27	215797.0
28	256444.0
29	302013.0
30	357855.0
31	429077.0
32	525277.0
33	665923.0
34	888422.0
35	1246559.0
36	1843612.0
37	2359040.0
38	1647064.0
39	282192.0
40	320.0
>>END_MODULE
>>Per base sequence content	fail
#Base	G	A	T	C
1	36.24782549008291	15.30286002923869	8.457416500337942	39.991897980340454
2	24.516978020469573	18.73506275410014	36.645276146974396	20.10268307845589
3	24.610110141221114	22.834745248476345	23.4595990989791	29.09554551132344
4	26.02457367021377	29.811101107495038	19.508216962026662	24.65610826026453
5	28.184565700339377	30.839575461295848	21.771839307571515	19.204019530793264
6	22.489138280254906	33.86700016866036	23.282434019867583	20.361427531217153
7	20.131506313219244	19.138418805578926	38.46907125359203	22.2610036276098
8	20.85182154953547	21.783431523939672	30.352846010412236	27.01190091611262
9	22.343089997587988	20.610120925421516	31.555844329048533	25.490944747941963
10-14	23.974261241600434	27.010033762055567	25.742790608866123	23.27291438747788
15-19	24.202588765035248	25.76123329290002	26.157429838094497	23.87874810397023
20-24	24.07539051749099	26.015591750601608	26.081832655260822	23.827185076646572
25-29	24.1038772541793	26.07774293295678	25.92062081367389	23.897758999190028
30-34	23.89284525817933	26.043664490240065	26.04251292088935	24.020977330691256
35-39	23.95642912554076	26.11178746654261	25.963059990843668	23.968723417072958
40-44	24.09217625707599	26.002530446113543	25.835371975223442	24.069921321587028
45-49	24.08011850924618	26.01858369409141	25.82423262712975	24.077065169532656
50-54	24.090024853964	26.05481784675202	25.774844621098232	24.080312678185752
55-59	24.105440561685032	25.90697644534111	25.800994077789934	24.186588915183922
60-64	24.12012651626425	25.864696374492734	25.775898075655025	24.239279033587984
65-69	24.109224120559226	26.162574208753714	25.649707687779433	24.078493982907627
70-74	24.19236692711394	26.1219440137762	25.588244113104103	24.09744494600575
75-79	24.15333472323702	25.957215011297247	25.653332555058306	24.236117710407427
80-84	24.112535550510888	26.03227867841358	25.637181571273455	24.218004199802078
85-89	24.208163664787026	25.988182119578383	25.545797857149104	24.257856358485483
90-94	24.079363043454272	25.94823624572871	25.56664893402119	24.405751776795825
95-99	24.12261867002074	26.0658748104194	25.560327519503474	24.251179000056393
100	24.3668481542611	25.820075977333488	25.20702994574908	24.60604592265633
>>END_MODULE
>>Per base GC content	fail
#Base	%GC
1	76.23972347042337
2	44.61966109892546
3	53.70565565254456
4	50.6806819304783
5	47.38858523113264
6	42.85056581147206
7	42.392509940829044
8	47.86372246564809
9	47.834034745529955
10-14	47.247175629078306
15-19	48.08133686900548
20-24	47.902575594137566
25-29	48.00163625336933
30-34	47.91382258887059
35-39	47.92515254261372
40-44	48.16209757866302
45-49	48.157183678778836
50-54	48.17033753214975
55-59	48.292029476868954
60-64	48.359405549852234
65-69	48.18771810346686
70-74	48.28981187311969
75-79	48.38945243364444
80-84	48.330539750312965
85-89	48.46602002327251
90-94	48.4851148202501
95-99	48.37379767007713
100	48.97289407691743
>>END_MODULE
>>Per sequence GC content	warn
#GC Content	Count
0	12431.0
1	8591.5
2	4162.0
3	3477.0
4	3361.0
5	3234.5
6	3134.5
7	3151.0
8	3221.0
9	3299.5
10	3395.5
11	3507.5
12	3660.0
13	3821.0
14	3968.0
15	4308.0
16	4713.5
17	5302.5
18	6356.5
19	7977.5
20	10442.5
21	13748.0
22	18474.0
23	25497.0
24	34291.0
25	45677.0
26	60720.0
27	76085.5
28	91074.5
29	109186.0
30	129296.0
31	151840.5
32	174841.0
33	194923.5
34	214087.0
35	232593.5
36	248843.5
37	262130.0
38	274980.0
39	288018.0
40	299415.5
41	313964.5
42	329709.5
43	345082.5
44	367209.5
45	388797.0
46	410033.5
47	431055.5
48	448182.5
49	466670.0
50	487108.5
51	509073.5
52	530542.0
53	538664.5
54	529986.0
55	513550.0
56	494441.5
57	473995.5
58	442493.5
59	396919.0
60	350410.5
61	304239.0
62	259325.5
63	221774.5
64	186839.5
65	153412.0
66	124317.0
67	101515.5
68	83300.0
69	65733.5
70	49408.5
71	36340.0
72	26446.0
73	20829.5
74	17054.5
75	13233.0
76	9745.0
77	6961.5
78	4903.0
79	3366.5
80	2663.5
81	2253.5
82	1887.5
83	1538.5
84	1167.5
85	846.5
86	585.5
87	371.0
88	280.0
89	249.0
90	183.0
91	121.0
92	99.0
93	80.0
94	46.0
95	23.5
96	16.5
97	11.5
98	5.0
99	2.5
100	1.0
>>END_MODULE
>>Per base N content	pass
#Base	N-Count
1	0.1200007162896551
2	0.0034556536046906907
3	0.0038922351093518275
4	3.9292557410097877
5	0.007888065829979179
6	0.012749659873409123
7	0.013933609716557967
8	0.015546741377848268
9	0.01875820532738951
10-14	0.021330336361630377
15-19	0.19263603916683675
20-24	0.00505842570485344
25-29	0.005737716927360089
30-34	0.01546830470073966
35-39	0.015716934167800914
40-44	0.018324583697336246
45-49	0.007501802193651869
50-54	0.008517039184152003
55-59	0.9561726927000463
60-64	0.002320541692571736
65-69	0.0023412608148268405
70-74	0.0034156952974844176
75-79	0.003254382131355387
80-84	0.003676164262977163
85-89	0.004666242319310385
90-94	1.0239627008441414
95-99	0.010093172412843902
100	0.004306617554453923
>>END_MODULE
>>Sequence Length Distribution	pass
#Length	Count
100	1.3514086E7
>>END_MODULE
>>Sequence Duplication Levels	warn
#Total Duplicate Percentage	42.12261966573582
#Duplication Level	Relative count
1	100.0
2	19.93421265315359
3	8.153913296479487
4	4.675427536934666
5	3.173794976238968
6	2.403581935150163
7	1.8564316425823555
8	1.496783370510458
9	1.2486664726990593
10++	18.696860957553422
>>END_MODULE
>>Overrepresented sequences	warn
#Sequence	Count	Percentage	Possible Source
GATCGGAAGAGCACACGTCTGAACTCCAGTCACTAATGCGCATCTCGTAT	22709	0.16803948117541948	TruSeq Adapter, Index 3 (97% over 36bp)
TTTTTTTTTTTTTTTTTTTTTTTTTTTTTTTTTTTTTTTTTTTTTTTTTT	22570	0.16701092474918391	No Hit
>>END_MODULE
>>Kmer Content	fail
#Sequence	Count	Obs/Exp Overall	Obs/Exp Max	Max Obs/Exp Position
TTTTT	10658810	7.241736	10.793379	2
AAAAA	7862105	5.2975516	6.9529853	65-69
CTCCT	2984615	2.4622617	7.2394266	1
CTCCA	2831935	2.3324358	6.6699758	1
CTGGA	2747930	2.264636	6.406008	1
GAAGA	2869955	2.209657	5.2317915	2
GAAAA	2736600	1.9710807	5.0779624	2
GTTTT	2523330	1.8295537	6.7650642	1
CTCAG	2052270	1.6908071	5.3775477	1
GGAAA	2085035	1.6053255	6.0317564	1
CTGGG	1760985	1.5513332	5.4088583	1
>>END_MODULE
