##FastQC	0.10.1
>>Basic Statistics	pass
#Measure	Value	
Filename	F_sciadicus_NA_transfer_1_R2.fastq.gz	
File type	Conventional base calls	
Encoding	Sanger / Illumina 1.9	
Total Sequences	10812137	
Filtered Sequences	0	
Sequence length	100	
%GC	49	
>>END_MODULE
>>Per base sequence quality	fail
#Base	Mean	Median	Lower Quartile	Upper Quartile	10th Percentile	90th Percentile
1	28.543207230910966	31.0	30.0	34.0	16.0	34.0
2	28.41257237121579	31.0	28.0	34.0	16.0	34.0
3	28.508139695233236	31.0	28.0	34.0	16.0	34.0
4	31.766930996157374	35.0	32.0	37.0	17.0	37.0
5	31.692897343050685	35.0	32.0	37.0	16.0	37.0
6	31.568067718712776	35.0	32.0	37.0	15.0	37.0
7	31.54492973960652	35.0	32.0	37.0	15.0	37.0
8	31.463591795035523	35.0	32.0	37.0	13.0	37.0
9	32.74354144791173	37.0	32.0	39.0	12.0	39.0
10-14	32.82231943601899	37.2	32.2	39.4	10.4	39.4
15-19	33.37578724723892	38.2	32.2	41.0	9.6	41.0
20-24	33.07802353965734	38.0	32.0	40.6	6.6	41.0
25-29	32.79152080666385	38.0	32.0	40.0	2.0	41.0
30-34	32.3951667464073	38.0	31.0	40.0	2.0	41.0
35-39	31.9537605193127	38.0	30.2	40.0	2.0	41.0
40-44	31.47059568335103	37.4	30.0	40.0	2.0	41.0
45-49	31.039358010354476	37.0	29.8	40.0	2.0	41.0
50-54	30.19657625499936	35.6	28.4	39.2	2.0	40.4
55-59	30.16861010917638	35.2	28.6	39.4	2.0	41.0
60-64	29.396264346261983	35.0	27.8	38.6	2.0	40.6
65-69	28.554883054108547	34.4	26.4	36.8	2.0	39.8
70-74	27.861332352706967	34.0	26.0	35.8	2.0	38.8
75-79	27.118662184913127	34.0	25.2	35.0	2.0	37.0
80-84	26.471561116918885	33.2	23.8	35.0	2.0	36.0
85-89	25.906531151057372	33.0	22.0	35.0	2.0	35.0
90-94	25.364184545571334	33.0	18.8	35.0	2.0	35.0
95-99	24.659650594512446	33.0	5.6	35.0	2.0	35.0
100	23.30576416114594	31.0	2.0	34.0	2.0	35.0
>>END_MODULE
>>Per sequence quality scores	pass
#Quality	Count
2	786008.0
3	105988.0
4	67530.0
5	55073.0
6	54025.0
7	55254.0
8	58411.0
9	64728.0
10	69923.0
11	70937.0
12	66631.0
13	64390.0
14	64440.0
15	65223.0
16	64875.0
17	64737.0
18	64403.0
19	64634.0
20	66361.0
21	70097.0
22	77232.0
23	90077.0
24	108414.0
25	129518.0
26	154240.0
27	179801.0
28	209019.0
29	241452.0
30	285253.0
31	339440.0
32	412206.0
33	516965.0
34	675077.0
35	929419.0
36	1341826.0
37	1714381.0
38	1166314.0
39	197548.0
40	287.0
>>END_MODULE
>>Per base sequence content	fail
#Base	G	A	T	C
1	39.16024988108897	12.428180373948248	8.225775248575172	40.18579449638761
2	28.3959641676214	19.01657735043873	28.502182490110396	24.085275991829473
3	28.788140460888794	23.214533955068404	19.654930371336214	28.342395212706585
4	32.28839919453	27.103317914249814	17.997385729287057	22.61089716193313
5	31.341727593995888	28.392388348220855	21.296893839777393	18.968990218005864
6	24.414314259158765	32.30966884708785	23.094060677054777	20.181956216698612
7	22.67174821658566	20.517178823716872	35.219926752617	21.59114620708047
8	22.126068829803405	21.47440568237681	30.570412975674543	25.82911251214524
9	21.46866199395236	19.89406589709647	33.593412788536774	25.04385932041439
10-14	24.82962787538385	26.05775483666835	25.67951882771119	23.43309846023661
15-19	24.71974208736013	24.915166062723703	26.26033149621163	24.10476035370453
20-24	24.71256979255067	25.53815740816065	25.972435744790644	23.776837054498035
25-29	24.612886862166103	25.43689390095857	25.874414652966653	24.07580458390867
30-34	24.53907754096162	25.54447095349784	25.88057873601604	24.0358727695245
35-39	24.539270428659137	25.516279960637732	25.79215262269363	24.1522969880095
40-44	24.644364679248927	25.561558528698203	25.674604392221546	24.119472399831324
45-49	24.596721922466198	25.46907779630299	25.679272704594858	24.25492757663595
50-54	24.484309545052746	25.664451293897205	25.750530553769913	24.10070860728014
55-59	24.664971441468726	25.417455558818418	25.59463104497672	24.32294195473614
60-64	24.531037053002038	25.543203900977563	25.59643619732489	24.329322848695504
65-69	24.489163931996227	25.52612357434889	25.70330764195813	24.281404851696752
70-74	24.660460825430587	25.599188547481823	25.451147389293748	24.289203237793842
75-79	24.55454362687753	25.492328888762554	25.544592049041583	24.408535435318335
80-84	24.60369527223731	25.65875524831639	25.446072423610723	24.291477055835575
85-89	24.75214492354706	25.53258016177718	25.40216275426166	24.313112160414097
90-94	24.720679770348617	25.53124661642345	25.31513999353388	24.432933619694055
95-99	24.761359072391347	25.633870287179295	25.3711168738323	24.23365376659706
100	25.380033803811504	25.202187671203852	24.76552503470456	24.652253490280085
>>END_MODULE
>>Per base GC content	fail
#Base	%GC
1	79.34604437747657
2	52.48124015945087
3	57.13053567359538
4	54.89929635646313
5	50.31071781200175
6	44.596270475857374
7	44.262894423666125
8	47.95518134194865
9	46.51252131436675
10-14	48.26272633562046
15-19	48.824502441064666
20-24	48.489406847048706
25-29	48.68869144607478
30-34	48.57495031048612
35-39	48.69156741666863
40-44	48.76383707908025
45-49	48.85164949910215
50-54	48.58501815233288
55-59	48.98791339620486
60-64	48.86035990169754
65-69	48.77056878369298
70-74	48.94966406322443
75-79	48.96307906219587
80-84	48.89517232807288
85-89	49.065257083961164
90-94	49.15361339004267
95-99	48.99501283898841
100	50.03228729409158
>>END_MODULE
>>Per sequence GC content	warn
#GC Content	Count
0	14886.0
1	11966.5
2	9036.0
3	8662.0
4	6802.5
5	4414.0
6	3306.5
7	3001.0
8	2864.5
9	2815.5
10	2844.0
11	2875.0
12	2914.0
13	3013.0
14	3163.0
15	3362.5
16	3644.5
17	4104.0
18	4779.0
19	5875.0
20	7476.0
21	9601.0
22	12717.0
23	16942.0
24	22432.0
25	29335.0
26	37395.5
27	46794.0
28	58174.5
29	71252.0
30	85118.0
31	101207.5
32	118509.5
33	133977.0
34	148324.5
35	161738.0
36	176081.0
37	190271.5
38	201163.0
39	210923.5
40	220927.0
41	232234.0
42	245397.0
43	259909.0
44	277318.0
45	295717.5
46	312133.0
47	329661.0
48	352098.5
49	372238.0
50	389198.0
51	407984.5
52	423838.5
53	432968.0
54	434361.5
55	431273.0
56	422914.0
57	405577.0
58	380481.0
59	346999.0
60	310885.0
61	276525.0
62	240172.5
63	204279.5
64	171473.0
65	143052.0
66	119128.5
67	97915.5
68	80127.0
69	64133.0
70	48633.5
71	36073.0
72	26854.0
73	20335.0
74	15905.5
75	12212.0
76	9022.0
77	6737.5
78	4866.0
79	3413.0
80	2524.0
81	1972.5
82	1589.0
83	1185.5
84	886.0
85	691.0
86	512.0
87	396.0
88	302.5
89	218.0
90	168.5
91	128.0
92	91.0
93	58.5
94	37.0
95	27.0
96	18.5
97	18.5
98	16.0
99	6.0
100	2.5
>>END_MODULE
>>Per base N content	pass
#Base	N-Count
1	0.03362887466187304
2	0.3088566117872905
3	0.06969020092882655
4	0.041934355807737175
5	0.05130345647673536
6	0.04247079000201348
7	0.048075602445658984
8	0.04075050103416188
9	0.039640637183935054
10-14	0.05329566208789252
15-19	0.04973114935558068
20-24	0.0876773943948361
25-29	0.03835319511767193
30-34	0.05953124715308362
35-39	0.044690517702467146
40-44	0.04805525494173816
45-49	0.042951731003778436
50-54	0.0430590178426337
55-59	0.04623137868119873
60-64	0.04775929124834434
65-69	0.042720509368314515
70-74	0.037565191784010875
75-79	0.04184371692663532
80-84	0.05113327735303391
85-89	0.056086969671213016
90-94	0.04084668923451488
95-99	0.04315150649681927
100	0.0414349170751351
>>END_MODULE
>>Sequence Length Distribution	pass
#Length	Count
100	1.0812137E7
>>END_MODULE
>>Sequence Duplication Levels	warn
#Total Duplicate Percentage	42.350209720722695
#Duplication Level	Relative count
1	100.0
2	26.744340216778813
3	10.132917895853359
4	5.088832907951871
5	3.224336239185919
6	2.331035168550499
7	1.7675428419901222
8	1.4070734860287049
9	1.1916205376379727
10++	13.845337929662898
>>END_MODULE
>>Overrepresented sequences	warn
#Sequence	Count	Percentage	Possible Source
TTTTTTTTTTTTTTTTTTTTTTTTTTTTTTTTTTTTTTTTTTTTTTTTTT	13590	0.12569208103818885	No Hit
>>END_MODULE
>>Kmer Content	fail
#Sequence	Count	Obs/Exp Overall	Obs/Exp Max	Max Obs/Exp Position
TTTTT	10385760	9.251317	12.604863	10-14
AAAAA	6134710	5.7168703	7.944654	2
GGAGG	2445965	2.417761	5.3963156	1
CTGGA	2242795	2.2231972	6.6899204	1
GGGGG	2046205	2.0526364	6.771553	1
GAAAA	2153975	2.0370638	5.40707	2
CTTTT	2065765	1.9351315	5.587349	1
GTTTT	2026165	1.8482455	5.4592147	1
GGAAA	1736985	1.6670929	6.003022	1
CTGGG	1570825	1.5802139	6.0074415	1
GCCAG	1473090	1.5356135	5.3889966	1
GGGAG	1522710	1.505152	5.2250795	1
CGGGG	992895	1.0228475	5.2630696	1
>>END_MODULE
