##FastQC	0.10.1
>>Basic Statistics	pass
#Measure	Value	
Filename	F_grandis_NA_transfer_2_R1.fastq.gz	
File type	Conventional base calls	
Encoding	Sanger / Illumina 1.9	
Total Sequences	16230021	
Filtered Sequences	0	
Sequence length	100	
%GC	52	
>>END_MODULE
>>Per base sequence quality	pass
#Base	Mean	Median	Lower Quartile	Upper Quartile	10th Percentile	90th Percentile
1	30.284837031326084	31.0	30.0	34.0	26.0	34.0
2	30.555322633285563	31.0	30.0	34.0	27.0	34.0
3	29.136033280548435	31.0	30.0	34.0	16.0	34.0
4	32.83811438075157	37.0	33.0	37.0	19.0	37.0
5	33.55944801303708	37.0	33.0	37.0	28.0	37.0
6	30.95257960541148	37.0	32.0	37.0	10.0	37.0
7	31.810344977372488	37.0	32.0	37.0	17.0	37.0
8	32.960035972843166	37.0	32.0	37.0	27.0	37.0
9	34.66783998615898	38.0	35.0	39.0	27.0	39.0
10-14	34.285425816762654	38.8	34.2	39.4	21.6	39.4
15-19	35.44800665384228	39.4	34.8	41.0	26.6	41.0
20-24	35.37986981039643	40.0	35.0	41.0	25.6	41.0
25-29	34.95706809005361	39.0	34.2	41.0	23.8	41.0
30-34	34.443749974199044	39.0	33.4	41.0	21.4	41.0
35-39	34.00265326828597	38.0	33.0	40.8	18.8	41.0
40-44	33.60742654615173	38.0	33.0	40.0	16.0	41.0
45-49	33.05042206661347	37.4	32.2	40.0	11.6	41.0
50-54	32.28886408711362	36.2	31.4	40.0	5.8	41.0
55-59	31.53507790285669	35.0	31.0	39.2	2.0	41.0
60-64	30.67871208546187	35.0	30.0	37.8	2.0	40.2
65-69	29.949697045986568	35.0	29.6	36.4	2.0	39.4
70-74	29.194871553154492	34.0	29.0	35.2	2.0	38.0
75-79	28.212769410464716	33.6	27.6	35.0	2.0	36.2
80-84	28.160351622465555	34.0	28.0	35.0	2.0	35.8
85-89	27.69768936220107	34.0	27.0	35.0	2.0	35.0
90-94	27.235269985171307	34.0	27.0	35.0	2.0	35.0
95-99	26.63210455488628	33.0	25.4	35.0	2.0	35.0
100	25.49062727645269	33.0	23.0	35.0	2.0	35.0
>>END_MODULE
>>Per sequence quality scores	pass
#Quality	Count
2	505261.0
3	166689.0
4	90624.0
5	66687.0
6	67916.0
7	72346.0
8	77281.0
9	82187.0
10	85480.0
11	89340.0
12	90784.0
13	92474.0
14	94283.0
15	95381.0
16	93206.0
17	91985.0
18	89515.0
19	87476.0
20	87712.0
21	88633.0
22	96009.0
23	111115.0
24	135168.0
25	170831.0
26	220761.0
27	288315.0
28	347349.0
29	373446.0
30	441917.0
31	506527.0
32	599700.0
33	785225.0
34	1084529.0
35	1584851.0
36	2379568.0
37	2902846.0
38	1716224.0
39	270129.0
40	251.0
>>END_MODULE
>>Per base sequence content	fail
#Base	G	A	T	C
1	35.25530058093455	13.807537234416273	9.025686601033676	41.9114755836155
2	26.74571414522779	18.656070452251903	32.49414423945603	22.104071163064276
3	25.922542147044066	23.545776900060364	21.217266830332782	29.314414122562795
4	28.06186875494532	30.189815710288308	17.452037715063664	24.29627781970271
5	29.08164384615176	30.752590155351395	19.820619832907834	20.34514616558901
6	22.104830683799765	35.31782216839348	21.039890308565248	21.537456839241507
7	21.35875363701375	17.426781918711228	36.38920658755801	24.82525785671702
8	22.485720410337045	19.878223023295174	28.006781672571783	29.629274893795994
9	24.154596190324632	19.138207033725674	28.71769264046345	27.989504135486243
10-14	25.40315843831641	25.55156543246453	23.380016205555957	25.665259923663108
15-19	25.771741761813942	23.940757108391804	24.447420142789724	25.840080987004526
20-24	25.476693740861613	24.443054385081776	24.24172187132282	25.83853000273379
25-29	25.578830958719646	24.431562431020392	24.18079740827091	25.808809201989053
30-34	25.377463553941247	24.649744919101344	24.05088114513284	25.921910381824564
35-39	25.592765008717073	24.430166735799673	23.97794957807168	25.999118677411577
40-44	25.978700785773455	24.198166497788165	23.80728831581613	26.01584440062225
45-49	25.78975012113917	24.214878027514843	23.85806317291032	26.137308678435666
50-54	25.984223068340572	24.317240537995072	23.666827164115336	26.031709229549023
55-59	26.323688654378923	23.69603850986956	23.723383948067575	26.256888887683942
60-64	26.41925261253175	23.724017881490564	23.58602800529141	26.270701500686272
65-69	26.20626832163192	23.840776229173212	23.608172127454257	26.34478332174061
70-74	26.572512655763358	23.968397887829457	23.321900752374557	26.137188704032628
75-79	26.524540445609695	23.746085775369234	23.56089958149766	26.168474197523413
80-84	26.390979241124295	23.568215040332507	23.605549321399902	26.43525639714329
85-89	26.31625879124507	23.997864545428087	23.286437820289535	26.39943884303731
90-94	26.314683290693065	23.80866405860492	23.485376468744697	26.39127618195732
95-99	26.057808820769036	23.804977740139417	23.48149768454286	26.655715754548687
100	26.30891897867813	23.30781294023079	23.12149094081302	27.261777140278063
>>END_MODULE
>>Per base GC content	fail
#Base	%GC
1	77.16677616455006
2	48.84978530829206
3	55.23695626960685
4	52.358146574648025
5	49.42679001174077
6	43.642287523041276
7	46.18401149373077
8	52.11499530413304
9	52.14410032581087
10-14	51.06841836197952
15-19	51.61182274881847
20-24	51.3152237435954
25-29	51.387640160708706
30-34	51.299373935765814
35-39	51.59188368612865
40-44	51.994545186395705
45-49	51.92705879957483
50-54	52.01593229788959
55-59	52.58057754206287
60-64	52.68995411321802
65-69	52.55105164337254
70-74	52.70970135979599
75-79	52.693014643133104
80-84	52.82623563826759
85-89	52.71569763428238
90-94	52.705959472650385
95-99	52.71352457531773
100	53.57069611895619
>>END_MODULE
>>Per sequence GC content	warn
#GC Content	Count
0	312.0
1	280.0
2	246.0
3	291.5
4	352.0
5	353.5
6	393.0
7	457.5
8	494.5
9	572.5
10	654.0
11	765.5
12	884.5
13	1013.5
14	1238.5
15	1490.0
16	1831.0
17	2384.0
18	3191.0
19	4376.0
20	6048.5
21	8546.5
22	12088.0
23	16683.0
24	22958.5
25	31090.0
26	41170.5
27	51405.0
28	63404.5
29	79853.5
30	96354.5
31	111398.0
32	127097.5
33	144203.5
34	159276.5
35	173889.0
36	187752.0
37	199625.5
38	213712.0
39	229164.5
40	244114.0
41	261911.5
42	289885.0
43	335171.5
44	399350.0
45	439961.5
46	475806.5
47	502920.5
48	514299.5
49	538612.0
50	567696.5
51	617143.0
52	649481.0
53	650156.5
54	639084.5
55	637319.0
56	642849.5
57	627310.5
58	598335.0
59	549207.0
60	492298.0
61	445657.0
62	384499.5
63	333438.5
64	294203.0
65	260402.0
66	234659.0
67	210124.5
68	206026.5
69	181293.0
70	136353.0
71	102118.5
72	77570.5
73	69799.5
74	71101.5
75	82631.0
76	77527.0
77	60777.5
78	46166.5
79	31017.0
80	33443.0
81	38472.0
82	44264.0
83	46564.5
84	33821.0
85	19052.5
86	10240.0
87	6222.5
88	5272.5
89	4914.0
90	3853.0
91	2666.0
92	2349.5
93	1730.0
94	852.0
95	415.5
96	232.5
97	128.0
98	61.0
99	27.0
100	13.0
>>END_MODULE
>>Per base N content	pass
#Base	N-Count
1	0.02736287278987501
2	0.004331479299995976
3	3.4197059880575633
4	0.007886619493591537
5	0.0173074329355458
6	2.4161336574980403
7	0.02974734290239058
8	0.031515670866969304
9	0.03058529622358468
10-14	0.9735181488674598
15-19	0.022274770932212598
20-24	0.016860113736143656
25-29	0.014781250129004763
30-34	0.037158300657774875
35-39	0.03834006129751773
40-44	0.026814506278211227
45-49	0.019902623662655765
50-54	0.015751057869857345
55-59	0.0038385655816465056
60-64	0.005295125619369193
65-69	0.0018398004537394006
70-74	0.0030696201810213306
75-79	0.00385335299319699
80-84	0.002667895500566512
85-89	0.002517556816469923
90-94	0.009993825639535525
95-99	0.02186811711457428
100	0.01686381058903128
>>END_MODULE
>>Sequence Length Distribution	pass
#Length	Count
100	1.6230021E7
>>END_MODULE
>>Sequence Duplication Levels	fail
#Total Duplicate Percentage	54.84236569442756
#Duplication Level	Relative count
1	100.0
2	16.723803491548235
3	6.8302917540873285
4	4.010925933256799
5	2.8264914294762677
6	2.052175289972685
7	1.6301809112861723
8	1.4567911009065357
9	1.2121452040695142
10++	21.60405367958513
>>END_MODULE
>>Overrepresented sequences	pass
>>END_MODULE
>>Kmer Content	warn
#Sequence	Count	Obs/Exp Overall	Obs/Exp Max	Max Obs/Exp Position
AAAAA	6027770	4.8427677	8.857113	2
TTTTT	5564585	4.760447	7.048355	2
AAGAA	3049050	2.2631154	5.828062	2
GAAGA	3065925	2.1023684	5.172384	2
GAAAA	2790650	2.0713215	6.097991	2
TTTAA	2461685	2.0536964	5.7760806	7
AGAAA	2655070	1.970689	5.4729123	2
CTTTT	2490245	1.9303555	5.1339226	1
AAAAT	2318575	1.886313	5.46347	3
AAAAG	2500015	1.8556017	5.062923	3
GTTTT	2339490	1.8259367	7.417755	1
GGAAA	2235915	1.5332133	6.9252596	1
AAACT	2049915	1.5302567	5.0951414	4
ATTTA	1744715	1.4555538	5.6606827	6
GGGAA	2240785	1.4195563	5.037622	1
ATCCA	1704995	1.1678511	5.1485105	6
>>END_MODULE
