##FastQC	0.10.1
>>Basic Statistics	pass
#Measure	Value	
Filename	F_chrysotus_NA_BW_2_R2.fastq.gz	
File type	Conventional base calls	
Encoding	Sanger / Illumina 1.9	
Total Sequences	23276982	
Filtered Sequences	0	
Sequence length	100	
%GC	50	
>>END_MODULE
>>Per base sequence quality	pass
#Base	Mean	Median	Lower Quartile	Upper Quartile	10th Percentile	90th Percentile
1	29.483002220820552	31.0	30.0	34.0	25.0	34.0
2	29.47508173525245	31.0	30.0	34.0	23.0	34.0
3	29.534543395703103	31.0	30.0	34.0	23.0	34.0
4	32.83420874750859	37.0	35.0	37.0	25.0	37.0
5	32.753980133678844	37.0	35.0	37.0	25.0	37.0
6	32.61940611544916	37.0	35.0	37.0	23.0	37.0
7	32.64367403815495	37.0	35.0	37.0	23.0	37.0
8	32.59399216788499	37.0	35.0	37.0	23.0	37.0
9	33.97742941932936	39.0	35.0	39.0	23.0	39.0
10-14	34.06146153311456	39.2	35.0	39.4	22.0	39.4
15-19	34.75251365490595	39.4	35.0	41.0	18.8	41.0
20-24	34.436443891222666	39.0	34.0	41.0	17.6	41.0
25-29	34.19890561413847	39.0	34.0	41.0	15.8	41.0
30-34	33.868182387218404	39.0	33.6	41.0	10.4	41.0
35-39	33.4398013024197	38.2	33.0	40.4	8.0	41.0
40-44	32.96347926891897	38.0	32.4	40.0	3.0	41.0
45-49	32.47970986960423	38.0	31.8	40.0	2.0	41.0
50-54	31.743007955240934	36.6	31.0	39.6	2.0	40.6
55-59	31.68473781523739	36.2	31.0	39.8	2.0	41.0
60-64	30.8996216949431	35.0	30.4	39.0	2.0	40.8
65-69	30.14791678749419	35.0	30.0	37.4	2.0	40.0
70-74	29.422347003576323	35.0	29.2	36.2	2.0	39.0
75-79	28.737443256174704	34.0	29.0	35.0	2.0	37.2
80-84	28.12204766064604	34.0	28.6	35.0	2.0	36.0
85-89	27.623086755834585	34.0	27.2	35.0	2.0	35.2
90-94	27.145350140323178	34.0	26.8	35.0	2.0	35.0
95-99	26.55105736645756	34.0	25.0	35.0	2.0	35.0
100	25.320280352495868	33.0	20.0	35.0	2.0	35.0
>>END_MODULE
>>Per sequence quality scores	pass
#Quality	Count
2	1338146.0
3	185928.0
4	122675.0
5	97303.0
6	91740.0
7	93209.0
8	97682.0
9	105261.0
10	112227.0
11	113422.0
12	108754.0
13	105716.0
14	105793.0
15	106785.0
16	107376.0
17	104841.0
18	105719.0
19	106005.0
20	109981.0
21	117356.0
22	129827.0
23	153375.0
24	185915.0
25	224006.0
26	266975.0
27	316538.0
28	373661.0
29	443322.0
30	531438.0
31	645931.0
32	809588.0
33	1047124.0
34	1424152.0
35	2045322.0
36	3227758.0
37	4401744.0
38	3103724.0
39	510014.0
40	649.0
>>END_MODULE
>>Per base sequence content	fail
#Base	G	A	T	C
1	43.77760991938241	12.730716822686434	7.891301688558605	35.600371569372555
2	27.7904085181197	18.07864301573075	30.354278296118142	23.7766701700314
3	28.43990578702462	21.69668720934551	19.952609821147334	29.910797182482536
4	32.3418520082153	25.571528697798048	18.323296318752647	23.763322975234008
5	31.391082864092283	26.935545183567513	21.460868554565636	20.21250339777457
6	25.962761721033008	30.88327424716229	22.631134699061565	20.522829332743136
7	23.180299514163114	20.669756858045623	33.942233422637685	22.207710205153578
8	22.842608133436674	21.922110220694886	29.29809353277247	25.93718811309597
9	22.59321999218349	20.55725148313423	31.829746523878622	25.01978200080366
10-14	25.329607863834553	25.839465851190496	25.036326636989443	23.79459964798551
15-19	25.32403716640931	24.48132919548756	25.552466443830095	24.642167194273036
20-24	25.204468773016465	25.147046189272533	25.349716154592894	24.29876888311811
25-29	25.209629050090783	24.955103048269006	25.29655013652735	24.538717765112857
30-34	25.064771506587086	25.15078651658542	25.267521664221526	24.51692031260596
35-39	25.059560733983506	25.04933692532218	25.225616394704957	24.665485945989357
40-44	25.14966509173379	25.132937286865292	25.070602112309558	24.64679550909136
45-49	25.143961559246357	24.96219995825919	25.08205883466408	24.811779647830374
50-54	24.965410450389278	25.25413702396746	25.118313437944156	24.662139087699103
55-59	25.16896727342824	24.970871062300446	25.0257553710655	24.83440629320582
60-64	25.109445651962954	25.070505749132728	25.021866772389068	24.798181826515258
65-69	25.03032926755897	25.051469834781216	25.072635338001565	24.845565559658255
70-74	25.185209227730965	25.08294551711855	24.94119206836542	24.790653186785068
75-79	25.054769905008524	24.961160657000864	25.029033208515273	24.955036229475343
80-84	25.12069255172818	25.083599379568668	24.906199869094657	24.889508199608496
85-89	25.200388733277084	25.002960850704582	24.882351275499573	24.91429914051876
90-94	25.165067935586126	25.010399613291796	24.833280144936314	24.991252306185764
95-99	25.107608595191643	25.070001121483106	24.95269981859454	24.869690464730716
100	25.702576130032277	24.660678510131245	24.344864539465654	25.291880820370828
>>END_MODULE
>>Per base GC content	fail
#Base	%GC
1	79.37798148875497
2	51.5670786881511
3	58.350702969507154
4	56.1051749834493
5	51.60358626186685
6	46.48559105377614
7	45.38800971931669
8	48.77979624653264
9	47.61300199298715
10-14	49.12420751182006
15-19	49.96620436068234
20-24	49.50323765613457
25-29	49.74834681520364
30-34	49.58169181919305
35-39	49.72504667997286
40-44	49.79646060082516
45-49	49.955741207076734
50-54	49.62754953808838
55-59	50.00337356663406
60-64	49.907627478478204
65-69	49.87589482721722
70-74	49.97586241451603
75-79	50.00980613448387
80-84	50.010200751336676
85-89	50.11468787379585
90-94	50.15632024177189
95-99	49.97729905992236
100	50.9944569504031
>>END_MODULE
>>Per sequence GC content	warn
#GC Content	Count
0	10877.0
1	7253.5
2	3377.0
3	3043.5
4	2664.0
5	2189.0
6	2009.0
7	2021.5
8	2036.0
9	2037.0
10	2146.5
11	2340.0
12	2406.0
13	2525.5
14	2798.0
15	3138.0
16	3632.0
17	4469.0
18	5724.5
19	7635.0
20	10474.5
21	14373.5
22	20091.0
23	27672.0
24	37342.5
25	49652.5
26	65695.5
27	83270.5
28	102838.0
29	126103.5
30	151395.0
31	180756.0
32	213388.5
33	243781.0
34	272179.0
35	300495.0
36	328260.5
37	356387.5
38	387700.0
39	417471.0
40	443015.5
41	475850.5
42	511223.0
43	545241.5
44	588644.5
45	636995.5
46	686017.0
47	732748.5
48	783592.0
49	829862.0
50	866249.0
51	907345.0
52	947465.0
53	973413.0
54	984799.0
55	978290.0
56	953917.0
57	913005.0
58	852692.5
59	783282.5
60	702708.5
61	622794.0
62	547055.5
63	470318.5
64	401008.5
65	339167.0
66	283234.0
67	235508.5
68	192847.0
69	150247.0
70	115537.5
71	88109.0
72	64121.0
73	47603.0
74	37315.5
75	30116.0
76	23539.5
77	17738.0
78	13516.5
79	10038.5
80	8265.5
81	7134.5
82	4895.5
83	3199.0
84	2563.5
85	2053.5
86	1408.0
87	944.5
88	665.0
89	458.5
90	314.5
91	213.5
92	148.5
93	102.0
94	68.5
95	49.5
96	36.5
97	30.0
98	21.0
99	14.0
100	10.5
>>END_MODULE
>>Per base N content	pass
#Base	N-Count
1	0.048717655922919906
2	0.0585642932576053
3	0.05260991308924843
4	0.05196549965111456
5	0.050496237012169355
6	0.053155516466868426
7	0.05143278454225724
8	0.04440008588742304
9	0.05761056136916719
10-14	0.04192124219540145
15-19	0.047096311712575105
20-24	0.049710911835563566
25-29	0.030671502001419257
30-34	0.046441587659431106
35-39	0.04177259749567191
40-44	0.09061054392704346
45-49	0.06999790608593502
50-54	0.06462521644773364
55-59	0.0846209358240686
60-64	0.08201836475192531
65-69	0.0749057588307625
70-74	0.06765911491446787
75-79	0.0688766267035821
80-84	0.0853701738481389
85-89	0.07932213892677324
90-94	0.056434292040093516
95-99	0.07179538996936974
100	0.07476484709229057
>>END_MODULE
>>Sequence Length Distribution	pass
#Length	Count
100	2.3276982E7
>>END_MODULE
>>Sequence Duplication Levels	fail
#Total Duplicate Percentage	52.64746698713822
#Duplication Level	Relative count
1	100.0
2	34.794650230628235
3	15.17412935323383
4	8.144500171208733
5	5.218845046024936
6	3.7283219529880958
7	2.856164521521945
8	2.273047716881181
9	2.001127963421758
10++	27.23125264366427
>>END_MODULE
>>Overrepresented sequences	pass
>>END_MODULE
>>Kmer Content	warn
#Sequence	Count	Obs/Exp Overall	Obs/Exp Max	Max Obs/Exp Position
TTTTT	11529225	5.30734	7.2224536	2
AAAAA	8813475	4.2037115	6.8323274	2
GGAGG	5571620	2.3902957	5.5436344	1
CTGGA	5004650	2.2537372	5.621771	1
GAAAA	4309345	2.001673	5.3147054	1
GGGGG	4385895	1.8324181	6.3528733	1
GTTTT	4031125	1.8200402	6.327953	1
GGAAA	3599565	1.6282759	5.801173	1
GTGGA	3584745	1.568016	5.3910637	1
CTGGG	3507000	1.538018	5.0629497	1
GGCGG	2734300	1.1761149	5.161599	1
>>END_MODULE
