##FastQC	0.10.1
>>Basic Statistics	pass
#Measure	Value	
Filename	F_heteroclitus_MDPP_transfer_1_R2.fastq.gz	
File type	Conventional base calls	
Encoding	Sanger / Illumina 1.9	
Total Sequences	9436924	
Filtered Sequences	0	
Sequence length	100	
%GC	46	
>>END_MODULE
>>Per base sequence quality	fail
#Base	Mean	Median	Lower Quartile	Upper Quartile	10th Percentile	90th Percentile
1	28.04669148548828	31.0	28.0	34.0	10.0	34.0
2	27.937217678133255	31.0	28.0	34.0	10.0	34.0
3	28.021940094039117	31.0	28.0	34.0	10.0	34.0
4	31.227471896562907	35.0	32.0	37.0	10.0	37.0
5	31.165718617634305	35.0	32.0	37.0	10.0	37.0
6	31.05182864670734	35.0	32.0	37.0	10.0	37.0
7	31.033107292164267	35.0	32.0	37.0	10.0	37.0
8	30.9466513664834	35.0	32.0	37.0	8.0	37.0
9	32.181666504890785	37.0	32.0	39.0	8.0	39.0
10-14	32.22855977223087	37.2	32.0	39.4	5.4	39.4
15-19	32.72879813379868	38.0	32.0	41.0	2.0	41.0
20-24	32.403774089947106	38.0	31.2	40.0	2.0	41.0
25-29	32.06303166158803	38.0	30.8	40.0	2.0	41.0
30-34	31.629603671704892	38.0	30.0	40.0	2.0	41.0
35-39	31.1344509291375	37.8	29.8	40.0	2.0	41.0
40-44	30.614958624229672	37.0	28.6	40.0	2.0	41.0
45-49	30.140101859461833	36.4	28.0	40.0	2.0	41.0
50-54	29.294884922247974	35.0	26.4	39.2	2.0	40.4
55-59	29.249340696184476	35.0	26.4	39.4	2.0	41.0
60-64	28.4903194515501	34.8	25.6	38.6	2.0	40.6
65-69	27.651725477496694	34.0	23.6	37.2	2.0	40.0
70-74	26.939779211955084	34.0	22.2	35.8	2.0	39.0
75-79	26.157781052385292	33.4	19.4	35.0	2.0	37.4
80-84	25.447139258512628	33.0	16.0	35.0	2.0	36.2
85-89	24.813403435271915	33.0	6.2	35.0	2.0	35.4
90-94	24.215194548562643	32.4	2.0	35.0	2.0	35.0
95-99	23.463887809205623	32.0	2.0	35.0	2.0	35.0
100	22.155069596830494	30.0	2.0	34.0	2.0	35.0
>>END_MODULE
>>Per sequence quality scores	pass
#Quality	Count
2	800750.0
3	102610.0
4	64351.0
5	53610.0
6	54960.0
7	56387.0
8	57827.0
9	63581.0
10	69917.0
11	70516.0
12	66460.0
13	65447.0
14	65572.0
15	65690.0
16	65339.0
17	66116.0
18	65633.0
19	65346.0
20	66405.0
21	69845.0
22	76095.0
23	87438.0
24	102138.0
25	121641.0
26	142254.0
27	163260.0
28	187470.0
29	215149.0
30	249509.0
31	291273.0
32	350042.0
33	432488.0
34	555753.0
35	748057.0
36	1065948.0
37	1357598.0
38	1030317.0
39	203827.0
40	305.0
>>END_MODULE
>>Per base sequence content	fail
#Base	G	A	T	C
1	38.4980205060059	15.929827923734042	7.602543809846461	37.969607760413595
2	25.54443867413439	19.383100946673338	36.700730864212225	18.371729514980046
3	26.240593275766855	23.84122645614946	22.2558896209825	27.66229064710119
4	27.682392559380503	29.653498608816854	19.70541010484706	22.958698726955582
5	29.00344673673229	29.94139169284497	22.52248966562095	18.532671904801788
6	22.877440198519164	33.45846791343282	23.941550574766744	19.72254131328127
7	20.706990391267944	19.98432646746947	37.36634189461881	21.94234124664377
8	21.004832296498453	22.298147944768665	30.930238277673865	25.76678148105902
9	21.727734649293907	21.38269146615738	32.555140760742354	24.334433123806356
10-14	23.331551310365764	27.670616082490106	26.741898824776634	22.2559337823675
15-19	23.51942225837103	26.311603217032886	27.32121600930651	22.847758515289573
20-24	23.43472954393691	26.776610340686442	27.07178980507062	22.716870310306035
25-29	23.321778649573368	26.803508044392032	27.064152028260423	22.810561277774173
30-34	23.275018117122944	26.879552633555548	26.983002709711716	22.862426539609796
35-39	23.295405116964503	26.900634900341032	26.950072931538283	22.853887051156182
40-44	23.337135088247148	26.88192063046794	26.825377742410645	22.95556653887427
45-49	23.365646831575837	26.831235753578085	26.810148043737513	22.99296937110856
50-54	23.22426300361538	26.880429891782853	26.915729661224407	22.97957744337736
55-59	23.403307954131275	26.77166075564279	26.785907005215286	23.03912428501065
60-64	23.3149886324061	26.755576853045028	26.81568595438226	23.113748560166616
65-69	23.30200156836923	26.858306155291622	26.828080297146307	23.01161197919284
70-74	23.392896921337492	26.83107420893085	26.772875191527685	23.003153678203976
75-79	23.33080238605034	26.759522155569893	26.780147411212386	23.12952804716738
80-84	23.358872360102293	26.86111907140527	26.7818631668372	22.99814540165524
85-89	23.474486491850747	26.78733449055471	26.682889818982357	23.055289198612183
90-94	23.37164100284756	26.77037863620948	26.678397147505283	23.179583213437677
95-99	23.38359408408384	26.85130834897756	26.72061794426326	23.044479622675347
100	23.841608252943903	26.55934506664428	26.28230060754936	23.31674607286246
>>END_MODULE
>>Per base GC content	fail
#Base	%GC
1	76.4676282664195
2	43.91616818911444
3	53.90288392286804
4	50.641091286336085
5	47.53611864153408
6	42.599981511800436
7	42.649331637911715
8	46.77161377755747
9	46.06216777310026
10-14	45.58748509273326
15-19	46.36718077366061
20-24	46.15159985424294
25-29	46.132339927347545
30-34	46.13744465673274
35-39	46.14929216812069
40-44	46.29270162712142
45-49	46.3586162026844
50-54	46.203840446992736
55-59	46.44243223914192
60-64	46.42873719257271
65-69	46.31361354756207
70-74	46.39605059954147
75-79	46.46033043321772
80-84	46.35701776175753
85-89	46.529775690462934
90-94	46.551224216285235
95-99	46.428073706759186
100	47.158354325806364
>>END_MODULE
>>Per sequence GC content	warn
#GC Content	Count
0	7898.0
1	7107.5
2	6047.5
3	5748.5
4	4853.5
5	3427.0
6	2763.5
7	2607.0
8	2604.0
9	2679.5
10	2824.5
11	3017.5
12	3290.0
13	3717.0
14	4336.5
15	5058.5
16	5996.0
17	7291.5
18	9111.0
19	11742.5
20	15115.0
21	19725.5
22	25573.5
23	32737.0
24	41664.5
25	52914.0
26	66327.0
27	80982.0
28	96665.5
29	112788.5
30	129496.5
31	146332.0
32	160786.5
33	174127.0
34	187589.0
35	200538.5
36	211908.0
37	219744.0
38	228285.0
39	235909.5
40	239239.0
41	243481.0
42	248861.5
43	255954.5
44	264723.5
45	271205.5
46	280872.0
47	290701.5
48	294040.0
49	294405.0
50	295159.5
51	295295.0
52	296454.0
53	297354.0
54	294280.5
55	291435.0
56	284052.5
57	273182.5
58	259864.5
59	239982.5
60	217582.0
61	193623.0
62	170741.5
63	148579.5
64	125132.0
65	105092.0
66	88198.0
67	72976.0
68	59987.0
69	48146.0
70	37233.5
71	27945.0
72	21162.5
73	16626.0
74	13177.0
75	10297.0
76	7879.5
77	5940.0
78	4411.5
79	3142.5
80	2353.5
81	1880.0
82	1644.5
83	1429.5
84	1112.5
85	791.0
86	535.0
87	401.0
88	309.5
89	235.0
90	166.0
91	102.0
92	54.5
93	34.5
94	28.5
95	17.0
96	11.5
97	8.0
98	6.5
99	6.0
100	2.5
>>END_MODULE
>>Per base N content	pass
#Base	N-Count
1	0.033909354361654286
2	0.30317082133966533
3	0.06820018895987719
4	0.041814472597214936
5	0.05101238496781367
6	0.04111509216350582
7	0.047282355988031696
8	0.03950439783132725
9	0.03827518373571727
10-14	0.05241962317382232
15-19	0.04827208526846248
20-24	0.08566138712148154
25-29	0.03730028979781971
30-34	0.058438533573015955
35-39	0.04349934364205964
40-44	0.04702803583031928
45-49	0.041765727900320064
50-54	0.04239940895995348
55-59	0.04520540803338037
60-64	0.046720732306416796
65-69	0.04176360856567246
70-74	0.03636142454893141
75-79	0.04057254249371935
80-84	0.049730187506013615
85-89	0.05442451375045513
90-94	0.03943657912260393
95-99	0.0417911599160913
100	0.04006602151294214
>>END_MODULE
>>Sequence Length Distribution	pass
#Length	Count
100	9436924.0
>>END_MODULE
>>Sequence Duplication Levels	warn
#Total Duplicate Percentage	30.788507072314353
#Duplication Level	Relative count
1	100.0
2	13.670436476524157
3	4.7681326018571415
4	2.7237621922258857
5	1.904637347962857
6	1.3904472146313593
7	1.1034093490366679
8	0.9320126379261686
9	0.7902145556419805
10++	10.384988676803623
>>END_MODULE
>>Overrepresented sequences	warn
#Sequence	Count	Percentage	Possible Source
TTTTTTTTTTTTTTTTTTTTTTTTTTTTTTTTTTTTTTTTTTTTTTTTTT	9652	0.10227909009333973	No Hit
>>END_MODULE
>>Kmer Content	fail
#Sequence	Count	Obs/Exp Overall	Obs/Exp Max	Max Obs/Exp Position
TTTTT	12652350	10.1793585	13.470329	10-14
AAAAA	8873115	7.393419	8.368555	2
GGGGG	1795080	2.7090874	7.583468	1
GGAGG	1882815	2.523207	5.3185987	1
CTCCT	1824545	2.2949867	5.7310357	1
CTCCA	1709755	2.165726	5.4336834	1
CTGGA	1729620	2.091761	6.6676617	1
GAAAA	2223315	2.0862396	5.1851306	1
CTTTT	2180650	2.0362325	6.450275	1
GTTTT	2196945	2.0045016	7.7185225	1
GGAAG	1397420	1.662946	5.166608	1
CTGGG	1220490	1.6622243	6.8704596	1
GGAAA	1558985	1.6474001	6.1188607	1
GGGAG	1214325	1.6273469	5.8492985	1
GGGGA	1151755	1.5434953	5.7293587	1
GTGGA	1239755	1.4650185	5.4148245	1
GGGAA	1181650	1.4061772	5.320066	1
GTCAG	1084720	1.3118343	5.297235	1
CGGGG	785555	1.2133049	5.566453	1
GTGGG	855145	1.1379967	5.2436714	1
>>END_MODULE
