##FastQC	0.10.1
>>Basic Statistics	pass
#Measure	Value	
Filename	F_notatus_NA_transfer_1_R2.fastq.gz	
File type	Conventional base calls	
Encoding	Sanger / Illumina 1.9	
Total Sequences	33631288	
Filtered Sequences	0	
Sequence length	100	
%GC	49	
>>END_MODULE
>>Per base sequence quality	fail
#Base	Mean	Median	Lower Quartile	Upper Quartile	10th Percentile	90th Percentile
1	29.037616876284964	31.0	30.0	34.0	23.0	34.0
2	28.919577150895915	31.0	30.0	34.0	18.0	34.0
3	29.006575632785754	31.0	30.0	34.0	20.0	34.0
4	32.33376830527573	35.0	33.0	37.0	22.0	37.0
5	32.27688778972723	35.0	33.0	37.0	22.0	37.0
6	32.165911546414755	35.0	32.0	37.0	20.0	37.0
7	32.14787069707232	35.0	33.0	37.0	19.0	37.0
8	32.07454365113819	35.0	33.0	37.0	18.0	37.0
9	33.389029257517585	38.0	33.0	39.0	18.0	39.0
10-14	33.4665994237271	38.2	33.0	39.4	17.6	39.4
15-19	34.04142540125135	38.8	33.0	41.0	17.0	41.0
20-24	33.770459597027624	38.8	33.0	41.0	15.4	41.0
25-29	33.50659748743492	38.0	32.8	40.2	10.6	41.0
30-34	33.12892511877631	38.0	32.0	40.0	8.4	41.0
35-39	32.680382553293825	38.0	31.4	40.0	4.8	41.0
40-44	32.196851556800326	37.8	30.8	40.0	2.0	41.0
45-49	31.755178725239425	37.0	30.0	40.0	2.0	41.0
50-54	30.902406580443785	36.0	29.4	39.2	2.0	40.6
55-59	30.889058058079723	35.6	29.8	39.6	2.0	41.0
60-64	30.11555826824117	35.0	28.8	38.8	2.0	40.6
65-69	29.263089245942645	34.6	28.0	37.2	2.0	40.0
70-74	28.556951086738035	34.0	27.6	36.0	2.0	39.0
75-79	27.79747828272292	34.0	26.4	35.0	2.0	37.2
80-84	27.12690081331408	33.8	25.6	35.0	2.0	36.2
85-89	26.540823039545796	33.0	24.6	35.0	2.0	35.2
90-94	25.98385968447001	33.0	23.4	35.0	2.0	35.0
95-99	25.267359245949784	33.0	15.4	35.0	2.0	35.0
100	23.88897897695741	31.0	2.0	34.0	2.0	35.0
>>END_MODULE
>>Per sequence quality scores	pass
#Quality	Count
2	1931074.0
3	285663.0
4	187492.0
5	156109.0
6	153927.0
7	157700.0
8	168107.0
9	185120.0
10	201680.0
11	206671.0
12	199199.0
13	196660.0
14	199162.0
15	202707.0
16	202535.0
17	200873.0
18	201666.0
19	200676.0
20	206814.0
21	216925.0
22	240104.0
23	280937.0
24	336323.0
25	406150.0
26	483732.0
27	568786.0
28	660575.0
29	770965.0
30	906872.0
31	1082152.0
32	1316502.0
33	1650427.0
34	2146333.0
35	2936090.0
36	4257941.0
37	5430837.0
38	3816128.0
39	678781.0
40	893.0
>>END_MODULE
>>Per base sequence content	fail
#Base	G	A	T	C
1	39.06580767835564	14.319232390487793	7.62643811973099	38.98852181142558
2	26.91342389143167	17.46362972042773	35.39848699398414	20.22445939415645
3	27.165223389709414	21.872199219409936	21.360350197361214	29.602227193519436
4	29.395090576737715	27.43336005304758	18.639520158828613	24.532029211386096
5	30.44009155523144	28.327086987257132	21.67797769807092	19.55484375944051
6	23.983938034721998	32.06098818393796	23.136075132013147	20.818998649326893
7	21.484672660906597	19.476398215721243	36.50653766723448	22.53239145613767
8	21.68599174022394	21.584878031905387	30.13111169722868	26.598018530641994
9	22.57780066171053	20.519085527112253	31.609265970094825	25.29384784108239
10-14	24.489299882336105	26.565975636117678	25.57212673449291	23.3725977470533
15-19	24.741568520506878	25.22032222198404	25.922887976405356	24.11522128110372
20-24	24.63352945235188	25.638028999965247	25.765391464225296	23.963050083457578
25-29	24.564716579038297	25.592903124263128	25.772019168112177	24.070361128586406
30-34	24.538963589157124	25.612952124443783	25.71127837073739	24.136805915661704
35-39	24.544188110009728	25.6618383478656	25.638392704373025	24.15558083775165
40-44	24.685976065040265	25.60009995210628	25.512766204289015	24.20115777856444
45-49	24.634270580168355	25.567041415757807	25.504001630944646	24.294686373129192
50-54	24.534486357308406	25.66785159296115	25.582164975731892	24.215497073998556
55-59	24.735677689481047	25.490453550061215	25.450335151524	24.323533608933737
60-64	24.657036191316784	25.462996902698414	25.45257931546945	24.427387590515355
65-69	24.585200954829613	25.532312655452188	25.512987232644313	24.369499157073886
70-74	24.71304503584511	25.535338425079317	25.424070292043826	24.327546247031744
75-79	24.644462053822526	25.456941656759486	25.419037780781935	24.479558508636057
80-84	24.653296515618724	25.542305575806118	25.40371794977822	24.40067995879694
85-89	24.826905360737847	25.493655561182322	25.252448059024008	24.426991019055823
90-94	24.69292878081304	25.483752363589023	25.26236930570258	24.56094954989536
95-99	24.708508272909487	25.544243558129537	25.344363720669627	24.40288444829135
100	25.222576087253007	25.229218307100133	24.804024025144177	24.744181580502676
>>END_MODULE
>>Per base GC content	fail
#Base	%GC
1	78.05432948978121
2	47.137883285588124
3	56.76745058322885
4	53.92711978812381
5	49.99493531467195
6	44.802936684048895
7	44.01706411704427
8	48.284010270865934
9	47.871648502792915
10-14	47.86189762938941
15-19	48.8567898016106
20-24	48.59657953580946
25-29	48.6350777076247
30-34	48.67576950481883
35-39	48.69976894776137
40-44	48.8871338436047
45-49	48.92895695329755
50-54	48.74998343130696
55-59	49.05921129841479
60-64	49.084423781832136
65-69	48.954700111903506
70-74	49.04059128287685
75-79	49.12402056245859
80-84	49.05397647441566
85-89	49.25389637979367
90-94	49.253878330708396
95-99	49.111392721200836
100	49.96675766775569
>>END_MODULE
>>Per sequence GC content	warn
#GC Content	Count
0	32787.0
1	23992.5
2	14290.0
3	13277.0
4	11463.5
5	8377.0
6	6773.0
7	6397.5
8	6230.0
9	6261.5
10	6197.0
11	6080.0
12	6254.0
13	6514.0
14	6831.0
15	7323.0
16	8186.5
17	9515.0
18	11337.0
19	13983.0
20	18430.0
21	25285.0
22	34546.5
23	47686.0
24	65395.5
25	86102.0
26	111810.5
27	141836.5
28	175688.5
29	217008.0
30	265281.5
31	316145.0
32	373613.5
33	424611.0
34	470668.5
35	518771.0
36	556167.0
37	596471.0
38	643670.0
39	688322.5
40	726192.0
41	757001.5
42	798236.5
43	851741.0
44	902198.5
45	948953.5
46	1004841.5
47	1057430.5
48	1115526.5
49	1181691.5
50	1227533.0
51	1268106.5
52	1322442.0
53	1348305.0
54	1330580.5
55	1313400.0
56	1291819.5
57	1233090.5
58	1149437.5
59	1054118.0
60	940246.0
61	821905.5
62	709000.0
63	606618.5
64	515136.0
65	432798.5
66	359272.5
67	295713.0
68	243547.0
69	196401.0
70	152053.0
71	114478.0
72	85189.5
73	66423.0
74	53512.5
75	43142.0
76	34074.5
77	25200.5
78	18171.0
79	13653.0
80	11131.0
81	9783.0
82	8106.5
83	6334.5
84	4422.0
85	2764.5
86	1911.0
87	1369.5
88	1005.0
89	715.5
90	463.0
91	307.5
92	211.5
93	134.5
94	87.5
95	62.0
96	42.0
97	24.0
98	20.0
99	17.0
100	8.0
>>END_MODULE
>>Per base N content	pass
#Base	N-Count
1	0.03167288746122361
2	0.28956072095722296
3	0.06646786765942475
4	0.0391421226567356
5	0.0480772547277999
6	0.039353235594188365
7	0.04464889956043313
8	0.03776542843081122
9	0.03674554480339855
10-14	0.04822414175752055
15-19	0.04473988626305362
20-24	0.08179823502448078
25-29	0.03591120268721198
30-34	0.056195885212603214
35-39	0.04149469386958953
40-44	0.04516032808496659
45-49	0.040052584367271334
50-54	0.040645484645131645
55-59	0.04398166374121622
60-64	0.044776162007235644
65-69	0.0398283883745398
70-74	0.03502393366557951
75-79	0.03892268413865089
80-84	0.04849650718105117
85-89	0.0527479054623183
90-94	0.03810915597404417
95-99	0.04011145811602577
100	0.038681242300324624
>>END_MODULE
>>Sequence Length Distribution	pass
#Length	Count
100	3.3631288E7
>>END_MODULE
>>Sequence Duplication Levels	fail
#Total Duplicate Percentage	53.73421674187534
#Duplication Level	Relative count
1	100.0
2	26.73832069745963
3	12.799277370114382
4	7.750002537324036
5	5.367962731784551
6	4.024195922012808
7	3.141207157283642
8	2.6063392503729865
9	2.1993524749058655
10++	38.35926478498716
>>END_MODULE
>>Overrepresented sequences	warn
#Sequence	Count	Percentage	Possible Source
TTTTTTTTTTTTTTTTTTTTTTTTTTTTTTTTTTTTTTTTTTTTTTTTTT	42899	0.12755681554628534	No Hit
>>END_MODULE
>>Kmer Content	warn
#Sequence	Count	Obs/Exp Overall	Obs/Exp Max	Max Obs/Exp Position
TTTTT	24722895	7.1316	9.764525	10-14
AAAAA	16109765	4.802371	6.3428307	2
CTCCT	7463820	2.4705942	6.346764	1
GGAGG	7582080	2.430802	5.2001834	1
CTCCA	6973370	2.3234787	5.8541517	1
CTGGA	6858960	2.1909282	6.527172	1
GAAAA	6541355	1.985788	5.034358	2
GGGGG	6002260	1.9596331	6.202003	1
CTTTT	6318950	1.9083151	5.241993	1
GTTTT	6076725	1.7968494	6.7255554	1
GGAAG	5350635	1.6844877	5.0181513	1
GGAAA	5346790	1.6529394	6.057561	1
CTGGG	4829265	1.5709039	6.297484	1
GTGGA	4854865	1.5183922	5.207823	1
GGGAG	4616290	1.4799749	5.53044	1
GGGGA	4236855	1.3583287	5.363075	1
GGGAA	4205255	1.3238993	5.0576863	1
>>END_MODULE
