##FastQC	0.10.1
>>Basic Statistics	pass
#Measure	Value	
Filename	F_heteroclitus_MDPL_BW_1_R2.fastq.gz	
File type	Conventional base calls	
Encoding	Sanger / Illumina 1.9	
Total Sequences	16523320	
Filtered Sequences	0	
Sequence length	100	
%GC	48	
>>END_MODULE
>>Per base sequence quality	pass
#Base	Mean	Median	Lower Quartile	Upper Quartile	10th Percentile	90th Percentile
1	29.313686232548907	31.0	30.0	34.0	24.0	34.0
2	29.194120128400346	31.0	30.0	34.0	22.0	34.0
3	29.284798817671025	31.0	30.0	34.0	22.0	34.0
4	32.64487245904576	35.0	33.0	37.0	25.0	37.0
5	32.599370041856	35.0	33.0	37.0	25.0	37.0
6	32.49742660675942	36.0	33.0	37.0	23.0	37.0
7	32.47961190608183	36.0	33.0	37.0	23.0	37.0
8	32.40966070983313	35.0	33.0	37.0	23.0	37.0
9	33.75943914419136	38.0	34.0	39.0	23.0	39.0
10-14	33.847387014232005	38.2	33.6	39.4	22.0	39.4
15-19	34.444113592183655	39.0	33.8	41.0	18.6	41.0
20-24	34.17271182788931	39.0	33.4	41.0	18.0	41.0
25-29	33.930601634538334	38.8	33.0	41.0	16.4	41.0
30-34	33.561428453845835	38.0	33.0	40.0	12.4	41.0
35-39	33.11262651815737	38.0	32.0	40.0	8.6	41.0
40-44	32.628090432189175	38.0	31.4	40.0	5.0	41.0
45-49	32.18123461870859	37.4	31.0	40.0	2.0	41.0
50-54	31.308045876978717	36.0	30.2	39.4	2.0	40.6
55-59	31.296447445186562	35.8	30.2	39.8	2.0	41.0
60-64	30.530261339730753	35.0	29.6	38.8	2.0	40.8
65-69	29.689959499664713	35.0	29.0	37.4	2.0	40.0
70-74	28.998273240486775	34.2	28.6	36.2	2.0	39.0
75-79	28.242835858653102	34.0	27.4	35.0	2.0	37.6
80-84	27.575096675486527	34.0	26.6	35.0	2.0	36.2
85-89	26.990238523492856	33.8	25.6	35.0	2.0	35.4
90-94	26.44217735902954	33.0	24.6	35.0	2.0	35.0
95-99	25.737339493515833	33.0	21.8	35.0	2.0	35.0
100	24.361328594979703	32.0	15.0	34.0	2.0	35.0
>>END_MODULE
>>Per sequence quality scores	pass
#Quality	Count
2	845295.0
3	126407.0
4	85228.0
5	71727.0
6	73939.0
7	73506.0
8	77955.0
9	85332.0
10	92295.0
11	96122.0
12	93622.0
13	93519.0
14	95340.0
15	96752.0
16	97062.0
17	96316.0
18	95386.0
19	95233.0
20	97339.0
21	102758.0
22	114153.0
23	132673.0
24	159746.0
25	194470.0
26	232209.0
27	273228.0
28	318223.0
29	370300.0
30	437726.0
31	521741.0
32	638114.0
33	803008.0
34	1047853.0
35	1446404.0
36	2122010.0
37	2729278.0
38	1997332.0
39	392988.0
40	731.0
>>END_MODULE
>>Per base sequence content	fail
#Base	G	A	T	C
1	37.708750230425345	14.622391501822365	7.711277720282848	39.95758054746944
2	26.036631116505905	17.12125959432712	37.13971775957311	19.702391529593864
3	25.928602941866686	21.81244229682046	22.230966542829727	30.027988218483127
4	27.959572148521055	27.77719892086002	19.26545539393507	24.99777353668385
5	29.508408342587135	28.882732472175025	22.091937751502506	19.516921433735334
6	22.94219530972446	32.71961464347062	23.504468226443095	20.833721820361824
7	20.691783489285193	19.052769255509496	37.99340017999289	22.262047075212422
8	20.841293650772506	21.52068237588746	30.785977264631104	26.852046708708926
9	22.031338202035226	20.635077659564935	32.12024645896261	25.21333767943722
10-14	23.994610757508223	26.86931946760008	26.01733747070329	23.11873230418841
15-19	24.317363296193637	25.517779867634268	26.336324753768874	23.828532082403218
20-24	24.20990749725844	25.87955888015731	26.159801092465983	23.750732530118263
25-29	24.142501825474085	25.955550394738907	26.093016872217785	23.808930907569227
30-34	24.03620998620905	25.952004372295573	26.09162876959925	23.920156871896125
35-39	24.102688092039283	25.973830202125438	26.042934789446303	23.88054691638897
40-44	24.269888179473753	25.867408516106682	25.928458467003342	23.934244837416223
45-49	24.221389072677415	25.885610017598133	25.89467590026473	23.998325009459723
50-54	24.174393738539806	25.958191785989282	25.952988578517623	23.914425896953293
55-59	24.303001388360975	25.767867347704993	25.818609917331536	24.110521346602496
60-64	24.23120792510445	25.792629359135127	25.811994655023334	24.164168060737083
65-69	24.193582115962073	25.911705710743476	25.837151833119048	24.057560340175407
70-74	24.449925804517346	25.803578959446043	25.763150854768234	23.983344381268378
75-79	24.304077930722286	25.715302673380304	25.83067451174179	24.14994488415562
80-84	24.30000866459673	25.805187774405386	25.81663763633192	24.078165924665964
85-89	24.465006967893267	25.815372124544346	25.649335074920128	24.070285832642263
90-94	24.293560371066423	25.78807406270185	25.674402062600038	24.243963503631694
95-99	24.325997703675306	25.873155547784354	25.70041414731691	24.10043260122343
100	24.841221031488434	25.467939489686557	25.18451610965826	24.506323369166747
>>END_MODULE
>>Per base GC content	fail
#Base	%GC
1	77.66633077789479
2	45.73902264609977
3	55.95659116034981
4	52.957345685204906
5	49.025329776322465
6	43.775917130086285
7	42.953830564497615
8	47.69334035948144
9	47.244675881472446
10-14	47.11334306169663
15-19	48.145895378596855
20-24	47.960640027376705
25-29	47.95143273304331
30-34	47.95636685810518
35-39	47.98323500842825
40-44	48.204133016889976
45-49	48.21971408213714
50-54	48.088819635493095
55-59	48.41352273496347
60-64	48.39537598584154
65-69	48.25114245613748
70-74	48.43327018578572
75-79	48.45402281487791
80-84	48.3781745892627
85-89	48.53529280053553
90-94	48.53752387469811
95-99	48.42643030489874
100	49.34754440065518
>>END_MODULE
>>Per sequence GC content	warn
#GC Content	Count
0	26870.0
1	16889.5
2	6265.5
3	5453.5
4	4942.0
5	4302.5
6	3982.0
7	4018.5
8	4104.0
9	4123.0
10	4101.0
11	4131.0
12	4272.0
13	4493.0
14	4638.0
15	4877.0
16	5531.5
17	6436.0
18	7785.5
19	9717.5
20	12542.5
21	17115.0
22	23102.0
23	31181.5
24	42092.0
25	56888.5
26	75252.0
27	96161.0
28	117840.0
29	140024.5
30	165916.0
31	193033.5
32	219270.5
33	244968.0
34	269157.5
35	288573.5
36	305189.0
37	328498.5
38	352494.0
39	365236.5
40	370681.0
41	378038.0
42	392463.0
43	410610.0
44	433426.0
45	453937.0
46	479200.0
47	505814.0
48	522876.0
49	541008.5
50	558860.5
51	579462.5
52	600313.0
53	611008.0
54	607888.5
55	601852.5
56	588224.0
57	565579.0
58	538093.5
59	495279.0
60	444746.5
61	392593.0
62	341242.0
63	294962.0
64	249849.0
65	208655.0
66	175187.5
67	147388.0
68	123033.5
69	99022.5
70	76683.0
71	58443.0
72	44426.5
73	35090.5
74	28377.5
75	23681.0
76	18755.5
77	13928.5
78	10201.5
79	6772.5
80	5337.5
81	4541.0
82	4199.5
83	3870.5
84	2848.5
85	2050.0
86	1415.0
87	932.5
88	712.5
89	557.5
90	393.5
91	263.5
92	193.0
93	130.0
94	79.5
95	41.0
96	26.0
97	19.0
98	10.5
99	6.0
100	4.5
>>END_MODULE
>>Per base N content	pass
#Base	N-Count
1	0.02998792010322381
2	0.3115415061864081
3	0.06666335821130379
4	0.0368751558403517
5	0.04587455789756538
6	0.03783743218675181
7	0.043042197330802764
8	0.036142857488688715
9	0.03536819476957415
10-14	0.04781484592684763
15-19	0.04450316280263288
20-24	0.08534120261545501
25-29	0.034454334843118696
30-34	0.05542106550015372
35-39	0.04004158970473246
40-44	0.044399067499751865
45-49	0.039039369811878
50-54	0.03985155525644967
55-59	0.04242609838700697
60-64	0.04343437033235451
65-69	0.038768237860187904
70-74	0.03390843970824265
75-79	0.03807346223398203
80-84	0.04742993538828758
85-89	0.05187940438120184
90-94	0.037206808316972616
95-99	0.039289924785091614
100	0.038333700491184584
>>END_MODULE
>>Sequence Length Distribution	pass
#Length	Count
100	1.652332E7
>>END_MODULE
>>Sequence Duplication Levels	warn
#Total Duplicate Percentage	47.768134478348244
#Duplication Level	Relative count
1	100.0
2	22.509751106291432
3	9.299844332114809
4	5.4702394486908155
5	3.7797561786157803
6	2.744302380494289
7	2.1566123869658753
8	1.8041732985849963
9	1.5942840151819915
10++	25.548773022230773
>>END_MODULE
>>Overrepresented sequences	warn
#Sequence	Count	Percentage	Possible Source
TTTTTTTTTTTTTTTTTTTTTTTTTTTTTTTTTTTTTTTTTTTTTTTTTT	47417	0.2869701730644931	No Hit
>>END_MODULE
>>Kmer Content	fail
#Sequence	Count	Obs/Exp Overall	Obs/Exp Max	Max Obs/Exp Position
TTTTT	15322125	8.285186	11.809898	2
AAAAA	9574285	5.4955196	6.511047	2
CTCCT	3578870	2.4056025	7.6005106	1
TCCTC	3575890	2.4035993	5.0772448	2
CTCCA	3310925	2.2522216	6.48969	1
GAAGA	3464480	2.1885846	5.097644	2
CTCTG	3249710	2.1568482	5.3385863	1
GGGGG	2947675	2.1500032	6.031205	1
CTGGA	3213410	2.1311889	6.4479413	1
GGAGA	2991770	1.9827361	5.0298753	2
GTTTT	3151890	1.8094627	6.9871216	1
GGAAG	2558700	1.6957273	5.093774	1
CTCAG	2444155	1.6416762	5.376184	1
GGAAA	2578425	1.628845	5.7194495	1
CTGGG	2206815	1.5354412	6.227031	1
GTGGA	2293300	1.5018057	5.1064515	1
GGGAG	2156775	1.4995224	5.504082	1
GTCCA	2121910	1.4252325	5.000575	1
GGGGA	1970325	1.3698909	5.052045	1
>>END_MODULE
