##FastQC	0.10.1
>>Basic Statistics	pass
#Measure	Value	
Filename	F_parvapinis_NA_BW_1_R2.fastq.gz	
File type	Conventional base calls	
Encoding	Sanger / Illumina 1.9	
Total Sequences	6373998	
Filtered Sequences	0	
Sequence length	100	
%GC	47	
>>END_MODULE
>>Per base sequence quality	fail
#Base	Mean	Median	Lower Quartile	Upper Quartile	10th Percentile	90th Percentile
1	27.78283237616328	31.0	28.0	34.0	10.0	34.0
2	27.69431885607746	31.0	28.0	34.0	10.0	34.0
3	27.763397478317376	31.0	28.0	34.0	10.0	34.0
4	30.929889372415868	35.0	32.0	37.0	10.0	37.0
5	30.86339954923111	35.0	32.0	37.0	10.0	37.0
6	30.761334722728183	35.0	32.0	37.0	8.0	37.0
7	30.7520746005882	35.0	32.0	37.0	7.0	37.0
8	30.67240356837263	35.0	32.0	37.0	2.0	37.0
9	31.884901281738713	37.0	32.0	39.0	2.0	39.0
10-14	31.921374998862568	37.2	32.0	39.4	2.0	39.4
15-19	32.436730855579185	38.0	31.4	40.6	2.0	41.0
20-24	32.171784490676025	38.0	31.0	40.0	2.0	41.0
25-29	31.901352369423392	38.0	30.4	40.0	2.0	41.0
30-34	31.537474564629612	38.0	30.0	40.0	2.0	41.0
35-39	31.12269724590438	38.0	29.8	40.0	2.0	41.0
40-44	30.689636677011823	37.0	28.6	40.0	2.0	41.0
45-49	30.299273517186542	37.0	28.0	40.0	2.0	41.0
50-54	29.5270918189808	35.6	27.2	39.2	2.0	40.4
55-59	29.54705803170945	35.4	27.2	39.6	2.0	41.0
60-64	28.823040390034635	35.0	26.0	38.8	2.0	40.8
65-69	27.997782522052876	34.2	25.4	37.4	2.0	40.0
70-74	27.285854341341178	34.0	24.0	36.2	2.0	39.0
75-79	26.509693382395163	33.8	22.2	35.0	2.0	37.6
80-84	25.823051309397965	33.0	19.4	35.0	2.0	36.2
85-89	25.226926553789315	33.0	15.8	35.0	2.0	35.4
90-94	24.676798674866227	33.0	4.0	35.0	2.0	35.0
95-99	23.98385628611744	32.4	2.0	35.0	2.0	35.0
100	22.701054659885365	31.0	2.0	34.0	2.0	35.0
>>END_MODULE
>>Per sequence quality scores	pass
#Quality	Count
2	592706.0
3	70866.0
4	43538.0
5	34379.0
6	32862.0
7	32984.0
8	34942.0
9	37846.0
10	40457.0
11	41027.0
12	39379.0
13	38291.0
14	38973.0
15	40019.0
16	40160.0
17	39844.0
18	39782.0
19	39668.0
20	40069.0
21	42202.0
22	46237.0
23	53872.0
24	63930.0
25	76303.0
26	90114.0
27	104498.0
28	120459.0
29	139229.0
30	162723.0
31	190568.0
32	230705.0
33	286052.0
34	367083.0
35	503671.0
36	725395.0
37	978676.0
38	741760.0
39	132565.0
40	164.0
>>END_MODULE
>>Per base sequence content	fail
#Base	G	A	T	C
1	35.46380954219433	15.466590580472687	7.86876889305103	41.20083098428196
2	24.717887923675576	17.881330635904185	39.31906331001747	18.08171813040277
3	25.60390561452498	22.814470279207292	23.151074566798602	28.43054953946913
4	27.099046198078586	29.161816092599885	19.986646239452014	23.75249146986952
5	28.80261338062559	30.131468014232254	22.528729245083547	18.537189360058605
6	22.30257606653876	33.6399025373929	24.143498056272662	19.914023339795683
7	20.146818667267738	19.685985485143902	38.34378824056814	21.823407607020222
8	20.55970327288799	21.98076208341809	31.31535479934005	26.14417984435387
9	21.618951759411836	20.917082992030505	32.7772824232718	24.686682825285857
10-14	23.466118258991276	27.3100347974578	26.559522815753233	22.66432412779769
15-19	23.76436005086151	26.060988730453843	26.954229539305537	23.220421679379115
20-24	23.653591284761994	26.42908650199947	26.763120211372748	23.154202001865784
25-29	23.60384155334569	26.513184959961688	26.71523634226636	23.167737144426262
30-34	23.519730418243547	26.488969514756604	26.6662271175436	23.325072949456246
35-39	23.52318386302831	26.553113333717565	26.6538457240232	23.269857079230928
40-44	23.717033711307746	26.404012068476774	26.49585354085354	23.38310067936194
45-49	23.631794193685252	26.440772341229273	26.56041279393496	23.367020671150513
50-54	23.543674036272673	26.530882977162534	26.56032469452217	23.365118292042624
55-59	23.686219052608624	26.457392683914765	26.42916162546229	23.42722663801432
60-64	23.67432066817737	26.375248410461854	26.43042108665466	23.520009834706116
65-69	23.63480259353189	26.424132323855165	26.47161111825604	23.469453964356905
70-74	23.747865213852776	26.384767125310344	26.363431819557242	23.503935841279638
75-79	23.678053238581104	26.337998400894456	26.390025363379642	23.593922997144794
80-84	23.704499082375722	26.401431355114397	26.359348002827073	23.53472155968281
85-89	23.83232005658179	26.366809082887034	26.26581995327569	23.535050907255485
90-94	23.754808058125867	26.29926179969097	26.272790327356027	23.673139814827138
95-99	23.74735020101274	26.37631179372047	26.331937372297187	23.544400632969605
100	24.181685770474925	26.04906667838583	25.906192270687594	23.863055280451647
>>END_MODULE
>>Per base GC content	fail
#Base	%GC
1	76.66464052647628
2	42.799606054078346
3	54.03445515399411
4	50.8515376679481
5	47.33980274068419
6	42.216599406334446
7	41.97022627428796
8	46.703883117241865
9	46.3056345846977
10-14	46.130442386788964
15-19	46.98478173024062
20-24	46.80779328662778
25-29	46.77157869777195
30-34	46.8448033676998
35-39	46.79304094225923
40-44	47.10013439066969
45-49	46.998814864835765
50-54	46.90879232831529
55-59	47.113445690622946
60-64	47.19433050288348
65-69	47.104256557888796
70-74	47.25180105513241
75-79	47.2719762357259
80-84	47.239220642058534
85-89	47.367370963837274
90-94	47.427947872953006
95-99	47.29175083398234
100	48.04474105092657
>>END_MODULE
>>Per sequence GC content	warn
#GC Content	Count
0	9814.0
1	7422.0
2	4697.0
3	4271.0
4	3539.0
5	2462.0
6	1920.0
7	1758.0
8	1699.0
9	1697.0
10	1696.5
11	1712.5
12	1721.0
13	1746.5
14	1786.5
15	1911.5
16	2187.0
17	2486.0
18	2965.0
19	3747.5
20	4849.5
21	6514.5
22	8781.5
23	11933.0
24	15807.5
25	20645.0
26	27223.5
27	35278.5
28	43545.0
29	51637.0
30	60851.5
31	73104.5
32	86812.5
33	99749.0
34	111444.5
35	122755.5
36	132006.0
37	137326.5
38	142800.0
39	149412.5
40	157062.5
41	165453.5
42	174922.5
43	183807.5
44	193392.5
45	203254.5
46	211098.5
47	220102.0
48	229060.5
49	234969.5
50	238892.0
51	242288.5
52	243960.0
53	243732.0
54	239626.5
55	231601.0
56	220103.0
57	204902.0
58	186622.0
59	167311.5
60	146197.5
61	122751.5
62	102493.0
63	86289.5
64	70660.5
65	56642.5
66	45449.5
67	36316.0
68	28732.0
69	22005.0
70	16399.0
71	11889.5
72	8843.0
73	6867.0
74	5309.0
75	4122.0
76	3046.0
77	2106.0
78	1457.5
79	1012.0
80	799.0
81	684.0
82	574.0
83	496.5
84	449.5
85	383.5
86	283.5
87	204.0
88	145.5
89	113.5
90	92.0
91	65.0
92	46.0
93	30.5
94	22.0
95	13.0
96	12.5
97	13.0
98	7.5
99	2.5
100	1.0
>>END_MODULE
>>Per base N content	pass
#Base	N-Count
1	0.03572326191504924
2	0.29512089586473045
3	0.07061502058833405
4	0.043285234792982366
5	0.053326028655798136
6	0.04289301628271612
7	0.04935677733190378
8	0.04113587735672336
9	0.04046126151906543
10-14	0.05271730552786493
15-19	0.049093206493004866
20-24	0.08502042203339254
25-29	0.03844368950225588
30-34	0.06015063073443073
35-39	0.04486352207829372
40-44	0.047379996040161916
45-49	0.04301225070983706
50-54	0.043401331472021173
55-59	0.04707563447619532
60-64	0.04849075886123591
65-69	0.042871052046141216
70-74	0.03764670148939488
75-79	0.04214309449108707
80-84	0.05189521553034689
85-89	0.05662693963819882
90-94	0.04096016346412409
95-99	0.043300923533393015
100	0.04185755941561325
>>END_MODULE
>>Sequence Length Distribution	pass
#Length	Count
100	6373998.0
>>END_MODULE
>>Sequence Duplication Levels	warn
#Total Duplicate Percentage	29.45327956171055
#Duplication Level	Relative count
1	100.0
2	13.451530268302548
3	4.863826344883376
4	2.790211675879736
5	1.8909262505055953
6	1.3839827423486586
7	1.075906700822435
8	0.8507482809761359
9	0.70581097478765
10++	7.812457867062155
>>END_MODULE
>>Overrepresented sequences	warn
#Sequence	Count	Percentage	Possible Source
TTTTTTTTTTTTTTTTTTTTTTTTTTTTTTTTTTTTTTTTTTTTTTTTTT	11189	0.17554131645475887	No Hit
>>END_MODULE
>>Kmer Content	fail
#Sequence	Count	Obs/Exp Overall	Obs/Exp Max	Max Obs/Exp Position
TTTTT	6185455	7.7167006	10.380413	10-14
AAAAA	3587135	4.775329	5.8199854	2
CTCCT	1272340	2.2797127	7.1027946	1
CTCCA	1250930	2.270644	6.9004273	1
CTCTG	1244185	2.2010238	5.583693	1
CTGGA	1236145	2.1873145	7.6257443	1
GAAGA	1298535	2.0901046	5.1897635	2
GGGGG	967940	2.0713384	5.4940968	1
CTTTT	1300540	1.8305829	6.0911093	1
CTGAA	1132535	1.8224854	5.278947	1
GTTTT	1277580	1.7754834	6.8644795	1
GGAAA	1042020	1.6772217	5.9911294	1
GGAAG	944305	1.6713066	5.272938	1
CTCAG	926630	1.6606773	5.6799483	1
CTGGG	837255	1.6290296	7.0370984	1
GGGAG	778910	1.5158648	5.3101983	1
GGGGA	731420	1.4234428	5.050822	1
GGGAA	771125	1.3647988	5.1997023	1
>>END_MODULE
