##FastQC	0.10.1
>>Basic Statistics	pass
#Measure	Value	
Filename	F_similis_NA_BW_2_R1.fastq.gz	
File type	Conventional base calls	
Encoding	Sanger / Illumina 1.9	
Total Sequences	10821719	
Filtered Sequences	0	
Sequence length	100	
%GC	49	
>>END_MODULE
>>Per base sequence quality	pass
#Base	Mean	Median	Lower Quartile	Upper Quartile	10th Percentile	90th Percentile
1	30.681915969172735	31.0	31.0	34.0	26.0	34.0
2	30.96703804635844	33.0	31.0	34.0	27.0	34.0
3	29.545248957212806	31.0	31.0	34.0	16.0	34.0
4	33.29785323385314	37.0	35.0	37.0	19.0	37.0
5	34.0336550043482	37.0	35.0	37.0	30.0	37.0
6	31.495175489217562	37.0	33.0	37.0	10.0	37.0
7	32.377486792994716	37.0	33.0	37.0	17.0	37.0
8	33.546054559354204	37.0	33.0	37.0	28.0	37.0
9	35.31827013804369	39.0	35.0	39.0	30.0	39.0
10-14	34.96915502980627	39.2	34.8	39.4	24.6	39.4
15-19	36.19884966519645	40.0	35.8	41.0	28.6	41.0
20-24	36.14841547816941	40.0	36.0	41.0	28.6	41.0
25-29	35.78014228608227	40.0	35.4	41.0	27.2	41.0
30-34	35.34458895116386	39.0	35.0	41.0	25.8	41.0
35-39	34.97773627276776	39.0	34.0	41.0	24.8	41.0
40-44	34.647808411953775	38.8	34.0	41.0	23.8	41.0
45-49	34.15520513885086	38.0	33.0	40.0	22.6	41.0
50-54	33.439403000576895	37.2	32.8	40.0	19.6	41.0
55-59	32.71952805279827	36.0	32.0	39.8	16.4	41.0
60-64	31.873136587634548	35.0	31.2	38.8	10.4	40.6
65-69	31.130323934672486	35.0	31.0	37.2	5.6	39.8
70-74	30.339695310883606	34.8	30.0	35.8	2.0	38.8
75-79	29.32845572870632	33.8	29.2	35.0	2.0	37.0
80-84	29.235875816032554	34.0	29.6	35.0	2.0	36.0
85-89	28.739345144703908	34.0	29.0	35.0	2.0	35.2
90-94	28.284716097322434	34.0	29.0	35.0	2.0	35.0
95-99	27.686490381056835	34.0	28.2	35.0	2.0	35.0
100	26.525850560340736	33.0	25.0	35.0	2.0	35.0
>>END_MODULE
>>Per sequence quality scores	pass
#Quality	Count
2	251456.0
3	80142.0
4	43193.0
5	33417.0
6	35836.0
7	37432.0
8	37968.0
9	41384.0
10	45575.0
11	48931.0
12	50358.0
13	52218.0
14	53891.0
15	54867.0
16	53898.0
17	53136.0
18	52179.0
19	51142.0
20	50863.0
21	51427.0
22	55880.0
23	63979.0
24	78081.0
25	98266.0
26	128781.0
27	172795.0
28	216961.0
29	233179.0
30	281463.0
31	328691.0
32	390138.0
33	517285.0
34	722772.0
35	1060718.0
36	1623281.0
37	2080675.0
38	1361203.0
39	228022.0
40	236.0
>>END_MODULE
>>Per base sequence content	fail
#Base	G	A	T	C
1	34.49211241349758	15.01097351899088	7.671129403595899	42.82578466391564
2	24.32093083860308	17.825455748479143	37.80865540914556	20.04495800377222
3	24.6247759300099	22.993145082690905	22.657212091561973	29.72486689573722
4	26.901668147139397	29.530717868474138	19.209327754483283	24.358286229903182
5	28.68087461400673	30.42407479685647	21.48577798895415	19.409272600182646
6	21.754917928401813	35.107538719961596	22.7257922655471	20.4117510860895
7	20.719701927620502	18.697639705713794	37.78550664835697	22.797151718308733
8	20.85264624344236	20.715311705585513	30.741620370066524	27.6904216809056
9	22.28809360504778	20.196409390823998	31.5390979292342	25.97639907489402
10-14	24.281372605709656	26.524756976100388	25.12968896795773	24.064181450232223
15-19	24.767376537065083	24.984927662577807	25.696275070573883	24.551420729783224
20-24	24.49335810427953	25.404288541226617	25.571049904894487	24.531303449599363
25-29	24.55749002582571	25.376710488566474	25.518941628929277	24.546857856678546
30-34	24.411102024226498	25.475807614896407	25.417012385916344	24.69607797496075
35-39	24.657739040859322	25.35238076256338	25.31002679219574	24.679853404381557
40-44	24.845123873448554	25.34427654677903	25.066157736400573	24.74444184337184
45-49	24.774543075654982	25.358517833603806	25.07933984545917	24.787599245282042
50-54	24.771236690648095	25.3990314784835	24.987485065906316	24.842246764962088
55-59	25.09200430595732	25.033244197293726	24.955436446699917	24.919315050049036
60-64	25.039611411901387	25.00642816772084	24.93064491267266	25.023315507705114
65-69	24.945566685869185	25.104893980482185	24.939305075877666	25.010234257770968
70-74	25.276970179112805	25.107529707666902	24.72123522563884	24.894264887581453
75-79	25.18679736940984	24.984082316187948	24.801213311009455	25.02790700339275
80-84	25.146336244330197	24.936277471786678	24.84126245734443	25.076123826538698
85-89	25.130764734147547	25.109423800901347	24.637285916774943	25.12252554817616
90-94	25.112214436471398	25.067616260876687	24.696125601652106	25.124043700999817
95-99	24.93871951637691	25.079002569157076	24.76989848962431	25.212379424841703
100	25.171276935543972	24.65223351334725	24.428377553072558	25.74811199803621
>>END_MODULE
>>Per base GC content	fail
#Base	%GC
1	77.31789707741322
2	44.3658888423753
3	54.349642825747125
4	51.25995437704258
5	48.09014721418938
6	42.16666901449131
7	43.51685364592924
8	48.54306792434796
9	48.2644926799418
10-14	48.34555405594188
15-19	49.31879726684831
20-24	49.02466155387889
25-29	49.10434788250425
30-34	49.107179999187245
35-39	49.33759244524088
40-44	49.589565716820395
45-49	49.56214232093703
50-54	49.61348345561018
55-59	50.011319356006354
60-64	50.0629269196065
65-69	49.95580094364015
70-74	50.17123506669425
75-79	50.2147043728026
80-84	50.22246007086889
85-89	50.25329028232372
90-94	50.23625813747121
95-99	50.151098941218606
100	50.91938893358019
>>END_MODULE
>>Per sequence GC content	warn
#GC Content	Count
0	9153.0
1	6302.5
2	3104.0
3	2617.5
4	2373.5
5	2217.0
6	2162.0
7	2127.5
8	2141.5
9	2250.5
10	2373.5
11	2459.5
12	2566.5
13	2706.0
14	2845.0
15	3092.5
16	3505.0
17	4081.0
18	4912.0
19	6102.0
20	8024.0
21	10813.0
22	14602.0
23	19282.0
24	25912.5
25	35085.5
26	44588.0
27	53445.0
28	63525.0
29	75276.0
30	89301.0
31	103567.5
32	116806.5
33	130620.5
34	143507.0
35	153850.0
36	164641.0
37	177192.0
38	187110.0
39	197662.5
40	210068.5
41	224894.0
42	241557.0
43	262488.5
44	296589.5
45	316627.0
46	327313.5
47	340290.5
48	349149.5
49	357591.5
50	368261.0
51	389370.5
52	410544.5
53	419975.5
54	412255.5
55	404277.0
56	397129.0
57	381458.0
58	361719.0
59	332297.5
60	302390.0
61	274083.5
62	236954.5
63	203852.0
64	175865.5
65	149201.0
66	126508.5
67	110790.0
68	101257.0
69	83584.5
70	63658.5
71	48049.0
72	35730.0
73	30864.0
74	32028.5
75	32978.0
76	26271.0
77	19782.5
78	14833.5
79	9719.0
80	8632.5
81	9789.5
82	11410.0
83	11558.5
84	7900.5
85	3820.0
86	2163.0
87	1166.5
88	934.0
89	852.0
90	645.0
91	420.0
92	344.0
93	241.0
94	118.0
95	53.0
96	32.5
97	24.0
98	13.0
99	10.0
100	6.5
>>END_MODULE
>>Per base N content	pass
#Base	N-Count
1	0.02723227243287319
2	0.004703504129057501
3	3.29188920909885
4	0.00786381535133189
5	0.017612728624722192
6	2.259825818800137
7	0.031482983433593126
8	0.03335884067956302
9	0.03233312563373712
10-14	0.9514052249924434
15-19	0.023665371462703845
20-24	0.01798790007391617
25-29	0.01594571065835289
30-34	0.03857612639914232
35-39	0.03987536545718846
40-44	0.02869414739007731
45-49	0.021373683792750488
50-54	0.01705643992419319
55-59	0.003991972070241336
60-64	0.005498202272670358
65-69	0.0020421894155632763
70-74	0.0031178041122671917
75-79	0.003890324633267598
80-84	0.0025079194904247654
85-89	0.0024173608647572536
90-94	0.010137021669108208
95-99	0.02264520082253106
100	0.016771827100666725
>>END_MODULE
>>Sequence Length Distribution	pass
#Length	Count
100	1.0821719E7
>>END_MODULE
>>Sequence Duplication Levels	warn
#Total Duplicate Percentage	45.264018226553006
#Duplication Level	Relative count
1	100.0
2	18.09010235739209
3	6.833883933061515
4	3.879213635273456
5	2.5987791385886596
6	1.9156228482124207
7	1.5481265425173885
8	1.2990027310778087
9	1.054520978236482
10++	17.516034444074798
>>END_MODULE
>>Overrepresented sequences	warn
#Sequence	Count	Percentage	Possible Source
TTTTTTTTTTTTTTTTTTTTTTTTTTTTTTTTTTTTTTTTTTTTTTTTTT	16813	0.15536348707631384	No Hit
>>END_MODULE
>>Kmer Content	fail
#Sequence	Count	Obs/Exp Overall	Obs/Exp Max	Max Obs/Exp Position
TTTTT	8401550	8.1250515	11.521727	2
AAAAA	5986175	5.830357	7.408918	2
AAGAA	2182990	2.1447155	5.00054	2
GAAGA	2137620	2.1184626	5.2056375	2
CTCCT	2126210	2.1037269	6.5038004	1
CTCCA	2115755	2.0963526	6.301478	1
GAAAA	2090195	2.0535479	5.743931	2
CTGGA	1980135	1.9717823	5.9889607	1
CTTTT	1937755	1.8883003	5.6590357	1
CTGCA	1877255	1.8646822	5.04375	1
TTTAA	1917800	1.8599515	5.2189307	7
GTTTT	1867280	1.8241655	7.3384132	1
CTGAA	1817065	1.7937517	5.256555	1
GGAAA	1632190	1.6175622	6.5731745	1
CTCAG	1586535	1.5759093	5.2528834	1
CTGGG	1443240	1.4496895	5.5819983	1
>>END_MODULE
