##FastQC	0.10.1
>>Basic Statistics	pass
#Measure	Value	
Filename	F_zebrinus_NA_BW_1_R1.fastq.gz	
File type	Conventional base calls	
Encoding	Sanger / Illumina 1.9	
Total Sequences	12031830	
Filtered Sequences	0	
Sequence length	100	
%GC	47	
>>END_MODULE
>>Per base sequence quality	pass
#Base	Mean	Median	Lower Quartile	Upper Quartile	10th Percentile	90th Percentile
1	29.870593666965043	31.0	30.0	34.0	25.0	34.0
2	30.196109735593005	31.0	30.0	34.0	26.0	34.0
3	29.765848669736858	31.0	30.0	34.0	25.0	34.0
4	31.37449432048159	35.0	32.0	37.0	10.0	37.0
5	32.47635629825222	35.0	32.0	37.0	19.0	37.0
6	32.88860647133478	35.0	33.0	37.0	26.0	37.0
7	33.04366143803561	35.0	33.0	37.0	26.0	37.0
8	33.03063981123403	36.0	35.0	37.0	26.0	37.0
9	34.465512228813076	39.0	35.0	39.0	27.0	39.0
10-14	34.51610300345002	38.4	35.0	39.4	26.0	39.4
15-19	34.6552757311232	39.0	33.8	41.0	20.2	41.0
20-24	34.91335884898639	39.0	34.0	41.0	23.6	41.0
25-29	34.60258805185911	39.0	34.0	41.0	21.4	41.0
30-34	34.22162685144322	38.8	33.6	41.0	18.4	41.0
35-39	33.8647135140706	38.0	33.0	40.2	15.8	41.0
40-44	33.65596485322682	38.0	33.0	40.0	14.4	41.0
45-49	33.21907194499922	38.0	32.6	40.0	9.2	41.0
50-54	32.60928631804139	37.4	31.8	40.0	5.0	41.0
55-59	31.26538802493054	36.0	29.6	39.6	2.0	41.0
60-64	31.09847637474931	35.0	30.0	39.0	2.0	40.8
65-69	30.392144619729503	35.0	29.8	37.6	2.0	40.0
70-74	29.612079608837558	34.6	29.0	36.4	2.0	39.2
75-79	28.501727418023687	33.8	28.2	35.2	2.0	37.4
80-84	28.418276471658924	34.0	29.0	35.0	2.0	36.4
85-89	27.906054307615715	34.0	28.2	35.0	2.0	35.6
90-94	26.8445873321016	34.0	25.2	35.0	2.0	35.0
95-99	26.663481714751622	33.6	25.4	35.0	2.0	35.0
100	25.59454762908053	33.0	23.0	35.0	2.0	35.0
>>END_MODULE
>>Per sequence quality scores	pass
#Quality	Count
2	428242.0
3	128783.0
4	69444.0
5	51624.0
6	48356.0
7	48833.0
8	50441.0
9	55328.0
10	60334.0
11	63396.0
12	65552.0
13	68074.0
14	68130.0
15	68353.0
16	67399.0
17	66534.0
18	65100.0
19	64434.0
20	64053.0
21	67460.0
22	74683.0
23	87159.0
24	105185.0
25	129535.0
26	157156.0
27	188758.0
28	224848.0
29	263316.0
30	312881.0
31	374627.0
32	458666.0
33	579094.0
34	768001.0
35	1077694.0
36	1601029.0
37	2126824.0
38	1558413.0
39	273765.0
40	326.0
>>END_MODULE
>>Per base sequence content	fail
#Base	G	A	T	C
1	34.63984009905604	14.582415223208937	9.586817159062162	41.19092751867286
2	24.65751306912707	19.675269926844805	32.336082360435284	23.331134643592836
3	24.632578180226883	23.90537708408917	23.196461573050705	28.26558316263324
4	26.534481595676084	30.207276528572073	19.5887389568818	23.669502918870037
5	27.579914194311584	31.767255394939564	21.66579502255192	18.98703538819693
6	21.536554174274197	34.824856747070626	23.651888835643682	19.986700243011494
7	20.16799877175846	20.12746746585491	37.92136743781715	21.78316632456948
8	20.57968672497649	22.13026783233112	30.93476350589453	26.35528193679786
9	20.765391227984715	20.929837211610607	33.13993071355858	25.164840846846108
10-14	23.44564611658884	27.48242811777814	25.999098466018918	23.072827299614104
15-19	23.560413182445018	26.338869295047967	26.557094063911517	23.5436234585955
20-24	23.508277724247588	26.57050981391127	26.457552001346095	23.463660460495046
25-29	23.62588710399472	26.63174488202872	26.168876719553868	23.57349129442269
30-34	23.345465398377588	26.639714908607846	26.395520815118363	23.619298877896203
35-39	23.50246021774326	26.60061120320194	26.288838317903405	23.608090261151396
40-44	23.58997783235646	26.589126964864985	26.20349668665768	23.617398516120875
45-49	23.571138723948668	26.47126687666934	26.24458002430064	23.713014375081354
50-54	23.537608765635596	26.637013884115262	26.227942134184108	23.597435216065037
55-59	23.67743317117896	26.37429577955912	26.138289103160027	23.80998194610189
60-64	23.575017363104426	26.4266590631	26.174342374238073	23.823981199557505
65-69	23.590206892770862	26.486374223144963	26.11665480147946	23.806764082604708
70-74	23.742538867572847	26.50457581989341	26.017524318996294	23.73536099353745
75-79	23.653784574779195	26.38192770369343	26.13756286219595	23.826724859331424
80-84	23.643681559502998	26.506827337155904	26.089314196645308	23.760176906695786
85-89	23.77120316198264	26.444295059222593	25.963800793803713	23.820700984991053
90-94	23.56640022668072	26.4342388664889	25.982501612219593	24.016859294610782
95-99	23.684634094295447	26.556706558399902	25.975091112438538	23.783568234866113
100	23.923342691137925	26.216725158486454	25.66543864875252	24.1944935016231
>>END_MODULE
>>Per base GC content	fail
#Base	%GC
1	75.8307676177289
2	47.9886477127199
3	52.89816134286013
4	50.20398451454612
5	46.566949582508514
6	41.52325441728569
7	41.951165096327934
8	46.93496866177435
9	45.93023207483082
10-14	46.518473416202944
15-19	47.10403664104052
20-24	46.97193818474263
25-29	47.19937839841741
30-34	46.96476427627379
35-39	47.11055047889466
40-44	47.20737634847734
45-49	47.28415309903002
50-54	47.13504398170063
55-59	47.487415117280854
60-64	47.39899856266192
65-69	47.39697097537557
70-74	47.4778998611103
75-79	47.480509434110616
80-84	47.40385846619879
85-89	47.59190414697369
90-94	47.5832595212915
95-99	47.46820232916156
100	48.11783619276102
>>END_MODULE
>>Per sequence GC content	fail
#GC Content	Count
0	11528.0
1	8627.5
2	4982.0
3	4077.0
4	3543.0
5	2956.0
6	2716.0
7	2692.0
8	2712.0
9	2741.0
10	2814.0
11	2883.0
12	2967.5
13	3202.0
14	3450.0
15	3692.0
16	4083.0
17	4697.0
18	5789.0
19	7398.0
20	9751.0
21	13113.5
22	17603.0
23	23873.0
24	31875.0
25	42687.5
26	56959.5
27	73468.0
28	90665.5
29	108373.5
30	127242.0
31	150512.5
32	174788.0
33	198913.0
34	220755.5
35	239700.5
36	254586.5
37	265691.0
38	275976.5
39	284676.0
40	292866.5
41	301493.0
42	313213.5
43	323699.5
44	335019.0
45	349156.5
46	366902.5
47	382881.5
48	396282.5
49	409228.0
50	425497.5
51	444020.0
52	457127.0
53	458985.5
54	453242.5
55	447669.5
56	434744.5
57	408655.0
58	375454.0
59	338653.0
60	294056.5
61	246369.0
62	205035.5
63	170938.0
64	139448.0
65	112679.0
66	91821.5
67	73071.0
68	57701.0
69	45158.0
70	33438.5
71	24748.5
72	18455.5
73	13896.5
74	10641.5
75	8428.5
76	6306.5
77	4592.0
78	3351.5
79	2497.5
80	2426.0
81	2347.0
82	1864.0
83	1367.5
84	1137.0
85	847.5
86	465.0
87	277.0
88	211.5
89	162.0
90	104.0
91	69.0
92	48.0
93	33.0
94	19.0
95	12.0
96	8.0
97	5.0
98	3.5
99	1.5
100	0.5
>>END_MODULE
>>Per base N content	pass
#Base	N-Count
1	0.1195994291807647
2	0.0035073633852871922
3	0.0041140873832160195
4	4.011600895291905
5	0.007696252357288958
6	0.012757826531791092
7	0.013489219844362826
8	0.016231944766506842
9	0.019514903385436794
10-14	0.02123700218503752
15-19	0.20350520245050002
20-24	0.005091494810016432
25-29	0.005944232922173934
30-34	0.015718307190178055
35-39	0.01595102324417815
40-44	0.018490952747836364
45-49	0.007247442824574482
50-54	0.008568937559789325
55-59	0.9646529247836779
60-64	0.002355418917986707
65-69	0.0022756305566152446
70-74	0.0034275750239157305
75-79	0.0032729850737585223
80-84	0.0037251191215301412
85-89	0.004935242602330652
90-94	1.0333673264997927
95-99	0.009976869686489918
100	0.004305246999001814
>>END_MODULE
>>Sequence Length Distribution	pass
#Length	Count
100	1.203183E7
>>END_MODULE
>>Sequence Duplication Levels	fail
#Total Duplicate Percentage	50.07818271640749
#Duplication Level	Relative count
1	100.0
2	25.043124580102774
3	10.47246382074701
4	5.917600275997312
5	3.9747244566302906
6	3.1095091968841357
7	2.424055344724275
8	2.0254934359849655
9	1.7340620630799122
10++	26.87614620594484
>>END_MODULE
>>Overrepresented sequences	warn
#Sequence	Count	Percentage	Possible Source
TTTTTTTTTTTTTTTTTTTTTTTTTTTTTTTTTTTTTTTTTTTTTTTTTT	17061	0.14179887847484549	No Hit
>>END_MODULE
>>Kmer Content	warn
#Sequence	Count	Obs/Exp Overall	Obs/Exp Max	Max Obs/Exp Position
TTTTT	9689385	6.9286	8.958847	10-14
AAAAA	7501820	5.149049	6.7065697	2
CTCCT	2532710	2.389153	5.215832	1
CTCCA	2371860	2.219166	5.9265323	1
GAAGA	2603310	2.2134893	5.1147327	2
CTGGA	2276395	2.1578333	6.2752805	1
GAAAA	2533835	1.9356831	5.0444074	2
GTTTT	2319215	1.8307462	5.798517	1
CTCAG	1780180	1.676484	5.0798554	1
GGAAA	1888055	1.6053369	5.862874	1
CTGGG	1487860	1.5697409	5.0811324	1
CCCAG	1507735	1.557269	5.0600343	1
GCCAG	1497445	1.5567691	5.405745	1
>>END_MODULE
