##FastQC	0.10.1
>>Basic Statistics	pass
#Measure	Value	
Filename	F_grandis_NA_BW_1_R1.fastq.gz	
File type	Conventional base calls	
Encoding	Sanger / Illumina 1.9	
Total Sequences	82430046	
Filtered Sequences	0	
Sequence length	100	
%GC	48	
>>END_MODULE
>>Per base sequence quality	pass
#Base	Mean	Median	Lower Quartile	Upper Quartile	10th Percentile	90th Percentile
1	29.99538267878681	31.0	30.0	34.0	25.0	34.0
2	30.3142417753837	31.0	30.0	34.0	26.0	34.0
3	29.883229035199133	31.0	30.0	34.0	25.0	34.0
4	31.49777425818736	35.0	32.0	37.0	12.0	37.0
5	32.585624967381435	35.0	33.0	37.0	19.0	37.0
6	32.992994932939865	35.0	33.0	37.0	27.0	37.0
7	33.14430268545525	36.0	35.0	37.0	27.0	37.0
8	33.13021547992342	36.0	35.0	37.0	27.0	37.0
9	34.58203588773928	39.0	35.0	39.0	27.0	39.0
10-14	34.634350692949994	39.0	35.0	39.4	26.6	39.4
15-19	34.78149294251273	39.0	33.8	41.0	20.6	41.0
20-24	35.00749997397794	39.0	34.4	41.0	24.4	41.0
25-29	34.657558997358805	39.0	34.0	41.0	21.8	41.0
30-34	34.24060733145775	39.0	33.6	41.0	18.2	41.0
35-39	33.844213858621416	38.0	33.0	40.4	15.6	41.0
40-44	33.60222831126407	38.0	33.0	40.0	13.6	41.0
45-49	33.122558968364515	38.0	32.6	40.0	8.2	41.0
50-54	32.46049578087097	37.0	31.6	40.0	3.8	41.0
55-59	31.08638284637134	35.4	29.6	39.4	2.0	41.0
60-64	30.884737633168374	35.0	30.0	38.8	2.0	40.6
65-69	30.181044098895683	35.0	29.6	37.4	2.0	40.0
70-74	29.417439932036434	34.4	29.0	36.2	2.0	39.0
75-79	28.335652807957917	33.4	27.8	35.0	2.0	37.0
80-84	28.279934042497075	34.0	29.0	35.0	2.0	36.2
85-89	27.79033798913566	34.0	27.8	35.0	2.0	35.4
90-94	26.745048156348236	33.8	24.8	35.0	2.0	35.0
95-99	26.558027758470494	33.4	25.0	35.0	2.0	35.0
100	25.46102873702145	33.0	20.0	35.0	2.0	35.0
>>END_MODULE
>>Per sequence quality scores	pass
#Quality	Count
2	2821211.0
3	883398.0
4	476635.0
5	359339.0
6	338815.0
7	351892.0
8	365849.0
9	407015.0
10	452891.0
11	472751.0
12	473691.0
13	480836.0
14	480733.0
15	476323.0
16	469065.0
17	457875.0
18	448007.0
19	441966.0
20	442444.0
21	463128.0
22	513584.0
23	599404.0
24	724743.0
25	886004.0
26	1078175.0
27	1296993.0
28	1540880.0
29	1809511.0
30	2145940.0
31	2576011.0
32	3157581.0
33	4005635.0
34	5364475.0
35	7597901.0
36	1.1329278E7
37	1.4487751E7
38	1.0011551E7
39	1738580.0
40	2185.0
>>END_MODULE
>>Per base sequence content	fail
#Base	G	A	T	C
1	36.551042924416535	15.639259715596026	6.467876459710538	41.3418209002769
2	24.209081227946562	17.735621750615174	38.20045469625955	19.854842325178712
3	25.078180456529754	22.15857476123305	22.677874293265248	30.085370488971947
4	27.19359215214942	28.691294833418326	19.234864900217822	24.880248114214435
5	28.93235447500762	29.399889361473313	22.15932743733549	19.508428726183574
6	23.4344424184578	32.42449547678886	23.8391871826024	20.301874922150937
7	21.074980793458188	20.114546324186573	36.76187369168534	22.048599190669897
8	21.091634978811022	21.939361558384377	30.852635066754647	26.116368396049953
9	22.162442488925507	20.62796890921054	32.33630058676691	24.873288015097046
10-14	24.156342104745605	26.55831175221098	25.899954692116943	23.38539145092647
15-19	24.368165679094076	25.54622255749458	26.127148763319834	23.958463000091506
20-24	24.235107704294865	25.75228042997016	26.105350553889643	23.90726131184533
25-29	24.255603360049147	25.723116150108343	25.97051258158795	24.05076790825456
30-34	24.16885684503479	25.811091128825076	25.857776824340345	24.16227520179979
35-39	24.141469212641148	25.88648847323099	25.871586702335048	24.10045561179281
40-44	24.231265917887082	25.761160188319664	25.764067194848	24.243506698945254
45-49	24.258669084081223	25.737278573185566	25.707641790508923	24.296410552224284
50-54	24.224876535172278	25.797750581722028	25.722739042497828	24.254633840607866
55-59	24.30112022523901	25.658342723146248	25.66631553049398	24.374221521120766
60-64	24.307097177369684	25.65866655008503	25.617447341102373	24.416788931442916
65-69	24.223367900891596	25.874420138718655	25.59340690861979	24.30880505176996
70-74	24.388610174671328	25.77333150131412	25.570096358814258	24.267961965200293
75-79	24.27176319727049	25.651303421137	25.596837634508763	24.480095747083748
80-84	24.22001736240123	25.791857651972123	25.561439523012886	24.42668546261376
85-89	24.344097018509828	25.740294264785856	25.446658943756173	24.46894977294814
90-94	24.205575266516664	25.740332535820038	25.443536826865063	24.610555370798235
95-99	24.23622501172069	25.863600323728097	25.487916531014786	24.412258133536422
100	24.63372934046914	25.628234205376437	24.9680852206046	24.769951233549822
>>END_MODULE
>>Per base GC content	fail
#Base	%GC
1	77.89286382469344
2	44.06392355312527
3	55.163550945501704
4	52.07384026636386
5	48.440783201191195
6	43.736317340608736
7	43.123579984128085
8	47.20800337486097
9	47.03573050402255
10-14	47.541733555672074
15-19	48.32662867918558
20-24	48.142369016140194
25-29	48.30637126830371
30-34	48.33113204683458
35-39	48.241924824433966
40-44	48.47477261683233
45-49	48.55507963630551
50-54	48.479510375780144
55-59	48.67534174635978
60-64	48.7238861088126
65-69	48.532172952661554
70-74	48.65657213987162
75-79	48.75185894435424
80-84	48.646702825014984
85-89	48.81304679145797
90-94	48.8161306373149
95-99	48.64848314525712
100	49.40368057401896
>>END_MODULE
>>Per sequence GC content	warn
#GC Content	Count
0	18152.0
1	33930.5
2	47588.5
3	45333.5
4	37942.0
5	25931.0
6	20300.0
7	19050.0
8	18656.0
9	18653.5
10	18934.0
11	19695.0
12	20710.5
13	22150.0
14	24157.5
15	26468.0
16	29790.0
17	35047.0
18	42352.5
19	52542.5
20	68470.0
21	89558.0
22	116792.5
23	153592.5
24	202822.0
25	268078.5
26	342803.0
27	423099.5
28	523233.0
29	637334.5
30	769074.5
31	900337.5
32	1016240.0
33	1144420.5
34	1265132.0
35	1364801.5
36	1445287.5
37	1515085.0
38	1611704.5
39	1715263.0
40	1792905.0
41	1890474.0
42	1987196.5
43	2066686.5
44	2184521.0
45	2306865.5
46	2423882.0
47	2569765.0
48	2695021.5
49	2805095.0
50	2932954.0
51	3075239.5
52	3182988.5
53	3205606.0
54	3172870.0
55	3135794.5
56	3065540.5
57	2945218.0
58	2769977.0
59	2515769.0
60	2251599.5
61	1966274.0
62	1690545.0
63	1464947.5
64	1234965.5
65	1017802.0
66	843846.0
67	698263.0
68	571708.5
69	452333.0
70	340904.5
71	253611.5
72	189622.0
73	147243.0
74	113459.0
75	84886.0
76	62906.0
77	46255.5
78	33516.0
79	23262.0
80	17492.0
81	13725.5
82	11401.0
83	9635.0
84	7075.0
85	4735.0
86	3117.5
87	2184.5
88	1695.5
89	1371.0
90	1085.0
91	787.5
92	624.0
93	477.0
94	315.0
95	200.0
96	138.0
97	106.0
98	68.0
99	35.5
100	18.0
>>END_MODULE
>>Per base N content	pass
#Base	N-Count
1	0.12290300068496869
2	0.0032912756108373392
3	0.004168382970452303
4	4.009698114204619
5	0.0081014148651573
6	0.01327671223184808
7	0.013966994510715184
8	0.016515822398061018
9	0.02010310657839497
10-14	0.021711985942601562
15-19	0.22122200441329368
20-24	0.0054514102782376225
25-29	0.0063709778834771
30-34	0.0156959757125454
35-39	0.0157658531453446
40-44	0.018646598838486635
45-49	0.007423749344990054
50-54	0.008808195982324213
55-59	0.9493133122842125
60-64	0.0023925741834476227
65-69	0.002389419993772659
70-74	0.003594320449608872
75-79	0.0035035768389599107
80-84	0.003880138560155601
85-89	0.005424720980987928
90-94	1.0213984352259127
95-99	0.010050218824335001
100	0.004247237712326401
>>END_MODULE
>>Sequence Length Distribution	pass
#Length	Count
100	8.2430046E7
>>END_MODULE
>>Sequence Duplication Levels	fail
#Total Duplicate Percentage	71.85896537221366
#Duplication Level	Relative count
1	100.0
2	51.19978744250154
3	33.4595393480463
4	20.257725966887527
5	13.361231505006726
6	9.73446918746575
7	7.182118600441721
8	5.719125193045384
9	4.8340224845978845
10++	86.37307162191335
>>END_MODULE
>>Overrepresented sequences	pass
>>END_MODULE
>>Kmer Content	fail
#Sequence	Count	Obs/Exp Overall	Obs/Exp Max	Max Obs/Exp Position
TTTTT	70835350	7.99494	11.396296	10-14
AAAAA	48941225	5.713135	6.9047503	65-69
CTCCT	18496395	2.4657476	7.566486	1
CTCCA	17285915	2.3199618	6.9116282	1
GAAGA	17737980	2.2784004	5.264459	2
CTCTG	16778810	2.234673	5.688241	1
CTGGA	16622580	2.2267396	6.7281985	1
GAAAA	16304270	1.9964763	5.1304693	2
CTTTT	15687525	1.8716234	6.4581423	1
GTTTT	15138685	1.8044437	6.5102367	1
CTCAG	12397485	1.662315	5.8952994	1
GGAAA	12370005	1.5888971	5.756286	1
GTGGA	11758595	1.5736843	5.110674	1
CTGGG	10949020	1.538542	5.943041	1
>>END_MODULE
