##FastQC	0.10.1
>>Basic Statistics	pass
#Measure	Value	
Filename	F_sciadicus_NA_FW_1_R2.fastq.gz	
File type	Conventional base calls	
Encoding	Sanger / Illumina 1.9	
Total Sequences	7726019	
Filtered Sequences	0	
Sequence length	100	
%GC	48	
>>END_MODULE
>>Per base sequence quality	fail
#Base	Mean	Median	Lower Quartile	Upper Quartile	10th Percentile	90th Percentile
1	28.40571852075435	31.0	30.0	34.0	16.0	34.0
2	28.27684374061208	31.0	28.0	34.0	16.0	34.0
3	28.369463756172486	31.0	28.0	34.0	16.0	34.0
4	31.618348207530943	35.0	32.0	37.0	16.0	37.0
5	31.534150899706564	35.0	32.0	37.0	16.0	37.0
6	31.40777973753365	35.0	32.0	37.0	15.0	37.0
7	31.380401730826705	35.0	32.0	37.0	13.0	37.0
8	31.29976201197538	35.0	32.0	37.0	11.0	37.0
9	32.55807162783317	37.0	32.0	39.0	11.0	39.0
10-14	32.63156916906365	37.2	32.0	39.4	10.0	39.4
15-19	33.16083103083231	38.0	32.0	40.6	8.8	41.0
20-24	32.86109185079663	38.0	32.0	40.0	4.0	41.0
25-29	32.5501224110373	38.0	31.4	40.0	2.0	41.0
30-34	32.14688576354782	38.0	30.6	40.0	2.0	41.0
35-39	31.69996048417691	38.0	30.0	40.0	2.0	41.0
40-44	31.207811370901368	37.0	29.8	40.0	2.0	41.0
45-49	30.760394376457008	36.8	29.0	40.0	2.0	41.0
50-54	29.939097043380297	35.4	27.8	39.0	2.0	40.4
55-59	29.911805109461937	35.0	28.0	39.0	2.0	41.0
60-64	29.13921544847353	35.0	27.0	38.6	2.0	40.4
65-69	28.292970933672308	34.0	26.0	36.8	2.0	39.8
70-74	27.576614657561674	34.0	25.6	35.6	2.0	38.8
75-79	26.81598857056914	33.6	24.2	35.0	2.0	37.0
80-84	26.14133234722824	33.0	22.2	35.0	2.0	36.0
85-89	25.55160578818147	33.0	19.4	35.0	2.0	35.0
90-94	24.976604147621174	33.0	13.4	35.0	2.0	35.0
95-99	24.224673172561445	32.4	2.0	35.0	2.0	35.0
100	22.809884883793323	31.0	2.0	34.0	2.0	35.0
>>END_MODULE
>>Per sequence quality scores	pass
#Quality	Count
2	572790.0
3	78981.0
4	50068.0
5	40752.0
6	40172.0
7	41690.0
8	43526.0
9	47919.0
10	51583.0
11	52788.0
12	49955.0
13	48385.0
14	48510.0
15	48312.0
16	48977.0
17	48838.0
18	48994.0
19	49769.0
20	50060.0
21	53012.0
22	58036.0
23	68053.0
24	80929.0
25	97056.0
26	115283.0
27	133302.0
28	154753.0
29	179364.0
30	209863.0
31	249280.0
32	302855.0
33	377294.0
34	489250.0
35	665364.0
36	945324.0
37	1172524.0
38	783795.0
39	128447.0
40	166.0
>>END_MODULE
>>Per base sequence content	fail
#Base	G	A	T	C
1	40.638897430336854	12.325035361594557	8.64477538509343	38.39129182297516
2	28.869057774990193	19.267313015257308	26.98721830373263	24.87641090601987
3	29.80957965893426	22.776387421834567	19.148413172458415	28.265619746772753
4	33.17882531958156	26.58837811773943	17.7114635028066	22.521333059872404
5	31.743901123596668	27.771980227930683	21.264686257018514	19.219432391454134
6	25.329326524053673	32.160496976247885	22.7215814820464	19.788595017652042
7	22.87567142856588	21.005596473552224	34.682131671021466	21.43660042686043
8	22.625450940776854	22.11118876935734	30.067271779491094	25.196088510374715
9	21.634160596567977	20.55309218323899	33.179354940286494	24.633392279906538
10-14	24.731034091969136	26.33795107369598	25.792729015510684	23.138285818824198
15-19	24.585278738628944	25.185576709675566	26.39032394316227	23.838820608533222
20-24	24.559468589699268	25.76123616833554	26.124087008662798	23.55520823330239
25-29	24.504645622394282	25.62889918947614	26.01191185229303	23.85454333583655
30-34	24.416324070369324	25.75391042566757	25.985645973166534	23.844119530796576
35-39	24.415657356324367	25.740621659915575	25.865321166423744	23.978399817336317
40-44	24.498015827129493	25.76462023375924	25.775862468595356	23.961501470515913
45-49	24.4685152059932	25.66075672518842	25.8124263993695	24.058301669448884
50-54	24.368450010744596	25.88422281450009	25.829774719810494	23.917552454944815
55-59	24.525727487186213	25.64527062758476	25.709478116105206	24.119523769123823
60-64	24.416271939736074	25.747706495434485	25.74199866399452	24.094022900834926
65-69	24.384031075503763	25.741862264303634	25.77996083191713	24.094145828275472
70-74	24.551467880103758	25.81875295090754	25.553014930566064	24.076764238422633
75-79	24.437120600083578	25.664485180674323	25.684495321182695	24.213898898059405
80-84	24.49662920789597	25.822245673953304	25.5512060387091	24.129919079441628
85-89	24.645159796486254	25.72038416621154	25.500225108518414	24.134230928783786
90-94	24.594441414285754	25.731984452048874	25.43447702070769	24.23909711295768
95-99	24.655854753167258	25.83517495965868	25.47146535999225	24.037504927181814
100	25.293072336581808	25.411976784175284	24.8456171481371	24.449333731105806
>>END_MODULE
>>Per base GC content	fail
#Base	%GC
1	79.03018925331202
2	53.74546868101007
3	58.07519940570701
4	55.70015837945397
5	50.9633335150508
6	45.11792154170571
7	44.31227185542631
8	47.821539451151565
9	46.26755287647452
10-14	47.86931991079334
15-19	48.42409934716216
20-24	48.11467682300166
25-29	48.35918895823083
30-34	48.2604436011659
35-39	48.394057173660684
40-44	48.459517297645405
45-49	48.52681687544208
50-54	48.286002465689414
55-59	48.64525125631003
60-64	48.51029484057099
65-69	48.478176903779236
70-74	48.62823211852639
75-79	48.651019498142986
80-84	48.6265482873376
85-89	48.77939072527005
90-94	48.833538527243434
95-99	48.693359680349076
100	49.74240606768762
>>END_MODULE
>>Per sequence GC content	warn
#GC Content	Count
0	11097.0
1	8595.5
2	6179.0
3	6050.0
4	4802.5
5	3139.0
6	2392.5
7	2217.0
8	2101.5
9	2054.5
10	2046.0
11	2059.0
12	2126.5
13	2191.5
14	2243.0
15	2429.5
16	2736.5
17	3071.5
18	3563.5
19	4410.0
20	5643.0
21	7236.0
22	9710.0
23	13369.5
24	17620.5
25	22423.5
26	28152.0
27	35099.5
28	43641.5
29	53181.5
30	63495.0
31	75627.0
32	88177.0
33	99790.5
34	110796.0
35	119830.5
36	129870.5
37	140394.5
38	147003.5
39	153368.0
40	160827.0
41	169634.5
42	179808.5
43	191257.0
44	204560.0
45	215983.5
46	224828.5
47	235812.0
48	250846.0
49	264469.5
50	275931.5
51	288911.5
52	299651.0
53	304450.5
54	304663.5
55	303455.0
56	299619.5
57	286710.5
58	268286.5
59	244705.5
60	217841.5
61	193700.0
62	168311.5
63	142728.0
64	119910.5
65	99885.5
66	82524.5
67	66854.0
68	53809.0
69	42853.5
70	32330.5
71	24161.0
72	18064.0
73	13391.5
74	10456.5
75	7968.0
76	5839.5
77	4260.5
78	3051.0
79	2255.5
80	1646.5
81	1232.0
82	1010.0
83	770.0
84	568.5
85	434.0
86	325.0
87	256.0
88	206.5
89	166.5
90	130.5
91	88.0
92	62.5
93	42.5
94	25.5
95	19.0
96	13.0
97	10.0
98	9.0
99	5.0
100	3.5
>>END_MODULE
>>Per base N content	pass
#Base	N-Count
1	0.029044712419164384
2	0.24367012299607338
3	0.05921548989201295
4	0.0361764577591642
5	0.04411068624086998
6	0.03666830226537108
7	0.04038302261488096
8	0.03521865529970868
9	0.0341831931813784
10-14	0.04358518921581736
15-19	0.04039596589136009
20-24	0.0710741198021905
25-29	0.03389844109883758
30-34	0.05435917255704393
35-39	0.0384829496277449
40-44	0.04342728124277199
45-49	0.03778660135316778
50-54	0.0397022062720788
55-59	0.04198540024299707
60-64	0.042663627930503406
65-69	0.03745784213059792
70-74	0.0329742911582278
75-79	0.03798592781094636
80-84	0.04762866878789711
85-89	0.05132785720563203
90-94	0.037765892110801176
95-99	0.03940451091305885
100	0.03897220547865596
>>END_MODULE
>>Sequence Length Distribution	pass
#Length	Count
100	7726019.0
>>END_MODULE
>>Sequence Duplication Levels	warn
#Total Duplicate Percentage	38.66326404296448
#Duplication Level	Relative count
1	100.0
2	23.83410438724501
3	8.158940602974509
4	4.218803365727947
5	2.778122768342286
6	1.9537678144502748
7	1.4197224205917969
8	1.2737914118048872
9	0.9710621914490639
10++	10.637439066041544
>>END_MODULE
>>Overrepresented sequences	warn
#Sequence	Count	Percentage	Possible Source
TTTTTTTTTTTTTTTTTTTTTTTTTTTTTTTTTTTTTTTTTTTTTTTTTT	11436	0.14801930981531367	No Hit
>>END_MODULE
>>Kmer Content	fail
#Sequence	Count	Obs/Exp Overall	Obs/Exp Max	Max Obs/Exp Position
TTTTT	7590045	9.321141	12.67751	10-14
AAAAA	4522105	5.690772	7.737994	2
GGAGG	1756925	2.4275458	5.660908	1
CTGGA	1601685	2.2260935	6.0625715	1
GGGGG	1522645	2.1535685	8.075459	1
GTTTT	1469140	1.855902	5.090581	1
GGAAA	1250340	1.6487335	5.512205	1
CTGGG	1127855	1.604595	5.8596563	1
GCCAG	1050385	1.5538211	5.6189213	1
GGGAG	1096010	1.5143582	5.2362895	1
GGGGA	1015355	1.4029173	5.1671815	1
GGCGG	811890	1.188164	5.403941	1
GTGGG	777385	1.0688804	5.174408	1
CGGGG	703670	1.029789	5.4855847	1
GCCGG	669075	1.0131487	5.077373	1
>>END_MODULE
