##FastQC	0.10.1
>>Basic Statistics	pass
#Measure	Value	
Filename	F_notatus_NA_FW_2_R1.fastq.gz	
File type	Conventional base calls	
Encoding	Sanger / Illumina 1.9	
Total Sequences	12113660	
Filtered Sequences	0	
Sequence length	100	
%GC	48	
>>END_MODULE
>>Per base sequence quality	pass
#Base	Mean	Median	Lower Quartile	Upper Quartile	10th Percentile	90th Percentile
1	30.286590922974558	31.0	30.0	34.0	26.0	34.0
2	30.572384481651294	31.0	30.0	34.0	27.0	34.0
3	29.11071938621358	31.0	30.0	34.0	16.0	34.0
4	32.82329700519909	37.0	33.0	37.0	19.0	37.0
5	33.57090656333428	37.0	35.0	37.0	28.0	37.0
6	30.92480332120928	37.0	32.0	37.0	10.0	37.0
7	31.79155672191559	37.0	32.0	37.0	17.0	37.0
8	32.97661070229807	37.0	33.0	37.0	27.0	37.0
9	34.70799419828524	39.0	35.0	39.0	27.0	39.0
10-14	34.3351894803057	39.0	34.2	39.4	21.6	39.4
15-19	35.55357051460912	39.8	35.4	41.0	27.0	41.0
20-24	35.56422480076211	40.0	35.2	41.0	26.6	41.0
25-29	35.240494978396285	39.6	34.6	41.0	24.8	41.0
30-34	34.86295383888932	39.0	34.0	41.0	23.6	41.0
35-39	34.586261113486756	39.0	34.0	41.0	22.8	41.0
40-44	34.35827160412295	39.0	33.0	41.0	21.4	41.0
45-49	33.969535730737036	38.4	33.0	40.6	19.0	41.0
50-54	33.33894058443112	37.6	32.6	40.0	14.6	41.0
55-59	32.67917716032974	36.6	32.0	40.0	9.6	41.0
60-64	31.876089802751608	35.2	31.0	39.0	4.8	41.0
65-69	31.139294796122726	35.0	31.0	37.8	2.0	40.0
70-74	30.32367094668333	35.0	30.0	36.4	2.0	39.2
75-79	29.265285834339085	34.0	29.2	35.2	2.0	37.4
80-84	29.14621305204207	34.0	29.6	35.0	2.0	36.2
85-89	28.664270847951816	34.0	29.0	35.0	2.0	35.4
90-94	28.2488773995638	34.0	29.0	35.0	2.0	35.0
95-99	27.70481809791591	34.0	28.6	35.0	2.0	35.0
100	26.67968054246198	33.0	25.0	35.0	2.0	35.0
>>END_MODULE
>>Per sequence quality scores	pass
#Quality	Count
2	376883.0
3	120612.0
4	61025.0
5	42673.0
6	40991.0
7	43080.0
8	44542.0
9	47900.0
10	51447.0
11	54290.0
12	56724.0
13	58193.0
14	59409.0
15	60245.0
16	59616.0
17	58471.0
18	57479.0
19	55949.0
20	54727.0
21	56163.0
22	61309.0
23	71625.0
24	86652.0
25	108415.0
26	142127.0
27	190589.0
28	242616.0
29	249475.0
30	297661.0
31	348402.0
32	399116.0
33	520922.0
34	717430.0
35	1046942.0
36	1666636.0
37	2380140.0
38	1799859.0
39	322984.0
40	341.0
>>END_MODULE
>>Per base sequence content	fail
#Base	G	A	T	C
1	35.21022029653241	15.17675588061182	7.898728482663795	41.71429534019197
2	24.03432973269056	18.55095902251403	37.52400600506146	19.890705239733958
3	24.30253357000342	23.496908193581906	23.7385530677616	28.462005168653075
4	25.97635581560119	30.069366599448216	19.72868084578014	24.225596739170456
5	28.05615842142661	31.199757851856656	21.72185593407441	19.022227792642322
6	21.436463630329172	35.80874799682504	22.552894732701038	20.201893640144753
7	20.602743074292732	19.148878191696458	37.633882694123564	22.614496039887253
8	20.88330481123391	21.478817180114003	30.139039867189744	27.498838141462343
9	22.094166648775147	20.407166957610308	31.582672860986193	25.915993532628352
10-14	24.27474022309724	26.677387702900635	25.214352918563097	23.833519155439028
15-19	24.490212876255917	25.40038368611846	25.739195065687724	24.370208371937903
20-24	24.259853659846346	25.815306893538505	25.6997423411155	24.22509710549965
25-29	24.368784309974853	25.82502956424053	25.484428178974884	24.32175794680973
30-34	24.210229109694108	25.828358698897087	25.57229361154455	24.38911857986426
35-39	24.234714047044005	25.88620561527118	25.548118127418434	24.330962210266378
40-44	24.369361803127088	25.82077061981705	25.46117386745082	24.348693709605048
45-49	24.352790509524564	25.766989110308636	25.411804213870624	24.468416166296176
50-54	24.327332552806826	25.865148771476576	25.441962319070612	24.36555635664599
55-59	24.448000210812097	25.686838298006677	25.370478156445557	24.494683334735665
60-64	24.37241655377681	25.65555342634403	25.38931851225992	24.582711507619244
65-69	24.359516986281392	25.799363717696366	25.368260324521508	24.472858971500735
70-74	24.46118378677456	25.743034123968773	25.31587505956889	24.47990702968778
75-79	24.42670841612699	25.618487932772148	25.362102032183774	24.592701618917086
80-84	24.403198120045804	25.726303987238374	25.340815831410136	24.52968206130569
85-89	24.569642235603194	25.6244650634187	25.217573553836687	24.588319147141423
90-94	24.395270106210447	25.591177693396833	25.2680004387561	24.745551761636616
95-99	24.403129106327004	25.713135924736154	25.33452422510305	24.549210743833793
100	24.742839870184138	25.466376620066505	24.835147941022242	24.955635568727118
>>END_MODULE
>>Per base GC content	fail
#Base	%GC
1	76.9245156367244
2	43.92503497242451
3	52.7645387386565
4	50.201952554771644
5	47.078386214068935
6	41.638357270473925
7	43.21723911417998
8	48.382142952696256
9	48.0101601814035
10-14	48.108259378536275
15-19	48.860421248193816
20-24	48.484950765346
25-29	48.69054225678459
30-34	48.59934768955837
35-39	48.56567625731038
40-44	48.718055512732136
45-49	48.82120667582075
50-54	48.69288890945281
55-59	48.942683545547766
60-64	48.95512806139605
65-69	48.832375957782126
70-74	48.94109081646234
75-79	49.019410035044075
80-84	48.93288018135149
85-89	49.15796138274462
90-94	49.140821867847066
95-99	48.9523398501608
100	49.69847543891125
>>END_MODULE
>>Per sequence GC content	warn
#GC Content	Count
0	480.0
1	512.0
2	494.5
3	484.0
4	507.5
5	488.0
6	484.0
7	535.0
8	594.5
9	632.5
10	724.5
11	850.0
12	899.0
13	989.5
14	1194.5
15	1418.5
16	1781.0
17	2307.5
18	2980.0
19	4034.5
20	5660.5
21	8004.0
22	11462.5
23	16350.5
24	23035.5
25	31340.0
26	41735.0
27	53108.0
28	65801.0
29	81633.5
30	99636.5
31	118426.5
32	139180.0
33	157226.0
34	174852.5
35	193476.5
36	207849.0
37	223713.5
38	239791.0
39	255698.5
40	270043.0
41	281926.0
42	299026.0
43	319014.0
44	337440.0
45	353788.0
46	372198.5
47	392991.0
48	417791.5
49	444828.0
50	464260.5
51	478049.0
52	495344.5
53	502900.5
54	496056.0
55	487901.0
56	472990.5
57	443969.0
58	408065.0
59	369326.0
60	324147.5
61	278311.5
62	236546.0
63	199985.5
64	166773.5
65	136694.5
66	111509.0
67	90918.0
68	73507.0
69	56669.5
70	41394.5
71	29997.0
72	22069.0
73	16714.5
74	12740.0
75	9931.5
76	7433.5
77	5213.5
78	3652.0
79	2649.0
80	2117.0
81	1800.0
82	1485.0
83	1214.0
84	795.0
85	454.0
86	291.5
87	181.5
88	129.5
89	95.0
90	70.0
91	45.5
92	29.5
93	22.0
94	15.5
95	9.5
96	5.0
97	3.0
98	1.5
99	0.0
100	0.0
>>END_MODULE
>>Per base N content	pass
#Base	N-Count
1	0.028752664347521724
2	0.004499053135055796
3	3.4231933205983984
4	0.007545201037506418
5	0.01705512619637665
6	2.424320973182341
7	0.029099380368938867
8	0.03097329791326486
9	0.03004872185615248
10-14	0.979680790116282
15-19	0.02158389784755392
20-24	0.016407922956397984
25-29	0.014284700082386331
30-34	0.03628135509829399
35-39	0.03752623071804888
40-44	0.02646433860616857
45-49	0.01926915564742613
50-54	0.015153141164602604
55-59	0.0041539881423120675
60-64	0.005557362514714793
65-69	0.0019135422324879517
70-74	0.003085772590612581
75-79	0.0042381906046562315
80-84	0.0028364672609269208
85-89	0.002544235185732471
90-94	0.010201706173031106
95-99	0.021659845166531008
100	0.016865257898933932
>>END_MODULE
>>Sequence Length Distribution	pass
#Length	Count
100	1.211366E7
>>END_MODULE
>>Sequence Duplication Levels	warn
#Total Duplicate Percentage	42.852078017195126
#Duplication Level	Relative count
1	100.0
2	20.625448964931756
3	8.287076340364397
4	4.638215894991184
5	3.2521387056749167
6	2.506040619081826
7	1.977894599360021
8	1.5877032586691047
9	1.358322993534905
10++	19.02713380787566
>>END_MODULE
>>Overrepresented sequences	pass
>>END_MODULE
>>Kmer Content	warn
#Sequence	Count	Obs/Exp Overall	Obs/Exp Max	Max Obs/Exp Position
TTTTT	5171215	4.1871223	6.8450766	2
AAAAA	5308050	4.1630764	6.555342	2
CTCCT	2811515	2.5416834	7.029494	1
CTCCA	2663470	2.3925452	6.8185906	1
TCCAG	2563545	2.3142362	5.0802674	7
CTGGA	2547765	2.3114288	6.7891665	1
CTCTG	2502990	2.2740216	5.350822	1
GAAGA	2563745	2.213634	5.6462903	2
CTTCA	2424365	2.0992186	5.3871827	1
GAAAA	2364290	1.9456108	5.4841166	2
CTTTT	2206015	1.8530376	5.239817	1
GTTTT	2134365	1.801768	7.4545937	1
CTCAG	1920530	1.7337554	5.6647806	1
GGAAG	1884275	1.7070689	5.291327	1
GGAAA	1863600	1.6091025	6.2007856	1
CTGGG	1624105	1.5460056	5.3972473	1
>>END_MODULE
