##FastQC	0.10.1
>>Basic Statistics	pass
#Measure	Value	
Filename	F_heteroclitus_MDPL_FW_3_R2.fastq.gz	
File type	Conventional base calls	
Encoding	Sanger / Illumina 1.9	
Total Sequences	21321342	
Filtered Sequences	0	
Sequence length	100	
%GC	51	
>>END_MODULE
>>Per base sequence quality	pass
#Base	Mean	Median	Lower Quartile	Upper Quartile	10th Percentile	90th Percentile
1	29.51540442435565	31.0	30.0	34.0	25.0	34.0
2	29.547342657887107	31.0	30.0	34.0	23.0	34.0
3	29.59072590271288	31.0	30.0	34.0	23.0	34.0
4	32.859289579427035	37.0	35.0	37.0	25.0	37.0
5	32.78837012229343	37.0	35.0	37.0	25.0	37.0
6	32.71549844282785	37.0	35.0	37.0	24.0	37.0
7	32.73057755932999	37.0	35.0	37.0	25.0	37.0
8	32.65169640822796	37.0	35.0	37.0	23.0	37.0
9	34.04049852959537	39.0	35.0	39.0	23.0	39.0
10-14	34.09970123831793	39.2	35.0	39.4	21.8	39.4
15-19	34.78763381779628	40.0	35.0	41.0	18.8	41.0
20-24	34.48914946348124	39.0	34.2	41.0	17.4	41.0
25-29	34.17851863170715	39.0	34.0	41.0	15.0	41.0
30-34	33.30470461005691	38.6	32.6	40.8	8.6	41.0
35-39	33.07630922106123	38.0	32.6	40.0	6.2	41.0
40-44	32.63952289682329	38.0	32.0	40.0	2.0	41.0
45-49	32.199243133945316	37.4	31.2	40.0	2.0	41.0
50-54	31.320153590707378	36.0	30.4	39.6	2.0	40.6
55-59	31.15871055396044	35.4	30.8	39.4	2.0	41.0
60-64	30.372141603469423	35.0	29.8	38.6	2.0	40.6
65-69	29.571423440419466	35.0	29.0	36.8	2.0	39.6
70-74	28.879547638230274	34.6	29.0	35.6	2.0	38.8
75-79	28.18713393368954	34.0	27.6	35.0	2.0	36.8
80-84	27.57491994640863	34.0	27.0	35.0	2.0	35.8
85-89	27.04393632445838	34.0	25.6	35.0	2.0	35.0
90-94	26.4948699664402	33.8	24.6	35.0	2.0	35.0
95-99	25.83941971382477	33.0	21.8	35.0	2.0	35.0
100	24.54817295271564	32.0	15.0	35.0	2.0	35.0
>>END_MODULE
>>Per sequence quality scores	pass
#Quality	Count
2	1226416.0
3	175942.0
4	112228.0
5	93066.0
6	91461.0
7	96101.0
8	102901.0
9	108135.0
10	110925.0
11	114040.0
12	109685.0
13	107655.0
14	106253.0
15	108531.0
16	108531.0
17	106477.0
18	108301.0
19	109326.0
20	114815.0
21	122520.0
22	133645.0
23	155701.0
24	187796.0
25	224957.0
26	264950.0
27	312794.0
28	367692.0
29	432710.0
30	510529.0
31	615161.0
32	765815.0
33	985997.0
34	1335210.0
35	1943880.0
36	3047870.0
37	3867059.0
38	2425669.0
39	410040.0
40	558.0
>>END_MODULE
>>Per base sequence content	fail
#Base	G	A	T	C
1	36.871194878702504	12.394647441594046	9.166078442155024	41.568079237548424
2	28.51390157167952	18.234602158840257	31.196710086587213	22.054786182893007
3	27.9439725225634	23.37776586203832	20.55100326970685	28.12725834569143
4	29.940613880996818	29.660131076527247	17.17068630710997	23.228568735365958
5	30.365994649300372	30.37326324449255	19.892953160309172	19.367788945897907
6	22.825421217297368	33.59689745570686	21.622724090342267	21.954957236653502
7	21.73751125981454	17.441256823806555	36.38753994248826	24.43369197389065
8	22.678121187007065	20.17180278951249	28.09524991554902	29.05482610793143
9	23.59789206817386	19.207826619102434	29.563548208334428	27.630733104389282
10-14	25.48270278578449	25.513284465452585	23.832660194196624	25.171352554566305
15-19	25.70594137817972	24.020487274068913	24.835768219563448	25.43780312818792
20-24	25.562917008691983	24.703146895691184	24.45530259955195	25.278633496064884
25-29	25.560706639328213	24.80575294714627	24.315360801670288	25.31817961185523
30-34	25.61952358828631	24.82951517677846	24.308543429640583	25.242417805294647
35-39	25.565172310174084	24.61210162803504	24.29090237000731	25.53182369178357
40-44	25.961608473330756	24.46470850593619	24.131788864564616	25.441894156168438
45-49	25.75842518331557	24.499602776130853	24.132781077917098	25.609190962636475
50-54	25.80506730945978	24.545378881368066	24.04595836442118	25.603595444750976
55-59	26.262056149310393	24.041121198863483	23.916589107123677	25.780233544702448
60-64	26.1359196585204	24.09220329101533	23.875889401195725	25.89598764926854
65-69	25.99229432501987	24.13337955311553	24.004980735343217	25.869345386521374
70-74	26.377913377486205	24.20430735000835	23.758864842149844	25.658914430355605
75-79	26.287775016007775	24.08193277429235	23.84807378274742	25.782218426952458
80-84	26.257670761697515	24.00955369008722	23.870231937129358	25.862543611085908
85-89	26.26005879519568	24.228392957067722	23.695813223361437	25.815735024375165
90-94	26.247908702194998	24.103004914916465	23.792132358792646	25.85695402409589
95-99	26.139270679360248	24.0919024614245	23.763170435425966	26.005656423789286
100	26.63232082923297	23.54023816778361	23.367540738775403	26.459900264208013
>>END_MODULE
>>Per base GC content	fail
#Base	%GC
1	78.43927411625093
2	50.56868775457253
3	56.07123086825483
4	53.169182616362775
5	49.733783595198275
6	44.78037845395087
7	46.171203233705185
8	51.73294729493849
9	51.22862517256315
10-14	50.6540553403508
15-19	51.14374450636764
20-24	50.841550504756874
25-29	50.878886251183445
30-34	50.861941393580956
35-39	51.09699600195765
40-44	51.4035026294992
45-49	51.36761614595204
50-54	51.40866275421075
55-59	52.042289694012844
60-64	52.03190730778895
65-69	51.86163971154125
70-74	52.03682780784181
75-79	52.069993442960225
80-84	52.12021437278342
85-89	52.07579381957083
90-94	52.10486272629089
95-99	52.14492710314954
100	53.09222109344098
>>END_MODULE
>>Per sequence GC content	warn
#GC Content	Count
0	5258.0
1	3542.5
2	1656.0
3	1420.0
4	1292.0
5	1149.5
6	1067.0
7	1059.0
8	1081.0
9	1119.0
10	1189.5
11	1287.5
12	1381.5
13	1503.5
14	1722.0
15	2060.5
16	2475.5
17	3130.0
18	4219.0
19	5753.5
20	7957.0
21	11162.5
22	16120.0
23	22759.5
24	30823.5
25	41388.0
26	55384.5
27	71578.0
28	89353.0
29	108907.0
30	129995.0
31	151256.0
32	173626.5
33	197243.5
34	217869.0
35	236863.5
36	257303.0
37	282498.0
38	305441.0
39	322949.5
40	339323.5
41	358430.0
42	389759.5
43	438490.5
44	511675.5
45	559455.5
46	595308.0
47	637625.5
48	667644.5
49	702409.5
50	734457.5
51	786301.0
52	838293.0
53	855439.0
54	848920.5
55	857068.5
56	862106.0
57	843098.5
58	815445.5
59	757882.5
60	683396.0
61	616011.0
62	537410.0
63	465627.5
64	408965.0
65	357939.0
66	313631.0
67	271996.5
68	246557.0
69	215046.5
70	174484.5
71	135511.5
72	102401.0
73	85780.0
74	77212.5
75	78611.5
76	73667.0
77	58587.0
78	41197.5
79	26584.0
80	26653.0
81	30095.5
82	33229.0
83	30720.0
84	21889.0
85	14161.5
86	8313.5
87	5103.0
88	3540.0
89	2486.5
90	1628.5
91	1038.5
92	700.5
93	384.5
94	167.5
95	81.5
96	52.5
97	35.5
98	34.5
99	29.0
100	23.0
>>END_MODULE
>>Per base N content	pass
#Base	N-Count
1	0.04041959460150304
2	0.05555466442965926
3	0.040935509594095906
4	0.039626961567428544
5	0.04917138893039659
6	0.03750232982520518
7	0.04138576267854059
8	0.04766585517928468
9	0.03812611795261293
10-14	0.034116051419277454
15-19	0.05260269264476879
20-24	0.05058311995558253
25-29	0.03097459812801652
30-34	0.05722810506017867
35-39	0.05868861350284612
40-44	0.09373424993605
45-49	0.07020571219203744
50-54	0.06682412392240601
55-59	0.07499715543233629
60-64	0.06553246038640533
65-69	0.06776308920892503
70-74	0.06498652852151614
75-79	0.06071850449188424
80-84	0.0655352744681831
85-89	0.06353540035144128
90-94	0.05612498500328919
95-99	0.053188021654546884
100	0.05271244183410219
>>END_MODULE
>>Sequence Length Distribution	pass
#Length	Count
100	2.1321342E7
>>END_MODULE
>>Sequence Duplication Levels	fail
#Total Duplicate Percentage	55.163245642920735
#Duplication Level	Relative count
1	100.0
2	22.53352555558578
3	9.566683894132687
4	5.633381388896445
5	3.714785699389785
6	2.870639864356373
7	2.2422907089555624
8	1.8297382331873533
9	1.6130348448167995
10++	31.337667401100745
>>END_MODULE
>>Overrepresented sequences	pass
>>END_MODULE
>>Kmer Content	warn
#Sequence	Count	Obs/Exp Overall	Obs/Exp Max	Max Obs/Exp Position
TTTTT	8476345	5.191051	7.9463253	2
AAAAA	8255870	4.8336916	9.457689	2
AAGAA	4208095	2.2906497	5.4808636	2
GAAGA	4370635	2.2119467	5.6768937	2
GAAAA	3755180	2.0441082	6.220782	1
CTGGA	4036365	1.9437541	5.6608944	1
CTTTT	3395835	1.9435773	5.2724185	1
TTTAA	3151310	1.8955077	5.069929	7
AAAAG	3479520	1.8940544	5.099314	3
AAAAT	3186645	1.8825907	5.4566007	3
GTTTT	3263090	1.841309	7.5209537	1
GGAAA	3122130	1.5800874	6.988951	1
GGGAG	3192850	1.3967631	5.1347814	1
GGGAA	2944725	1.385581	5.1706357	1
>>END_MODULE
