##FastQC	0.10.1
>>Basic Statistics	pass
#Measure	Value	
Filename	F_notti_NA_FW_1_R1.fastq.gz	
File type	Conventional base calls	
Encoding	Sanger / Illumina 1.9	
Total Sequences	11289585	
Filtered Sequences	0	
Sequence length	100	
%GC	48	
>>END_MODULE
>>Per base sequence quality	pass
#Base	Mean	Median	Lower Quartile	Upper Quartile	10th Percentile	90th Percentile
1	30.191555845498307	31.0	30.0	34.0	25.0	34.0
2	30.47879722771032	31.0	30.0	34.0	27.0	34.0
3	29.032061143080103	31.0	30.0	34.0	16.0	34.0
4	32.72375840210247	37.0	33.0	37.0	19.0	37.0
5	33.4675972588895	37.0	33.0	37.0	28.0	37.0
6	30.82767054767735	37.0	32.0	37.0	10.0	37.0
7	31.68055362531041	37.0	32.0	37.0	17.0	37.0
8	32.856671082240844	37.0	32.0	37.0	26.0	37.0
9	34.57637681101652	38.0	35.0	39.0	27.0	39.0
10-14	34.199311577883506	38.8	34.2	39.4	21.6	39.4
15-19	35.41818855166067	39.8	35.0	41.0	26.6	41.0
20-24	35.430506418083574	40.0	35.0	41.0	25.6	41.0
25-29	35.1092117380754	39.6	34.6	41.0	24.4	41.0
30-34	34.72993584795189	39.0	34.0	41.0	22.8	41.0
35-39	34.459624034010105	39.0	33.8	41.0	21.0	41.0
40-44	34.23423670577794	39.0	33.0	41.0	19.2	41.0
45-49	33.85536506434913	38.4	33.0	40.6	16.6	41.0
50-54	33.23419082278046	37.8	32.4	40.0	11.6	41.0
55-59	32.58641250320538	36.6	32.0	40.0	7.2	41.0
60-64	31.796904545206935	35.4	31.0	39.2	2.0	41.0
65-69	31.068503722678912	35.0	31.0	37.8	2.0	40.0
70-74	30.252559416488744	35.0	30.0	36.4	2.0	39.2
75-79	29.185788724740547	34.0	29.0	35.2	2.0	37.4
80-84	29.06546912043268	34.0	29.6	35.0	2.0	36.4
85-89	28.58290204644369	34.0	29.0	35.0	2.0	35.6
90-94	28.165365068777994	34.0	29.0	35.0	2.0	35.0
95-99	27.622851575146473	34.0	28.4	35.0	2.0	35.0
100	26.609609919230866	33.0	25.0	35.0	2.0	35.0
>>END_MODULE
>>Per sequence quality scores	pass
#Quality	Count
2	384405.0
3	119866.0
4	58546.0
5	40623.0
6	39024.0
7	40307.0
8	42415.0
9	45276.0
10	48255.0
11	50998.0
12	52673.0
13	54198.0
14	54965.0
15	55627.0
16	54971.0
17	54077.0
18	53486.0
19	51440.0
20	50864.0
21	52081.0
22	56469.0
23	65848.0
24	80198.0
25	100804.0
26	130592.0
27	174115.0
28	222575.0
29	230015.0
30	274519.0
31	322035.0
32	367685.0
33	478904.0
34	659902.0
35	957320.0
36	1530050.0
37	2206039.0
38	1711006.0
39	316978.0
40	434.0
>>END_MODULE
>>Per base sequence content	fail
#Base	G	A	T	C
1	34.91002495528826	15.950730915716871	7.773760575429164	41.36548355356571
2	23.468030480299277	18.830905274526074	39.06296394194485	18.6381003032298
3	23.800233359812577	23.82384452952864	24.51215507419998	27.863767036458803
4	25.15510951410697	30.594995658023194	20.316385405961764	23.933509421908067
5	27.45686867559326	31.74393716301576	22.034396976510546	18.76479718488043
6	21.051935408630417	36.29010140971672	22.714031058239666	19.943932123413198
7	20.10076787548837	19.427546674806305	38.15982779174993	22.311857657955393
8	20.532978702949826	21.792942603731646	30.39003582897466	27.284042864343867
9	22.014833496408407	20.738816465717953	31.543866840010903	25.702483197862737
10-14	23.893123493583346	27.121107292686613	25.44522334992066	23.540545863809378
15-19	24.123987047605073	25.788739595606664	26.057109575386374	24.03016378140189
20-24	23.931159937396735	26.171453365001735	25.984894838529716	23.912491859071814
25-29	24.06940039057586	26.17741860610981	25.77621902581408	23.97696197750025
30-34	23.834526693897505	26.191926858541493	25.855675925392298	24.117870522168705
35-39	23.955537021359188	26.237943436245324	25.847041119539497	23.95947842285599
40-44	23.98409528398356	26.195768215563948	25.775137214306937	24.044999286145554
45-49	23.998885486383752	26.105275467810003	25.763697421070418	24.132141624735823
50-54	24.0128583130368	26.153885896920915	25.754709370704077	24.078546419338206
55-59	24.089540836980362	25.997706107108925	25.709541570430822	24.203211485479894
60-64	24.06915714179795	25.965449243893836	25.748463742044546	24.216929872263666
65-69	24.033795009973552	26.116008889432962	25.705117535902616	24.145078564690873
70-74	24.17141101441014	26.105867611390092	25.588173720749875	24.134547653449896
75-79	24.095320353814735	25.962311140836437	25.661694790952982	24.28067371439585
80-84	24.089938072347667	26.02757262378218	25.695861190389437	24.186628113480708
85-89	24.158272679541252	26.028032193411182	25.568100757856243	24.24559436919132
90-94	24.065770157906684	25.970767263526344	25.595643240484904	24.367819338082068
95-99	24.074804896421526	26.038582623923766	25.628340263702754	24.258272215951955
100	24.375660511768217	25.780062792526593	25.24799451152317	24.59628218418202
>>END_MODULE
>>Per base GC content	fail
#Base	%GC
1	76.27550850885396
2	42.106130783529075
3	51.66400039627138
4	49.08861893601504
5	46.221665860473685
6	40.99586753204361
7	42.41262553344376
8	47.81702156729369
9	47.71731669427115
10-14	47.43366935739272
15-19	48.154150829006966
20-24	47.84365179646854
25-29	48.04636236807611
30-34	47.9523972160662
35-39	47.91501544421518
40-44	48.02909457012912
45-49	48.13102711111958
50-54	48.09140473237501
55-59	48.29275232246025
60-64	48.28608701406162
65-69	48.17887357466443
70-74	48.30595866786004
75-79	48.37599406821058
80-84	48.27656618582838
85-89	48.40386704873257
90-94	48.43358949598875
95-99	48.33307711237348
100	48.97194269595024
>>END_MODULE
>>Per sequence GC content	warn
#GC Content	Count
0	230.0
1	300.0
2	378.0
3	409.0
4	427.5
5	419.0
6	443.5
7	490.0
8	560.5
9	655.5
10	743.5
11	777.5
12	905.5
13	1086.5
14	1230.0
15	1495.5
16	1881.0
17	2508.0
18	3415.5
19	4733.0
20	6677.0
21	9481.5
22	13750.0
23	19259.5
24	26032.5
25	35123.5
26	45949.5
27	58659.0
28	73536.5
29	90212.5
30	106707.5
31	122336.0
32	138554.0
33	155693.5
34	172782.0
35	190691.5
36	210746.5
37	227073.5
38	240374.0
39	253895.0
40	264916.0
41	276751.0
42	293746.5
43	313343.0
44	332353.0
45	349343.5
46	367493.0
47	387862.0
48	404889.0
49	417659.0
50	429997.5
51	441825.5
52	450389.5
53	452646.5
54	446874.0
55	431047.5
56	407077.5
57	379901.5
58	348447.0
59	312748.0
60	274063.0
61	236017.0
62	201069.0
63	169249.0
64	140195.0
65	115361.5
66	94877.5
67	76585.5
68	61503.5
69	47813.5
70	35688.0
71	26292.0
72	18853.0
73	14375.0
74	11610.0
75	9056.0
76	6907.5
77	5214.5
78	3707.5
79	2639.5
80	2124.0
81	1662.5
82	1359.5
83	1170.0
84	911.0
85	594.0
86	319.0
87	196.0
88	115.0
89	69.5
90	46.0
91	35.0
92	30.0
93	24.5
94	15.5
95	5.5
96	3.0
97	3.5
98	2.0
99	1.0
100	1.0
>>END_MODULE
>>Per base N content	pass
#Base	N-Count
1	0.030116253166081835
2	0.004047978734382176
3	3.4364859292879233
4	0.008397120000425171
5	0.017405422785691415
6	2.3638955727779187
7	0.028787594938166457
8	0.030718578229403475
9	0.02986823696353763
10-14	0.9897139708855551
15-19	0.021311677975762614
20-24	0.016539137621090588
25-29	0.014500090127316461
30-34	0.03670816952084598
35-39	0.037726807495581105
40-44	0.0263109760013322
45-49	0.019044101266787045
50-54	0.015029781874178723
55-59	0.004242848607809765
60-64	0.005562649114205703
65-69	0.0020018450633924986
70-74	0.0028947033925516307
75-79	0.003943457620452833
80-84	0.0027884107343184006
85-89	0.002600627038106361
90-94	0.010260784608114469
95-99	0.02172090470996055
100	0.017148548861627776
>>END_MODULE
>>Sequence Length Distribution	pass
#Length	Count
100	1.1289585E7
>>END_MODULE
>>Sequence Duplication Levels	warn
#Total Duplicate Percentage	38.32789361914399
#Duplication Level	Relative count
1	100.0
2	20.627363977413665
3	8.03001240245584
4	4.429448514401485
5	2.8402394213214395
6	2.0621971605309177
7	1.6477548473573524
8	1.3288345543204456
9	1.0538235769915185
10++	12.04809995917204
>>END_MODULE
>>Overrepresented sequences	pass
>>END_MODULE
>>Kmer Content	warn
#Sequence	Count	Obs/Exp Overall	Obs/Exp Max	Max Obs/Exp Position
TTTTT	5387760	4.3907948	7.45259	2
AAAAA	5462565	4.2989206	6.8494377	2
CTCCT	2426340	2.3893251	6.8715878	1
CTCCA	2350905	2.298922	6.595334	1
CTCTG	2301770	2.279337	5.5442963	1
CTGGA	2298875	2.2732677	6.892483	1
TCCAG	2292050	2.2539086	5.1583796	7
GAAGA	2305945	2.1111498	5.4774094	2
CTTCA	2220105	2.0382922	5.4924603	1
GAAAA	2338815	1.9852368	5.431871	2
CTGAA	2072770	1.9003458	5.170776	1
GTTTT	2152860	1.879187	7.96351	1
CTTTT	2160475	1.8753417	5.452721	1
CTTTG	1852620	1.7224107	5.1887903	1
CTCAG	1710735	1.6822671	5.765552	1
GGAAG	1697895	1.6766199	5.176383	1
GGAAA	1756350	1.6079822	6.2617145	1
CTGGG	1479930	1.5784472	5.5181885	1
GTTTG	1533545	1.4337386	5.3038745	1
>>END_MODULE
