##FastQC	0.10.1
>>Basic Statistics	pass
#Measure	Value	
Filename	F_sciadicus_NA_FW_2_R1.fastq.gz	
File type	Conventional base calls	
Encoding	Sanger / Illumina 1.9	
Total Sequences	5886392	
Filtered Sequences	0	
Sequence length	100	
%GC	50	
>>END_MODULE
>>Per base sequence quality	pass
#Base	Mean	Median	Lower Quartile	Upper Quartile	10th Percentile	90th Percentile
1	30.31360602555861	31.0	30.0	34.0	26.0	34.0
2	30.595596759441097	31.0	30.0	34.0	27.0	34.0
3	29.207067758993965	31.0	30.0	34.0	16.0	34.0
4	32.92876264441784	37.0	33.0	37.0	19.0	37.0
5	33.63099756183414	37.0	35.0	37.0	28.0	37.0
6	31.10828823496634	37.0	32.0	37.0	10.0	37.0
7	31.947622244661925	37.0	32.0	37.0	17.0	37.0
8	33.06028701452435	37.0	33.0	37.0	27.0	37.0
9	34.773408906508436	38.0	35.0	39.0	27.0	39.0
10-14	34.41490790963294	38.8	34.2	39.4	21.6	39.4
15-19	35.5868385931484	39.4	35.4	41.0	27.0	41.0
20-24	35.54793873734539	40.0	35.0	41.0	26.6	41.0
25-29	35.18653521545966	39.0	34.6	41.0	24.8	41.0
30-34	34.77415639325413	39.0	34.0	41.0	23.6	41.0
35-39	34.438548469079194	39.0	33.2	41.0	22.2	41.0
40-44	34.13961825851897	38.4	33.0	40.8	20.4	41.0
45-49	33.677753911054516	38.0	33.0	40.0	18.0	41.0
50-54	32.98766657062595	37.2	32.2	40.0	12.8	41.0
55-59	32.28083097421986	35.8	31.4	39.8	7.8	41.0
60-64	31.44266447086772	35.0	30.8	38.8	2.8	40.6
65-69	30.6903105331755	35.0	30.0	37.2	2.0	39.8
70-74	29.883267950894197	34.6	29.8	35.8	2.0	38.8
75-79	28.8636642955481	33.8	28.6	35.0	2.0	36.8
80-84	28.78606008570275	34.0	29.0	35.0	2.0	36.0
85-89	28.304812863295545	34.0	29.0	35.0	2.0	35.2
90-94	27.861548772151092	34.0	28.2	35.0	2.0	35.0
95-99	27.265144896907987	34.0	27.0	35.0	2.0	35.0
100	26.13715566343526	33.0	24.0	35.0	2.0	35.0
>>END_MODULE
>>Per sequence quality scores	pass
#Quality	Count
2	171608.0
3	54949.0
4	29187.0
5	21731.0
6	21568.0
7	22564.0
8	23763.0
9	25571.0
10	27234.0
11	28661.0
12	29767.0
13	30392.0
14	30882.0
15	31863.0
16	31640.0
17	30829.0
18	30270.0
19	29791.0
20	29247.0
21	29456.0
22	31783.0
23	37530.0
24	45513.0
25	56982.0
26	73604.0
27	97610.0
28	121336.0
29	128194.0
30	154191.0
31	179286.0
32	210863.0
33	273711.0
34	376982.0
35	549204.0
36	843796.0
37	1118104.0
38	743531.0
39	113081.0
40	118.0
>>END_MODULE
>>Per base sequence content	fail
#Base	G	A	T	C
1	35.1620070435998	14.391051484551237	8.08207620512254	42.364865266726426
2	25.13629925541897	19.14827214965897	33.75036462843407	21.965063966487993
3	25.032535335417865	23.780010437268945	21.868657056777867	29.318797170535326
4	27.436683139787753	29.97990809303236	18.63431777901009	23.9490909881698
5	28.73241341554608	30.704707137906617	21.052128995556956	19.510750450990344
6	21.75008834394502	35.21078969420151	22.447866658613307	20.591255303240157
7	21.07186469872307	18.899018554576312	36.917652320825965	23.11146442587465
8	21.375716655396857	20.801185768668727	29.917564130429795	27.90553344550462
9	22.076614667691047	19.93099204542616	31.58648451475978	26.405908772123016
10-14	24.634940881764354	26.33768916833845	24.71304901041542	24.314320939481775
15-19	24.888464250803874	24.978481966499665	25.334654825662213	24.798398957034244
20-24	24.735923324499005	25.384001084722907	25.22113632880425	24.658939261973835
25-29	24.757638775403613	25.362971366301114	25.138775998294655	24.74061386000062
30-34	24.631443297041834	25.457639797305625	25.049690957221284	24.861225948431258
35-39	24.791962569560656	25.357417725781918	24.989025526955704	24.861594177701726
40-44	24.983340845968613	25.342159668700432	24.849890885812258	24.824608599518694
45-49	24.866906437169195	25.335551151576723	24.86219290505689	24.93534950619719
50-54	24.904481691541204	25.400154368012238	24.784969328082525	24.910394612364033
55-59	25.08612701563176	25.039644879195883	24.779219195926316	25.09500890924604
60-64	25.054369062674773	25.034906154668956	24.79884024445521	25.11188453820105
65-69	24.940529462091142	25.08603062445594	24.81349498392532	25.1599449295276
70-74	25.16392896751185	25.12643453985996	24.64695776975601	25.062678722872178
75-79	25.10855100220293	24.996274319620767	24.7502536962385	25.14492098193781
80-84	25.13819292812235	24.97576631171266	24.729618838714927	25.15642192145006
85-89	25.17284307046232	25.128454767541236	24.565140565054534	25.13356159694191
90-94	25.121646268685875	25.066302852885634	24.614496427415496	25.197554451012987
95-99	25.005801934381406	25.10223179999708	24.667333955672714	25.224632309948795
100	25.23012848047238	24.711133025951643	24.251691641429108	25.80704685214687
>>END_MODULE
>>Per base GC content	fail
#Base	%GC
1	77.52687231032623
2	47.10136322190696
3	54.35133250595319
4	51.38577412795755
5	48.24316386653642
6	42.34134364718518
7	44.18332912459772
8	49.281250100901474
9	48.48252343981406
10-14	48.949261821246125
15-19	49.68686320783812
20-24	49.39486258647284
25-29	49.498252635404235
30-34	49.492669245473095
35-39	49.65355674726238
40-44	49.80794944548731
45-49	49.80225594336638
50-54	49.81487630390524
55-59	50.18113592487779
60-64	50.166253600875834
65-69	50.10047439161875
70-74	50.22660769038403
75-79	50.25347198414073
80-84	50.294614849572405
85-89	50.30640466740422
90-94	50.31920071969886
95-99	50.230434244330205
100	51.037175332619256
>>END_MODULE
>>Per sequence GC content	warn
#GC Content	Count
0	3222.0
1	2191.0
2	1024.5
3	847.5
4	738.5
5	622.5
6	584.0
7	600.0
8	600.5
9	609.0
10	649.0
11	671.5
12	709.5
13	766.5
14	829.0
15	924.0
16	1047.0
17	1295.0
18	1629.5
19	2127.5
20	2822.0
21	3857.0
22	5435.5
23	7591.0
24	10477.0
25	13846.5
26	17788.5
27	22697.5
28	28690.5
29	34945.5
30	42258.5
31	50873.0
32	59592.5
33	68071.5
34	75336.5
35	82151.0
36	89380.5
37	95923.5
38	101421.5
39	107101.0
40	112567.0
41	118894.5
42	127016.5
43	137213.5
44	151817.0
45	164212.5
46	173878.0
47	185182.0
48	196061.0
49	206288.0
50	218178.5
51	229534.5
52	238969.5
53	245494.0
54	244392.5
55	243786.0
56	237766.0
57	223466.5
58	207684.5
59	186836.5
60	167737.0
61	152996.0
62	131645.5
63	106046.0
64	88184.0
65	76874.0
66	67058.5
67	57038.5
68	48934.5
69	40667.0
70	30381.0
71	21350.0
72	15026.0
73	12003.5
74	11505.5
75	11138.0
76	10566.5
77	10298.0
78	7733.0
79	4718.0
80	4370.5
81	5025.0
82	4703.0
83	3528.0
84	2532.0
85	1800.0
86	1146.0
87	581.0
88	352.0
89	261.5
90	202.0
91	137.5
92	94.0
93	73.0
94	44.0
95	28.0
96	19.5
97	10.0
98	3.5
99	2.5
100	2.0
>>END_MODULE
>>Per base N content	pass
#Base	N-Count
1	0.027470137904509247
2	0.004467932139076025
3	3.154173218501248
4	0.00747486745700932
5	0.01717520681599187
6	2.1204839908725073
7	0.03068093324399734
8	0.03294038181622971
9	0.03147938499508697
10-14	0.9428661903590518
15-19	0.022563906719090403
20-24	0.017294125161898835
25-29	0.015292899283635884
30-34	0.037761671326000716
35-39	0.0387775737667488
40-44	0.027850676611411537
45-49	0.020535499504620146
50-54	0.016577217419431124
55-59	0.004413569466661412
60-64	0.00550422058197959
65-69	0.0019706468750297296
70-74	0.0031258536638402606
75-79	0.0037170477263491794
80-84	0.002796279962326668
85-89	0.002660373281290135
90-94	0.01014203607235128
95-99	0.021843601309596776
100	0.016716521767493567
>>END_MODULE
>>Sequence Length Distribution	pass
#Length	Count
100	5886392.0
>>END_MODULE
>>Sequence Duplication Levels	warn
#Total Duplicate Percentage	38.016793567209845
#Duplication Level	Relative count
1	100.0
2	15.370099305435968
3	5.84423971069399
4	3.3838470811090064
5	2.232219734802824
6	1.7507605763159406
7	1.3977383617473165
8	1.077722289191206
9	1.0210378279088457
10++	11.427300384593307
>>END_MODULE
>>Overrepresented sequences	pass
>>END_MODULE
>>Kmer Content	warn
#Sequence	Count	Obs/Exp Overall	Obs/Exp Max	Max Obs/Exp Position
TTTTT	3093275	5.805585	8.290375	2
AAAAA	2646710	4.721871	7.98196	2
CTCCT	1277490	2.3352869	5.2908583	1
CTCCA	1267630	2.2938833	5.6402926	1
GAAGA	1265580	2.2795305	5.443676	2
AAGAA	1235245	2.2142916	5.1895204	2
CTGGA	1200825	2.1879048	6.158316	1
GAAAA	1115420	1.9994943	6.199822	2
CTTTT	1022830	1.9028999	5.0816073	1
GTTTT	984255	1.8374058	7.0523744	1
AAAAT	997495	1.7977215	5.0260396	3
GGAAA	893895	1.6100607	6.76001	1
CTGGG	804175	1.472222	5.089932	1
>>END_MODULE
