##FastQC	0.10.1
>>Basic Statistics	pass
#Measure	Value	
Filename	F_heteroclitus_MDPL_FW_1_R2.fastq.gz	
File type	Conventional base calls	
Encoding	Sanger / Illumina 1.9	
Total Sequences	14147458	
Filtered Sequences	0	
Sequence length	100	
%GC	48	
>>END_MODULE
>>Per base sequence quality	fail
#Base	Mean	Median	Lower Quartile	Upper Quartile	10th Percentile	90th Percentile
1	28.740975516591035	31.0	30.0	34.0	16.0	34.0
2	28.62936281556729	31.0	30.0	34.0	16.0	34.0
3	28.708278264547594	31.0	30.0	34.0	16.0	34.0
4	31.97906387140361	35.0	33.0	37.0	17.0	37.0
5	31.92461988577736	35.0	33.0	37.0	17.0	37.0
6	31.815197472224337	35.0	32.0	37.0	17.0	37.0
7	31.791926153800915	35.0	32.0	37.0	17.0	37.0
8	31.711962813390222	35.0	32.0	37.0	17.0	37.0
9	33.01073083235165	38.0	33.0	39.0	17.0	39.0
10-14	33.07835133350458	38.2	33.0	39.4	13.8	39.4
15-19	33.64004538483168	38.8	33.0	41.0	10.2	41.0
20-24	33.332751947381645	38.6	32.4	41.0	8.8	41.0
25-29	33.049861579373484	38.0	32.0	40.6	4.2	41.0
30-34	32.64569963027988	38.0	31.6	40.0	2.0	41.0
35-39	32.173404197418364	38.0	30.8	40.0	2.0	41.0
40-44	31.667575659174958	37.6	30.0	40.0	2.0	41.0
45-49	31.210367261737055	37.0	30.0	40.0	2.0	41.0
50-54	30.33839239529815	35.8	28.8	39.2	2.0	40.6
55-59	30.30470695159512	35.2	28.8	39.6	2.0	41.0
60-64	29.543854832437034	35.0	28.0	38.8	2.0	40.8
65-69	28.71514820542319	34.6	26.6	37.2	2.0	40.0
70-74	28.032798613008783	34.0	26.0	35.8	2.0	39.0
75-79	27.28533985398649	34.0	25.4	35.0	2.0	37.2
80-84	26.618383867971193	33.6	24.2	35.0	2.0	36.2
85-89	26.033525980427015	33.0	22.4	35.0	2.0	35.4
90-94	25.479617780098728	33.0	19.0	35.0	2.0	35.0
95-99	24.78355140548924	33.0	5.6	35.0	2.0	35.0
100	23.468495965847715	31.0	2.0	34.0	2.0	35.0
>>END_MODULE
>>Per sequence quality scores	pass
#Quality	Count
2	970802.0
3	133316.0
4	85974.0
5	70902.0
6	70695.0
7	73052.0
8	77259.0
9	84362.0
10	90377.0
11	93128.0
12	88545.0
13	86336.0
14	86384.0
15	87228.0
16	86602.0
17	86326.0
18	85759.0
19	85972.0
20	87772.0
21	93365.0
22	102787.0
23	119092.0
24	141909.0
25	170105.0
26	201843.0
27	235046.0
28	271564.0
29	313905.0
30	365589.0
31	432050.0
32	527298.0
33	658667.0
34	858564.0
35	1188458.0
36	1728948.0
37	2231187.0
38	1643249.0
39	332504.0
40	537.0
>>END_MODULE
>>Per base sequence content	fail
#Base	G	A	T	C
1	35.48712954080394	14.70840023936621	6.519533143968253	43.2849370758616
2	24.94048163730295	16.711143173920167	39.576813481701855	18.771561707075026
3	25.964987161138552	21.838648322289977	22.81553497637467	29.3808295401968
4	27.847241492162333	28.529828735843843	19.451112904453062	24.171816867540766
5	29.58090369292141	29.435392245466886	22.337524180890778	18.646179880720926
6	23.098089964712788	32.85885115019341	23.904611381009964	20.13844750408384
7	21.003982527627134	19.585869176718457	37.39582409552975	22.014324200124666
8	20.914415109133564	21.69280157109962	31.048522451720416	26.344260868046398
9	22.25787771750679	20.598435767179172	32.30988704805805	24.833799467255986
10-14	24.087385156969816	26.62378843685891	26.0410326890264	23.24779371714488
15-19	24.421133320569364	25.3406738040794	26.45756217682715	23.780630698524085
20-24	24.25611531258042	25.745867208236827	26.297862701051457	23.7001547781313
25-29	24.17330222013926	25.93459262675341	26.18220282551093	23.7099023275964
30-34	24.131971988809468	25.82923690078959	26.110683572270993	23.92810753812995
35-39	24.184492076554754	25.82135905951184	26.110597814687665	23.883551049245746
40-44	24.364767167748788	25.763280142905508	25.951050334470338	23.920902354875366
45-49	24.292560154657007	25.81484785163409	25.910509267417105	23.982082726291797
50-54	24.255323987680065	25.828344439174884	25.969800843870377	23.946530729274677
55-59	24.544188292978784	25.607518283844975	25.78873622848213	24.05955719469411
60-64	24.42083538484153	25.595705154174524	25.747048717074662	24.236410743909275
65-69	24.30364276382133	25.735903593641847	25.844077445208146	24.11637619732868
70-74	24.559759545883058	25.75469024406042	25.655260944987056	24.030289265069467
75-79	24.43998338090244	25.691473216922994	25.68275974549309	24.185783656681476
80-84	24.474322865304547	25.713399191793528	25.705086603744558	24.107191339157367
85-89	24.601976824169483	25.75446250577983	25.536032475126042	24.107528194924647
90-94	24.500750445597404	25.706147498949335	25.565381317499725	24.22772073795354
95-99	24.452344203606167	25.76611335682018	25.58750180483389	24.194040634739768
100	24.94623435407859	25.40583312973585	25.06464499965173	24.583287516533826
>>END_MODULE
>>Per base GC content	fail
#Base	%GC
1	78.77206661666554
2	43.712043344377975
3	55.34581670133535
4	52.019058359703095
5	48.22708357364234
6	43.23653746879663
7	43.0183067277518
8	47.25867597717996
9	47.09167718476277
10-14	47.335178874114696
15-19	48.20176401909345
20-24	47.95627009071172
25-29	47.88320454773566
30-34	48.06007952693941
35-39	48.0680431258005
40-44	48.285669522624154
45-49	48.274642880948804
50-54	48.20185471695474
55-59	48.603745487672896
60-64	48.657246128750806
65-69	48.42001896115001
70-74	48.590048810952524
75-79	48.62576703758391
80-84	48.58151420446192
85-89	48.70950501909414
90-94	48.728471183550944
95-99	48.64638483834593
100	49.52952187061241
>>END_MODULE
>>Per sequence GC content	warn
#GC Content	Count
0	14763.0
1	14140.0
2	12375.5
3	11302.5
4	9548.5
5	6392.5
6	4804.0
7	4427.5
8	4352.5
9	4316.5
10	4305.0
11	4385.5
12	4503.5
13	4716.5
14	4977.5
15	5465.5
16	6043.5
17	6851.0
18	8260.0
19	10169.5
20	13003.5
21	17342.0
22	22918.0
23	30088.0
24	39256.0
25	50864.0
26	65059.5
27	81122.0
28	98564.5
29	117821.0
30	140228.5
31	162731.0
32	184224.5
33	205620.0
34	224568.5
35	240085.0
36	255915.5
37	274772.0
38	290061.0
39	300652.0
40	309867.0
41	317555.5
42	330005.0
43	349365.5
44	373569.5
45	394572.0
46	417333.5
47	439860.0
48	452801.5
49	465940.0
50	480315.5
51	497762.5
52	513649.5
53	516278.0
54	511958.0
55	506759.5
56	493244.0
57	472817.5
58	447298.5
59	411086.5
60	372469.0
61	333454.5
62	287676.0
63	246448.0
64	210513.5
65	177946.5
66	151240.0
67	130179.5
68	113536.5
69	93307.5
70	72207.5
71	54140.0
72	41007.5
73	34347.0
74	30133.0
75	27778.5
76	23656.0
77	18739.0
78	13949.5
79	9058.0
80	7944.0
81	7790.0
82	8116.5
83	7819.5
84	5809.5
85	4029.0
86	2634.0
87	1691.5
88	1226.5
89	941.0
90	659.0
91	419.5
92	323.5
93	236.0
94	134.0
95	74.0
96	62.5
97	46.5
98	25.0
99	16.0
100	13.0
>>END_MODULE
>>Per base N content	pass
#Base	N-Count
1	0.03612663137080881
2	0.35432513742044686
3	0.07281166694398386
4	0.0442623685470563
5	0.054264165336274546
6	0.04494093567904566
7	0.05083598763820327
8	0.04258715593995755
9	0.042106504221465085
10-14	0.058129170625563976
15-19	0.05411855613920183
20-24	0.09851098338655609
25-29	0.039819167514050936
30-34	0.06115303540749158
35-39	0.04675327539406726
40-44	0.0493473809924016
45-49	0.044767052851473386
50-54	0.04439949565497915
55-59	0.048103341250421094
60-64	0.0498195506217442
65-69	0.044761398125373476
70-74	0.03922966231813517
75-79	0.04337599023089519
80-84	0.05271194302184887
85-89	0.057914291033767336
90-94	0.04236238057748608
95-99	0.0443005379482307
100	0.0423609668959611
>>END_MODULE
>>Sequence Length Distribution	pass
#Length	Count
100	1.4147458E7
>>END_MODULE
>>Sequence Duplication Levels	warn
#Total Duplicate Percentage	43.274060610992805
#Duplication Level	Relative count
1	100.0
2	19.161213705595895
3	7.476069404704026
4	4.294356284919541
5	2.7832019574868294
6	2.171885834522225
7	1.704033729984777
8	1.385224800146652
9	1.1644496162337508
10++	19.264029585468688
>>END_MODULE
>>Overrepresented sequences	warn
#Sequence	Count	Percentage	Possible Source
TTTTTTTTTTTTTTTTTTTTTTTTTTTTTTTTTTTTTTTTTTTTTTTTTT	17189	0.1214988586642208	No Hit
>>END_MODULE
>>Kmer Content	fail
#Sequence	Count	Obs/Exp Overall	Obs/Exp Max	Max Obs/Exp Position
TTTTT	15142775	9.555726	13.058628	10-14
AAAAA	9313385	6.334948	8.036909	70-74
GGGGG	2897150	2.4278824	5.4346895	1
CTCCT	2858290	2.2465081	7.858424	1
CTCCA	2760560	2.2024922	7.1875153	1
GAAGA	2919535	2.158727	5.1915073	2
CTCTG	2669765	2.064112	5.9120526	1
CTGGA	2642140	2.0398116	7.1805797	1
GAAAA	2875375	2.0391738	5.1995287	2
CTTTT	2814165	1.9106845	7.3935018	1
GTTTT	2745535	1.8336858	7.171959	1
CTGAA	2356620	1.7450166	5.253361	1
GGAAA	2218620	1.6404648	6.096897	1
CTCAG	2024260	1.5887004	6.2889433	1
GGGAG	1916300	1.5402668	5.252795	1
CTGGG	1887580	1.5193709	6.821627	1
CTCCC	1691290	1.4302138	5.2507753	1
GGGAA	1825190	1.4070718	5.0087743	1
>>END_MODULE
