##FastQC	0.10.1
>>Basic Statistics	pass
#Measure	Value	
Filename	F_chrysotus_NA_transfer_1_R2.fastq.gz	
File type	Conventional base calls	
Encoding	Sanger / Illumina 1.9	
Total Sequences	9099949	
Filtered Sequences	0	
Sequence length	100	
%GC	49	
>>END_MODULE
>>Per base sequence quality	fail
#Base	Mean	Median	Lower Quartile	Upper Quartile	10th Percentile	90th Percentile
1	28.53288683266247	31.0	30.0	34.0	16.0	34.0
2	28.41007032017432	31.0	28.0	34.0	16.0	34.0
3	28.503951945225186	31.0	28.0	34.0	16.0	34.0
4	31.764423624791743	35.0	32.0	37.0	17.0	37.0
5	31.706440992141825	35.0	32.0	37.0	16.0	37.0
6	31.598830389049432	35.0	32.0	37.0	15.0	37.0
7	31.57322947634102	35.0	32.0	37.0	15.0	37.0
8	31.49882565275915	35.0	32.0	37.0	13.0	37.0
9	32.76929738836998	38.0	32.0	39.0	11.0	39.0
10-14	32.83464056776582	37.2	32.2	39.4	10.4	39.4
15-19	33.39835357319036	38.2	32.4	41.0	9.4	41.0
20-24	33.130526797457875	38.4	32.0	41.0	6.6	41.0
25-29	32.86032581061718	38.0	32.0	40.2	2.0	41.0
30-34	32.47636174664275	38.0	31.2	40.0	2.0	41.0
35-39	32.030567885600234	38.0	30.6	40.0	2.0	41.0
40-44	31.5518864116711	37.6	30.0	40.0	2.0	41.0
45-49	31.11637016866798	37.0	30.0	40.0	2.0	41.0
50-54	30.266077139553197	35.8	28.6	39.2	2.0	40.4
55-59	30.236281016519985	35.2	28.8	39.4	2.0	41.0
60-64	29.46895884801113	35.0	28.0	38.6	2.0	40.6
65-69	28.63568716703797	34.4	26.4	37.0	2.0	39.8
70-74	27.95040961218574	34.0	26.0	35.8	2.0	38.8
75-79	27.22102664531417	34.0	25.4	35.0	2.0	37.0
80-84	26.583390895927	33.4	24.4	35.0	2.0	36.0
85-89	26.030687864294624	33.0	23.0	35.0	2.0	35.0
90-94	25.503365216662203	33.0	19.4	35.0	2.0	35.0
95-99	24.818797709745404	33.0	7.2	35.0	2.0	35.0
100	23.469641972718748	31.0	2.0	34.0	2.0	35.0
>>END_MODULE
>>Per sequence quality scores	pass
#Quality	Count
2	666922.0
3	89151.0
4	57467.0
5	45828.0
6	44293.0
7	45431.0
8	48538.0
9	52360.0
10	55419.0
11	56689.0
12	54605.0
13	53509.0
14	53454.0
15	53112.0
16	53433.0
17	53354.0
18	53004.0
19	52835.0
20	54499.0
21	56982.0
22	63245.0
23	73900.0
24	88397.0
25	106549.0
26	128076.0
27	149205.0
28	173059.0
29	202222.0
30	236416.0
31	282251.0
32	344411.0
33	431013.0
34	564655.0
35	777827.0
36	1139161.0
37	1458062.0
38	1009147.0
39	171212.0
40	256.0
>>END_MODULE
>>Per base sequence content	fail
#Base	G	A	T	C
1	41.65911088617213	13.029291217955171	9.463362232911221	35.84823566296148
2	26.770720035524754	17.954343459020084	33.085701484909144	22.189235020546015
3	28.26193890771032	22.148366109457708	21.67222731934972	27.917467663482253
4	30.47184165451855	27.49661941543921	18.527175502360365	23.504363427681877
5	30.627847133713143	28.582781608406798	21.388026887409413	19.401344370470643
6	24.266526589410894	32.535441938721405	22.47006436832813	20.727967103539573
7	21.938198522645287	19.339029663855957	35.92302125701148	22.79975055648728
8	23.259737951055218	21.862312882451544	28.441955315510942	26.4359938509823
9	23.7251588356974	20.923349023415515	30.003753218929415	25.347738921957674
10-14	25.04732882052379	26.349652593592975	25.04842614106933	23.554592444813903
15-19	25.120673027298636	24.94880728145368	25.753984601261926	24.176535089985762
20-24	24.932567615133973	25.410762022740784	25.56080877197463	24.095861590150612
25-29	24.935823285421684	25.4439755613224	25.436066910135274	24.184134243120646
30-34	24.80658173004161	25.472916648065546	25.45307594459188	24.267425677300963
35-39	24.80541800275332	25.51393339579307	25.429322728327264	24.251325873126348
40-44	24.91034285919725	25.44126353707659	25.305004692988813	24.34338891073734
45-49	24.85510191629347	25.424250036692175	25.321626285119358	24.399021761895
50-54	24.75393928781153	25.541677016515337	25.370004936924538	24.334378758748596
55-59	24.878332261500198	25.42950230551319	25.270102720292492	24.42206271269412
60-64	24.804498837234384	25.382065459353605	25.29931657628871	24.5141191271233
65-69	24.740957657903266	25.451960166779365	25.332823567740416	24.474258607576953
70-74	24.87808031252669	25.38482586427502	25.239623989123654	24.497469834074632
75-79	24.803407337174168	25.35467351764692	25.256237290212862	24.58568185496605
80-84	24.820584048796345	25.426835311412084	25.232499961683107	24.52008067810846
85-89	24.96370218852977	25.361933557544415	25.12703574294271	24.547328510983114
90-94	24.853213464093646	25.313738781772564	25.1683231579482	24.66472459618559
95-99	24.84660145212374	25.406318898134252	25.159090094042547	24.58798955569946
100	25.36576576259641	25.096936914434526	24.664060134637598	24.87323718833147
>>END_MODULE
>>Per base GC content	fail
#Base	%GC
1	77.5073465491336
2	48.95995505607077
3	56.17940657119258
4	53.97620508220042
5	50.02919150418379
6	44.99449369295046
7	44.73794907913257
8	49.695731802037514
9	49.07289775765507
10-14	48.601921265337694
15-19	49.2972081172844
20-24	49.02842920528458
25-29	49.11995752854232
30-34	49.07400740734257
35-39	49.05674387587967
40-44	49.253731769934596
45-49	49.25412367818846
50-54	49.088318046560126
55-59	49.30039497419432
60-64	49.318617964357685
65-69	49.21521626548022
70-74	49.37555014660132
75-79	49.389089192140226
80-84	49.340664726904805
85-89	49.51103069951288
90-94	49.517938060279235
95-99	49.4345910078232
100	50.23900295092788
>>END_MODULE
>>Per sequence GC content	warn
#GC Content	Count
0	5167.0
1	4577.0
2	3947.0
3	3838.5
4	3170.5
5	2153.5
6	1657.5
7	1551.5
8	1480.0
9	1476.0
10	1449.0
11	1449.0
12	1535.0
13	1580.5
14	1708.0
15	1874.0
16	2005.0
17	2388.0
18	2960.5
19	3733.5
20	4961.5
21	6817.0
22	9333.0
23	12630.5
24	17097.0
25	22807.0
26	29890.0
27	37773.0
28	46232.5
29	56324.0
30	67833.0
31	81126.5
32	95069.0
33	107260.0
34	119175.5
35	131197.0
36	143195.5
37	154746.0
38	165602.5
39	176166.0
40	184969.0
41	195395.0
42	208576.5
43	221649.5
44	235800.5
45	250227.0
46	265170.0
47	281112.0
48	299491.5
49	317167.5
50	330973.0
51	344965.0
52	358898.5
53	367040.5
54	369781.5
55	369098.0
56	362942.5
57	346821.5
58	322803.5
59	296255.5
60	266025.0
61	234961.0
62	204329.5
63	175477.0
64	149319.5
65	124834.5
66	103188.0
67	85189.5
68	69193.5
69	54490.5
70	42389.5
71	32605.0
72	24290.5
73	18123.5
74	14058.5
75	10832.5
76	7957.5
77	5682.5
78	4016.0
79	2878.5
80	2220.0
81	1763.5
82	1295.0
83	913.0
84	676.0
85	489.0
86	337.0
87	266.0
88	193.0
89	130.0
90	90.0
91	55.0
92	50.0
93	46.0
94	31.5
95	21.0
96	13.5
97	10.0
98	6.0
99	6.0
100	3.0
>>END_MODULE
>>Per base N content	pass
#Base	N-Count
1	0.03473645841311858
2	0.3196831103119369
3	0.07243996642178983
4	0.04273650324853469
5	0.053154144050697426
6	0.04413211546570206
7	0.04948379381027301
8	0.04243979828897942
9	0.041285945668486715
10-14	0.055690422001266164
15-19	0.05176072964804528
20-24	0.09065105749493761
25-29	0.03935406670960464
30-34	0.060587152741185694
35-39	0.0458156413843638
40-44	0.04907719812495652
45-49	0.04400024659478861
50-54	0.043987059707697264
55-59	0.04743762849659927
60-64	0.049217858253930866
65-69	0.04399585096575816
70-74	0.038571644742184816
75-79	0.04294089999845054
80-84	0.05212336904305727
85-89	0.05698713256524845
90-94	0.041923311877901735
95-99	0.043982664078666814
100	0.04205518074881518
>>END_MODULE
>>Sequence Length Distribution	pass
#Length	Count
100	9099949.0
>>END_MODULE
>>Sequence Duplication Levels	warn
#Total Duplicate Percentage	34.75248287012087
#Duplication Level	Relative count
1	100.0
2	17.366519174041297
3	6.872418879056047
4	3.9277286135693217
5	2.7205014749262535
6	1.9616519174041298
7	1.4675516224188792
8	1.252212389380531
9	1.131268436578171
10++	10.792772861356932
>>END_MODULE
>>Overrepresented sequences	pass
>>END_MODULE
>>Kmer Content	warn
#Sequence	Count	Obs/Exp Overall	Obs/Exp Max	Max Obs/Exp Position
TTTTT	6154175	6.8734674	9.004241	10-14
AAAAA	4473700	5.057226	6.9710774	2
CTCCT	2055480	2.5386302	5.499288	1
GGAGG	2157035	2.4522517	5.3837833	1
CTCCA	1906245	2.3600047	5.100858	1
CTGGA	1913515	2.2324042	5.8555574	1
GAAAA	1797220	2.0345216	5.3129945	1
GGAGA	1784460	2.0258114	5.0155616	1
CTTTT	1680705	1.9411432	5.0753856	1
GGGGG	1700485	1.9359596	5.806735	1
GTTTT	1647165	1.8467437	6.9114537	1
GGAAA	1444760	1.6378433	5.881391	1
CTGGG	1323780	1.5465801	5.1840854	1
GTGGA	1349655	1.5285059	5.062339	1
GGGAG	1317855	1.4982196	5.3974614	1
>>END_MODULE
