##FastQC	0.10.1
>>Basic Statistics	pass
#Measure	Value	
Filename	F_grandis_NA_BW_3_R2.fastq.gz	
File type	Conventional base calls	
Encoding	Sanger / Illumina 1.9	
Total Sequences	10721690	
Filtered Sequences	0	
Sequence length	100	
%GC	50	
>>END_MODULE
>>Per base sequence quality	fail
#Base	Mean	Median	Lower Quartile	Upper Quartile	10th Percentile	90th Percentile
1	29.196709567241733	31.0	30.0	34.0	22.0	34.0
2	29.2170176530006	31.0	30.0	34.0	22.0	34.0
3	29.26387229998256	31.0	30.0	34.0	22.0	34.0
4	32.503079085479996	37.0	35.0	37.0	22.0	37.0
5	32.423662967312055	37.0	33.0	37.0	22.0	37.0
6	32.341383028235285	37.0	33.0	37.0	20.0	37.0
7	32.35110173862516	37.0	33.0	37.0	20.0	37.0
8	32.27451800975406	37.0	33.0	37.0	19.0	37.0
9	33.62416438080191	39.0	34.0	39.0	18.0	39.0
10-14	33.68471901351373	38.4	34.0	39.4	17.0	39.4
15-19	34.34113347802445	39.0	34.0	41.0	16.2	41.0
20-24	34.05011642754081	39.0	34.0	41.0	11.0	41.0
25-29	33.74315323423826	39.0	33.4	41.0	8.8	41.0
30-34	32.900891072209696	38.6	31.8	40.6	4.8	41.0
35-39	32.68744765051032	38.0	31.8	40.0	2.0	41.0
40-44	32.277553128284815	38.0	31.0	40.0	2.0	41.0
45-49	31.857131944684095	37.2	31.0	40.0	2.0	41.0
50-54	31.00395549582202	36.0	30.0	39.4	2.0	40.6
55-59	30.845857770556695	35.4	30.0	39.4	2.0	41.0
60-64	30.05888347825762	35.0	29.2	38.6	2.0	40.6
65-69	29.25282711960521	35.0	29.0	36.8	2.0	39.6
70-74	28.557077046622318	34.2	28.0	35.6	2.0	38.8
75-79	27.85870572642932	34.0	27.0	35.0	2.0	36.8
80-84	27.237217584168167	34.0	25.8	35.0	2.0	36.0
85-89	26.706705192931338	34.0	24.8	35.0	2.0	35.0
90-94	26.16158014268273	33.2	23.6	35.0	2.0	35.0
95-99	25.49939576689869	33.0	18.8	35.0	2.0	35.0
100	24.205860176893754	32.0	2.0	35.0	2.0	35.0
>>END_MODULE
>>Per sequence quality scores	pass
#Quality	Count
2	693807.0
3	96174.0
4	59297.0
5	48321.0
6	48478.0
7	49652.0
8	52194.0
9	55346.0
10	57686.0
11	59010.0
12	57553.0
13	56164.0
14	55735.0
15	56180.0
16	56847.0
17	56071.0
18	56014.0
19	57373.0
20	59360.0
21	63189.0
22	69599.0
23	80669.0
24	95533.0
25	113782.0
26	133523.0
27	157481.0
28	184139.0
29	216251.0
30	255434.0
31	309568.0
32	385979.0
33	494165.0
34	667450.0
35	966952.0
36	1505112.0
37	1900836.0
38	1191239.0
39	199292.0
40	235.0
>>END_MODULE
>>Per base sequence content	fail
#Base	G	A	T	C
1	38.47950676962018	11.437666758602775	10.350201929762555	39.73262454201449
2	29.995510496489068	20.048521352017108	27.336438503273623	22.619529648220198
3	30.04015655064579	25.249455239507075	19.357523181128826	25.35286502871831
4	31.74806798584883	30.50762472287667	16.63327797631227	21.11102931496223
5	31.172997128694234	31.070727097928312	19.40204317978801	18.354232593589444
6	23.116406866883754	34.458575174896126	21.470408520001012	20.954609438219105
7	22.6691166227555	17.926253311065643	35.899243394267174	23.505386671911683
8	23.416401460656356	20.61080398244779	27.842842647627197	28.12995190926866
9	23.23708157908585	19.29146626787821	30.523197120004898	26.948255033031042
10-14	25.890326437570554	25.48791054271463	24.02557560238483	24.596187417329983
15-19	25.79336479892391	24.40155933333668	24.95047929133238	24.854596576407033
20-24	25.758688898332178	25.160204639416623	24.581633401470576	24.499473060780623
25-29	25.68446549342742	25.140994016798164	24.404580855026687	24.769959634747728
30-34	25.75423921684461	25.056084102843045	24.637684134825516	24.55199254548683
35-39	25.56618548478069	25.009003542961345	24.56189476650028	24.862916205757685
40-44	25.769464046444725	24.924358543853543	24.476436850658946	24.829740559042794
45-49	25.60827758596443	24.929830385960035	24.472325585067843	24.98956644300769
50-54	25.582802825912715	24.921964036624473	24.550353278286952	24.94487985917586
55-59	25.912675096804872	24.660995352455295	24.322000038379223	25.104329512360614
60-64	25.64332622461189	24.757708511063033	24.350184745562927	25.248780518762143
65-69	25.557083709279432	24.793332463006212	24.516704326296065	25.132879501418287
70-74	25.72946124003791	24.93213391633266	24.29637712947231	25.04202771415712
75-79	25.623199851221173	24.851726981892927	24.353049514277593	25.172023652608306
80-84	25.699239214206216	24.901413666519396	24.26117506211401	25.13817205716038
85-89	25.857312621345162	24.733260660236386	24.15466382489635	25.254762893522102
90-94	25.727536243785643	24.749233522578493	24.225707093735238	25.29752313990063
95-99	25.737082971523893	24.79193192904334	24.254120129747303	25.21686496968546
100	26.25387381149457	24.35457004775018	23.76617062594075	25.625385514814504
>>END_MODULE
>>Per base GC content	fail
#Base	%GC
1	78.21213131163466
2	52.61504014470927
3	55.3930215793641
4	52.859097300811065
5	49.52722972228368
6	44.07101630510286
7	46.17450329466718
8	51.546353369925015
9	50.18533661211689
10-14	50.48651385490054
15-19	50.647961375330944
20-24	50.258161959112805
25-29	50.45442512817515
30-34	50.30623176233144
35-39	50.42910169053837
40-44	50.599204605487515
45-49	50.59784402897212
50-54	50.52768268508857
55-59	51.01700460916548
60-64	50.89210674337403
65-69	50.68996321069772
70-74	50.771488954195036
75-79	50.795223503829476
80-84	50.8374112713666
85-89	51.112075514867264
90-94	51.02505938368627
95-99	50.95394794120936
100	51.87925932630907
>>END_MODULE
>>Per sequence GC content	warn
#GC Content	Count
0	5444.0
1	3669.0
2	1715.5
3	1485.5
4	1321.0
5	1161.0
6	1090.0
7	1058.0
8	1024.5
9	1012.5
10	1041.5
11	1111.0
12	1182.0
13	1295.5
14	1480.0
15	1729.0
16	2029.5
17	2480.5
18	3258.5
19	4286.5
20	5822.5
21	7946.5
22	10680.5
23	14377.5
24	19379.0
25	25477.5
26	32854.5
27	41381.0
28	51332.0
29	61967.5
30	74189.5
31	87542.0
32	99089.5
33	112435.0
34	123862.5
35	132771.0
36	143263.5
37	152506.0
38	163655.5
39	176209.5
40	186282.5
41	197605.0
42	211037.5
43	224459.5
44	241540.0
45	259913.5
46	278319.5
47	300110.5
48	321397.5
49	344111.0
50	366179.5
51	391970.5
52	416940.5
53	431683.0
54	439742.0
55	444440.5
56	442801.0
57	435210.5
58	419025.0
59	389604.5
60	357219.5
61	319792.5
62	281549.5
63	248390.0
64	214091.5
65	181162.5
66	154546.5
67	130725.0
68	109589.5
69	89176.5
70	69877.0
71	54503.5
72	41465.5
73	32200.5
74	25923.0
75	21462.5
76	17138.5
77	13168.0
78	9768.0
79	6694.5
80	5400.5
81	4671.5
82	4502.0
83	4211.0
84	3058.0
85	1993.5
86	1222.5
87	774.5
88	574.0
89	464.5
90	349.0
91	232.5
92	188.0
93	140.0
94	76.0
95	35.5
96	20.5
97	18.5
98	18.0
99	14.0
100	9.5
>>END_MODULE
>>Per base N content	pass
#Base	N-Count
1	0.038258893887064445
2	0.05207201476632882
3	0.03857600807335411
4	0.037204955562042924
5	0.046289344310458516
6	0.03504111758500759
7	0.039350139763414164
8	0.04536598241508568
9	0.03631890121799828
10-14	0.03241280059393621
15-19	0.049098602925471635
20-24	0.047417897738136434
25-29	0.029049524841699394
30-34	0.05427502567225876
35-39	0.05510698406687752
40-44	0.09115167478261357
45-49	0.06736997618845536
50-54	0.06363362492293659
55-59	0.0705075412551566
60-64	0.06233159138158257
65-69	0.06477337061601296
70-74	0.061721612917366574
75-79	0.057703589639319916
80-84	0.06263937868004017
85-89	0.060544559672962
90-94	0.05394671922057064
95-99	0.05049017459001333
100	0.05129788307626876
>>END_MODULE
>>Sequence Length Distribution	pass
#Length	Count
100	1.072169E7
>>END_MODULE
>>Sequence Duplication Levels	warn
#Total Duplicate Percentage	40.205968599609946
#Duplication Level	Relative count
1	100.0
2	19.822293138106076
3	7.576788605486073
4	4.378534387685665
5	2.7821448404783693
6	2.127476515631477
7	1.6229830036526895
8	1.360959241617195
9	1.124746775543406
10++	15.63617022940767
>>END_MODULE
>>Overrepresented sequences	pass
>>END_MODULE
>>Kmer Content	warn
#Sequence	Count	Obs/Exp Overall	Obs/Exp Max	Max Obs/Exp Position
TTTTT	5711080	6.571282	8.641775	2
AAAAA	5010090	5.2381887	10.399729	2
GAAGA	2346075	2.2327876	5.8065305	2
AAGAA	2231115	2.2255764	5.0630484	2
TCCAG	2218445	2.2110043	5.1477265	7
CTGGA	2291600	2.2009702	6.279634	1
GAAAA	2010510	2.0055187	6.8967857	1
GGAGA	2160530	1.9617821	5.308523	2
AAAAC	1843660	1.9083893	5.283036	3
GTTTT	1755775	1.8908908	6.6899395	1
AAAAT	1752700	1.8679379	5.826557	3
AAAAG	1872520	1.8678716	5.209407	3
GGAAG	1833690	1.6650083	5.3411236	1
GGAAA	1671725	1.5910006	6.909367	1
GCCAG	1541880	1.4383255	5.2338104	1
GGGAG	1632030	1.4138508	5.589318	1
GGGAA	1416220	1.2859415	5.121518	1
>>END_MODULE
