##FastQC	0.10.1
>>Basic Statistics	pass
#Measure	Value	
Filename	A_xenica_NA_transfer_2_R2.fastq.gz	
File type	Conventional base calls	
Encoding	Sanger / Illumina 1.9	
Total Sequences	16659724	
Filtered Sequences	0	
Sequence length	100	
%GC	48	
>>END_MODULE
>>Per base sequence quality	pass
#Base	Mean	Median	Lower Quartile	Upper Quartile	10th Percentile	90th Percentile
1	29.24744557592911	31.0	30.0	34.0	23.0	34.0
2	29.266621763961997	31.0	30.0	34.0	22.0	34.0
3	29.308954097919028	31.0	30.0	34.0	22.0	34.0
4	32.58169427056534	37.0	35.0	37.0	23.0	37.0
5	32.51416986259797	37.0	35.0	37.0	22.0	37.0
6	32.3961778118293	37.0	33.0	37.0	21.0	37.0
7	32.4319701214738	37.0	33.0	37.0	22.0	37.0
8	32.38808584103794	37.0	33.0	37.0	22.0	37.0
9	33.734295418099364	39.0	34.0	39.0	20.0	39.0
10-14	33.7923288284968	38.2	34.0	39.4	18.2	39.4
15-19	34.437294195269985	39.0	34.0	41.0	17.0	41.0
20-24	34.105606563470076	39.0	34.0	41.0	14.2	41.0
25-29	33.84456258699124	39.0	33.8	41.0	9.8	41.0
30-34	33.497825005984495	38.8	33.0	41.0	8.2	41.0
35-39	33.05713686493246	38.0	32.6	40.0	3.0	41.0
40-44	32.56710998333466	38.0	31.8	40.0	2.0	41.0
45-49	32.067113452779886	38.0	31.0	40.0	2.0	41.0
50-54	31.333914871578905	36.6	30.4	39.6	2.0	40.6
55-59	31.27652256423936	36.2	30.6	40.0	2.0	41.0
60-64	30.491241799684076	35.0	29.8	39.0	2.0	41.0
65-69	29.729313834971094	35.0	29.0	37.4	2.0	40.0
70-74	28.985529856316948	34.8	29.0	36.2	2.0	39.0
75-79	28.26435693652548	34.0	27.8	35.0	2.0	37.6
80-84	27.60924391064342	34.0	26.8	35.0	2.0	36.2
85-89	27.069067890920643	34.0	25.8	35.0	2.0	35.4
90-94	26.553140484200092	34.0	24.8	35.0	2.0	35.0
95-99	25.906866392264362	33.2	22.8	35.0	2.0	35.0
100	24.657525358763447	32.0	17.0	35.0	2.0	35.0
>>END_MODULE
>>Per sequence quality scores	pass
#Quality	Count
2	1025397.0
3	140031.0
4	92651.0
5	75314.0
6	74570.0
7	72702.0
8	75813.0
9	81369.0
10	86751.0
11	89403.0
12	86083.0
13	85680.0
14	86150.0
15	87264.0
16	88370.0
17	86264.0
18	85676.0
19	85750.0
20	87768.0
21	92863.0
22	102467.0
23	118840.0
24	141221.0
25	169720.0
26	200960.0
27	235482.0
28	276795.0
29	325353.0
30	387025.0
31	468653.0
32	579694.0
33	740706.0
34	994440.0
35	1430761.0
36	2215593.0
37	3004876.0
38	2194604.0
39	386293.0
40	372.0
>>END_MODULE
>>Per base sequence content	fail
#Base	G	A	T	C
1	35.9696475019621	13.683528318154503	8.385557388989989	41.96126679089341
2	26.11187135835813	17.70727648205421	36.09977246635718	20.08107969323048
3	26.210192423542587	21.907890592189734	22.28026164946253	29.601655334805145
4	27.603052072632178	28.626999715696883	19.02685097003575	24.74309724163519
5	29.640704592082866	29.506332369796922	21.75788653843763	19.09507649968258
6	22.8925228876884	33.208613600904826	23.109221971436174	20.7896415399706
7	20.469690720361715	18.575371252552628	38.162365023912606	22.792573003173054
8	21.312868101570075	21.50205287457387	30.02149286506659	27.16358615878946
9	22.46546693842639	20.446127330884437	31.529709060266264	25.558696670422908
10-14	24.308840335798582	26.699610834882986	25.54079501000866	23.450753819309774
15-19	24.6318777052891	25.230204571170656	26.006293980183404	24.131623743356844
20-24	24.50986809676184	25.691091304336965	25.85005504776155	23.94898555113965
25-29	24.534236936197292	25.785299459650147	25.728734015794902	23.951729588357665
30-34	24.341890843012727	25.70035390803522	25.8277079061977	24.130047342754356
35-39	24.391414456582762	25.829477438173328	25.74806720042459	24.03104090481932
40-44	24.620732671806394	25.63633136842642	25.66025846989112	24.082677489876072
45-49	24.555444844916067	25.719181171504374	25.58618304309362	24.139190940485943
50-54	24.449339254676246	25.751687526270462	25.64774448513976	24.151228733913527
55-59	24.595843577685077	25.663364804414435	25.46180474328655	24.278986874613942
60-64	24.563508801119234	25.57155449582661	25.496880706458843	24.368055996595324
65-69	24.48533901509634	25.678672634760414	25.566810222487995	24.269178127655255
70-74	24.63968364577823	25.68281416367435	25.456092100405307	24.22141009014211
75-79	24.544206432292633	25.654996458218843	25.43885320411814	24.361943905370385
80-84	24.58789341482784	25.63169410743724	25.429944361661	24.350468116073916
85-89	24.725816240091582	25.600470264614195	25.304126761337216	24.369586733957014
90-94	24.60707194110867	25.512779537134833	25.362754381993845	24.517394139762647
95-99	24.721447272469266	25.606050698534794	25.35448847948257	24.31801354951337
100	25.131575635619274	25.2476307074752	24.98433827194118	24.636455384964346
>>END_MODULE
>>Per base GC content	fail
#Base	%GC
1	77.93091429285552
2	46.19295105158861
3	55.81184775834773
4	52.346149314267365
5	48.735781091765446
6	43.682164427659
7	43.262263723534765
8	48.47645426035954
9	48.0241636088493
10-14	47.75959415510836
15-19	48.76350144864594
20-24	48.45885364790149
25-29	48.48596652455496
30-34	48.47193818576708
35-39	48.42245536140208
40-44	48.70341016168246
45-49	48.694635785402006
50-54	48.60056798858977
55-59	48.874830452299015
60-64	48.93156479771456
65-69	48.75451714275159
70-74	48.86109373592035
75-79	48.90615033766302
80-84	48.93836153090175
85-89	49.095402974048596
90-94	49.124466080871315
95-99	49.03946082198264
100	49.768031020583614
>>END_MODULE
>>Per sequence GC content	warn
#GC Content	Count
0	25595.0
1	15881.0
2	5471.0
3	4698.0
4	4455.5
5	4135.0
6	3902.0
7	3788.0
8	3771.5
9	3803.0
10	3849.0
11	3794.0
12	3793.5
13	3929.5
14	4085.5
15	4380.0
16	4802.5
17	5399.0
18	6392.5
19	7978.0
20	10443.0
21	14065.0
22	19307.0
23	26220.0
24	35291.5
25	46316.5
26	59474.5
27	75587.0
28	93122.5
29	111974.5
30	132125.5
31	156051.0
32	182260.0
33	208516.5
34	232733.5
35	254153.0
36	276242.0
37	301051.5
38	322495.5
39	344702.5
40	366917.5
41	384600.0
42	405113.0
43	433030.0
44	464128.5
45	484726.0
46	504718.5
47	530321.5
48	562285.5
49	591384.5
50	608488.5
51	627152.0
52	648129.0
53	655958.0
54	650971.0
55	641460.5
56	624275.0
57	598059.5
58	558166.0
59	509082.5
60	452644.0
61	396812.5
62	347409.0
63	299277.5
64	254806.0
65	213765.5
66	176802.5
67	144438.0
68	117193.0
69	92899.0
70	71431.0
71	54124.5
72	41011.0
73	31892.5
74	25410.0
75	20239.5
76	15171.5
77	11248.5
78	8579.5
79	5964.0
80	4162.5
81	3057.5
82	2563.0
83	2315.0
84	1590.0
85	923.0
86	608.0
87	390.0
88	253.0
89	173.0
90	127.5
91	78.5
92	48.0
93	37.5
94	24.5
95	14.5
96	11.0
97	9.5
98	6.5
99	4.0
100	2.5
>>END_MODULE
>>Per base N content	pass
#Base	N-Count
1	0.047509790678404995
2	0.056657601290393524
3	0.05156748094986448
4	0.05091320840609364
5	0.04932254579967831
6	0.0511593109225579
7	0.04955664331533943
8	0.04334405539971731
9	0.055409081206867536
10-14	0.040464055707045324
15-19	0.04575105806074578
20-24	0.04803440921350198
25-29	0.03020938402100779
30-34	0.0463056890978506
35-39	0.040706556723268644
40-44	0.09003750602350916
45-49	0.06914760412597472
50-54	0.06481499933612345
55-59	0.08383092060828859
60-64	0.0807624424030074
65-69	0.07388477744289161
70-74	0.06690266897578856
75-79	0.06795430704614314
80-84	0.08494498468281947
85-89	0.07860994575900537
90-94	0.05672122779465014
95-99	0.0710371912523881
100	0.07476114250152044
>>END_MODULE
>>Sequence Length Distribution	pass
#Length	Count
100	1.6659724E7
>>END_MODULE
>>Sequence Duplication Levels	warn
#Total Duplicate Percentage	45.1928105344986
#Duplication Level	Relative count
1	100.0
2	22.75661689489474
3	10.090173728412891
4	5.977770327771617
5	3.9017974572555896
6	2.8393119632772006
7	2.340734627915173
8	1.844736140839501
9	1.5421512752404776
10++	20.629926674747058
>>END_MODULE
>>Overrepresented sequences	warn
#Sequence	Count	Percentage	Possible Source
TTTTTTTTTTTTTTTTTTTTTTTTTTTTTTTTTTTTTTTTTTTTTTTTTT	46933	0.28171535134675696	No Hit
>>END_MODULE
>>Kmer Content	fail
#Sequence	Count	Obs/Exp Overall	Obs/Exp Max	Max Obs/Exp Position
TTTTT	13335165	7.62489	11.398257	2
AAAAA	8927640	5.2460213	6.7582803	2
CTCCT	3688080	2.4542239	7.2620854	1
CTCCA	3426840	2.2928693	6.6885743	1
GAAGA	3554890	2.2209833	5.2262316	2
CTGGA	3375240	2.1940172	6.781299	1
CTCTG	3335840	2.1879833	5.1620307	1
GAAAA	3319590	2.0113645	5.105095	2
GTTTT	3030845	1.7967324	6.7385693	1
CTCAG	2541470	1.6760825	5.3776546	1
GGAAA	2658570	1.6609907	5.855137	1
CTGGG	2306520	1.5459855	5.989159	1
GGGAG	2222825	1.4765563	5.0127196	1
>>END_MODULE
