##FastQC	0.10.1
>>Basic Statistics	pass
#Measure	Value	
Filename	F_heteroclitus_MDPL_BW_1_R1.fastq.gz	
File type	Conventional base calls	
Encoding	Sanger / Illumina 1.9	
Total Sequences	16523320	
Filtered Sequences	0	
Sequence length	100	
%GC	48	
>>END_MODULE
>>Per base sequence quality	pass
#Base	Mean	Median	Lower Quartile	Upper Quartile	10th Percentile	90th Percentile
1	30.165869207883162	31.0	30.0	34.0	26.0	34.0
2	30.48168170803446	31.0	30.0	34.0	27.0	34.0
3	30.048196912000737	31.0	30.0	34.0	26.0	34.0
4	31.696620533887863	35.0	32.0	37.0	16.0	37.0
5	32.80044664147399	35.0	33.0	37.0	19.0	37.0
6	33.23710779673819	36.0	33.0	37.0	27.0	37.0
7	33.39807096878835	36.0	35.0	37.0	28.0	37.0
8	33.39089607899623	37.0	35.0	37.0	28.0	37.0
9	34.86109395690455	39.0	35.0	39.0	27.0	39.0
10-14	34.92059360951673	39.2	35.2	39.4	27.0	39.4
15-19	35.07429316868523	39.0	34.6	41.0	22.6	41.0
20-24	35.31775876760845	39.0	35.0	41.0	25.4	41.0
25-29	34.99681781869503	39.0	34.2	41.0	24.4	41.0
30-34	34.59685863373704	39.0	34.0	41.0	22.8	41.0
35-39	34.19759317134813	38.2	33.2	40.2	20.2	41.0
40-44	33.94821639960976	38.0	33.0	40.0	18.2	41.0
45-49	33.460554125926265	38.0	33.0	40.0	14.8	41.0
50-54	32.79916425996713	37.2	32.0	40.0	9.6	41.0
55-59	31.434641391681573	35.6	30.4	39.6	3.8	41.0
60-64	31.24149526850536	35.0	30.4	38.8	2.0	40.6
65-69	30.54065521941111	35.0	30.0	37.4	2.0	40.0
70-74	29.77959171643471	34.6	29.2	36.2	2.0	39.0
75-79	28.69303383339426	33.8	28.2	35.0	2.0	37.2
80-84	28.6443887548023	34.0	29.0	35.0	2.0	36.2
85-89	28.140731717354623	34.0	28.8	35.0	2.0	35.4
90-94	27.08241397007381	34.0	25.6	35.0	2.0	35.0
95-99	26.880732068373668	33.6	26.4	35.0	2.0	35.0
100	25.761402672102218	33.0	23.0	35.0	2.0	35.0
>>END_MODULE
>>Per sequence quality scores	pass
#Quality	Count
2	478057.0
3	151365.0
4	85197.0
5	66433.0
6	65795.0
7	64594.0
8	67259.0
9	73439.0
10	80918.0
11	85644.0
12	89418.0
13	93171.0
14	93850.0
15	94144.0
16	93043.0
17	90912.0
18	88763.0
19	87609.0
20	87757.0
21	91166.0
22	101235.0
23	118777.0
24	144806.0
25	177686.0
26	217500.0
27	263326.0
28	315579.0
29	371386.0
30	442759.0
31	532557.0
32	651961.0
33	828121.0
34	1103981.0
35	1553473.0
36	2292963.0
37	2897461.0
38	2019812.0
39	360824.0
40	579.0
>>END_MODULE
>>Per base sequence content	fail
#Base	G	A	T	C
1	36.489088866781934	15.75994743450551	7.7832827039818335	39.96768099473073
2	24.729533849348506	18.26234342062499	36.75963533959499	20.248487390431507
3	24.570849004468464	22.610471024647875	22.677494045911796	30.141185924971865
4	26.601848561756796	28.994829972986956	19.302385678205376	25.100935787050865
5	28.417778324929056	29.824072101948808	21.94413137586333	19.81401819725881
6	22.67199106504391	33.11609499032091	23.505950967903136	20.705962976732046
7	20.41666782680446	19.23002844980693	38.12234179644775	22.230961926940857
8	20.706603556533665	21.731236277483546	30.723092518384004	26.839067647598785
9	21.926032506811346	20.743936373767195	32.083009740179165	25.247021379242295
10-14	23.819401510394243	27.091149967029356	25.92614877797467	23.16329974460173
15-19	24.115268483352608	25.860133977507466	26.17947504679112	23.845122492348807
20-24	24.02622451579891	26.034692663419396	26.09299763652239	23.846085184259305
25-29	24.000740812921133	26.08046293544699	26.00490485940593	23.913891392225946
30-34	23.875446676133468	26.124362654563647	25.97401234299851	24.026178326304375
35-39	23.925913610978387	26.12149653826919	25.978277635068807	23.974312215683618
40-44	24.049765409971123	26.027225881354525	25.87292248147886	24.050086227195493
45-49	24.029242086992454	26.022503310303662	25.86242752503122	24.085827077672665
50-54	24.04991872028152	26.082549020678318	25.839883463783544	24.027648795256614
55-59	24.138443583516743	25.87174428179484	25.760127407698768	24.229684726989646
60-64	24.081861084769983	25.90472364111674	25.757098735328082	24.2563165387852
65-69	24.05915265562279	26.06979360113741	25.72508234647145	24.145971396768353
70-74	24.28084038052857	25.94853798978034	25.67621396727357	24.094407662417517
75-79	24.129044912343083	25.825344121251064	25.796017338679455	24.249593627726394
80-84	24.100715584099135	25.931323923183136	25.75953144777684	24.20842904494089
85-89	24.215531194531046	25.941021093451372	25.631397824357517	24.21204988766007
90-94	24.029534879833804	25.915749998706968	25.658217158232176	24.396497963227052
95-99	24.03820922375268	26.014444736680627	25.67872391296261	24.268622126604082
100	24.402286542104687	25.700866165603202	25.24194298581863	24.654904306473483
>>END_MODULE
>>Per base GC content	fail
#Base	%GC
1	76.45676986151265
2	44.97802123978001
3	54.71203492944032
4	51.70278434880766
5	48.231796522187864
6	43.37795404177596
7	42.64762975374532
8	47.545671204132454
9	47.173053886053644
10-14	46.98270125499597
15-19	47.960390975701415
20-24	47.87230970005821
25-29	47.91463220514708
30-34	47.90162500243784
35-39	47.90022582666201
40-44	48.099851637166616
45-49	48.11506916466512
50-54	48.077567515538135
55-59	48.36812831050639
60-64	48.33817762355518
65-69	48.20512405239114
70-74	48.37524804294609
75-79	48.37863854006948
80-84	48.30914462904003
85-89	48.42758108219111
90-94	48.42603284306085
95-99	48.30683135035677
100	49.057190848578166
>>END_MODULE
>>Per sequence GC content	warn
#GC Content	Count
0	15283.0
1	10490.5
2	4968.0
3	4139.5
4	3837.5
5	3488.0
6	3386.0
7	3454.5
8	3528.0
9	3619.5
10	3673.0
11	3757.0
12	4033.5
13	4348.5
14	4598.0
15	4987.5
16	5611.0
17	6536.0
18	7973.0
19	10152.0
20	13362.0
21	18049.5
22	24357.5
23	32927.5
24	44468.5
25	59786.0
26	78809.5
27	100277.0
28	122305.0
29	145851.0
30	172220.5
31	198184.0
32	224563.0
33	252433.5
34	276918.5
35	294880.5
36	311345.5
37	334372.0
38	356780.0
39	368697.0
40	373660.0
41	381862.0
42	398032.0
43	416597.0
44	439269.0
45	460028.0
46	485180.5
47	510408.0
48	527109.5
49	545595.5
50	563449.5
51	584317.5
52	605461.0
53	615801.5
54	611506.0
55	604992.0
56	589570.5
57	563565.0
58	532608.0
59	487223.5
60	435474.0
61	382771.0
62	332088.5
63	285956.0
64	239737.0
65	198419.5
66	165895.5
67	138099.5
68	115071.0
69	92381.0
70	70199.0
71	52512.0
72	39375.0
73	31412.5
74	25712.0
75	21004.0
76	16168.5
77	11974.5
78	8619.0
79	5621.5
80	4578.0
81	4090.0
82	3902.0
83	3423.5
84	2383.0
85	1617.0
86	1085.5
87	703.0
88	532.5
89	438.0
90	322.5
91	219.0
92	171.5
93	128.0
94	79.5
95	44.5
96	28.5
97	18.0
98	9.0
99	5.5
100	3.0
>>END_MODULE
>>Per base N content	pass
#Base	N-Count
1	0.11933437105860081
2	0.0033286288711953773
3	0.0038672615430797204
4	3.9554823122713834
5	0.008357884492946938
6	0.012963496440182722
7	0.013883408419131264
8	0.015559826959715117
9	0.01870084220362494
10-14	0.021026040771467237
15-19	0.20495638890973486
20-24	0.005369380971862797
25-29	0.005628408818566729
30-34	0.015550143675726187
35-39	0.015709917861543563
40-44	0.01821667800417834
45-49	0.007690948308209246
50-54	0.008994560415219217
55-59	0.9370223417569835
60-64	0.0021956846444903325
65-69	0.00235909006180356
70-74	0.0034884030570127554
75-79	0.003263266704270086
80-84	0.0035949191808910073
85-89	0.004776279827540713
90-94	1.0071571572783193
95-99	0.01014202956790766
100	0.004411946267457146
>>END_MODULE
>>Sequence Length Distribution	pass
#Length	Count
100	1.652332E7
>>END_MODULE
>>Sequence Duplication Levels	warn
#Total Duplicate Percentage	45.917548373485964
#Duplication Level	Relative count
1	100.0
2	20.96622372225944
3	8.820162309303528
4	5.126226435894609
5	3.498045334667537
6	2.5957616410708684
7	2.0013059369249424
8	1.7206142991613171
9	1.442466694368359
10++	23.431391670836053
>>END_MODULE
>>Overrepresented sequences	warn
#Sequence	Count	Percentage	Possible Source
TTTTTTTTTTTTTTTTTTTTTTTTTTTTTTTTTTTTTTTTTTTTTTTTTT	24547	0.14855973254769622	No Hit
>>END_MODULE
>>Kmer Content	fail
#Sequence	Count	Obs/Exp Overall	Obs/Exp Max	Max Obs/Exp Position
TTTTT	13145255	7.2467747	10.134447	2
AAAAA	10175340	5.644043	6.8808255	2
CTCCT	3594515	2.4139163	7.4099064	1
TCCTC	3580525	2.4045215	5.005013	2
CTCCA	3336505	2.2434006	6.4560604	1
CTCTG	3250455	2.1863854	5.0618544	1
GAAGA	3451775	2.1855276	5.0612836	2
CTGGA	3200935	2.1592011	6.032261	1
GGGGG	2431875	1.8778619	5.154278	1
GTTTT	3075375	1.813607	6.543251	1
CTCAG	2449000	1.6493182	5.437413	1
GGAAA	2499830	1.5827936	5.827543	1
CTGGG	2102690	1.5154014	5.564913	1
>>END_MODULE
