##FastQC	0.10.1
>>Basic Statistics	pass
#Measure	Value	
Filename	F_heteroclitus_MDPL_transfer_1_R1.fastq.gz	
File type	Conventional base calls	
Encoding	Sanger / Illumina 1.9	
Total Sequences	18365745	
Filtered Sequences	0	
Sequence length	100	
%GC	48	
>>END_MODULE
>>Per base sequence quality	pass
#Base	Mean	Median	Lower Quartile	Upper Quartile	10th Percentile	90th Percentile
1	30.507840221020164	31.0	30.0	34.0	26.0	34.0
2	30.837298024120447	31.0	31.0	34.0	27.0	34.0
3	30.390253104352695	31.0	31.0	34.0	26.0	34.0
4	32.07790258440374	37.0	33.0	37.0	19.0	37.0
5	33.1797299810054	37.0	33.0	37.0	22.0	37.0
6	33.66050394361895	37.0	35.0	37.0	28.0	37.0
7	33.82481423977084	37.0	35.0	37.0	29.0	37.0
8	33.82427960314161	37.0	35.0	37.0	29.0	37.0
9	35.34670480288167	39.0	35.0	39.0	30.0	39.0
10-14	35.4341096644868	39.2	35.2	39.4	28.8	39.4
15-19	35.63403321781937	39.2	35.4	41.0	24.2	41.0
20-24	35.8695910566111	39.0	36.0	41.0	27.0	41.0
25-29	35.53708622220334	39.0	35.0	41.0	26.4	41.0
30-34	35.135442803981	39.0	34.8	41.0	24.8	41.0
35-39	34.75499932074631	39.0	34.0	41.0	23.8	41.0
40-44	34.51569952648259	38.6	34.0	40.8	23.0	41.0
45-49	34.04679140432365	38.0	33.0	40.0	21.2	41.0
50-54	33.395945212132695	37.4	32.8	40.0	18.2	41.0
55-59	32.01678116515284	36.0	31.0	39.8	10.0	41.0
60-64	31.84364633179868	35.0	31.0	39.0	7.8	40.8
65-69	31.137643041433932	35.0	31.0	37.6	3.8	40.0
70-74	30.369061347633867	35.0	30.0	36.4	2.0	39.0
75-79	29.269466553085646	33.8	29.0	35.2	2.0	37.4
80-84	29.21826758457117	34.0	29.6	35.0	2.0	36.4
85-89	28.72013745154362	34.0	29.0	35.0	2.0	35.6
90-94	27.656166357531372	34.0	27.2	35.0	2.0	35.0
95-99	27.483914450516437	34.0	27.6	35.0	2.0	35.0
100	26.35083428415237	33.0	25.0	35.0	2.0	35.0
>>END_MODULE
>>Per sequence quality scores	pass
#Quality	Count
2	414044.0
3	139583.0
4	81136.0
5	64341.0
6	63589.0
7	65869.0
8	67142.0
9	76939.0
10	87322.0
11	92024.0
12	92329.0
13	93418.0
14	94487.0
15	94231.0
16	93126.0
17	91485.0
18	89906.0
19	88905.0
20	89763.0
21	94422.0
22	104828.0
23	122277.0
24	148297.0
25	183044.0
26	226095.0
27	273896.0
28	330154.0
29	393630.0
30	473602.0
31	576484.0
32	715892.0
33	919665.0
34	1244497.0
35	1773862.0
36	2637320.0
37	3362282.0
38	2382506.0
39	422777.0
40	576.0
>>END_MODULE
>>Per base sequence content	fail
#Base	G	A	T	C
1	34.73169439777298	15.742648093452027	6.364702278430415	43.16095523034457
2	23.853493504922206	17.430552386810273	39.92975713005805	18.786196978209475
3	24.874189980589158	22.265324155872214	23.38963175154119	29.470854111997436
4	26.735738759469484	29.332642091368648	19.64845090421664	24.283168244945223
5	28.799728124395397	29.979349586297445	22.489293210009148	18.731629079298013
6	22.939518894430208	32.956855502238305	24.13236638379686	19.971259219534627
7	20.860374617170788	19.874935196762234	37.48470316849713	21.779987017569844
8	20.787530283122795	21.871789561492594	31.283479436393417	26.05720071899119
9	21.959920909875173	20.632775457903165	32.697995021659274	24.70930861056239
10-14	23.934044727002313	26.792827905236134	26.212377402869556	23.060749964891997
15-19	24.16662253264352	25.750014898642426	26.428127345063228	23.655235223650823
20-24	24.05776666931485	25.94170242306781	26.367244208846095	23.63328669877124
25-29	24.048935752135392	26.02560229054887	26.19951513326408	23.725946824051654
30-34	23.960287426584507	26.021537933719802	26.160841259165874	23.857333380529816
35-39	23.953863988497137	26.08228722237238	26.189353272351145	23.774495516779336
40-44	24.06115391390935	26.027631852188755	26.063983303971526	23.84723092993037
45-49	24.042987814835705	25.978490213989737	26.041836867371092	23.936685103803466
50-54	24.043370055053774	26.02476880212563	26.07246072011148	23.859400422709115
55-59	24.1062756445171	25.91041838747777	25.966875008141987	24.01643095986314
60-64	24.053957929926028	25.89831464070273	25.938691807457946	24.109035621913293
65-69	24.030337537431212	26.124658129502965	25.92177320435755	23.92323112870827
70-74	24.171956908546193	26.01412786276871	25.841700539482808	23.972214689202286
75-79	24.089450382203285	25.9147624947467	25.882348879769502	24.113438243280516
80-84	24.045137054939808	26.044400438136712	25.891123375473533	24.019339131449943
85-89	24.16275619262952	26.0279545943697	25.774481974610612	24.034807238390165
90-94	23.9985017848483	25.97612532307698	25.73145579212499	24.29391709994972
95-99	24.017238058698453	26.123300887172107	25.76236513360337	24.097095920526066
100	24.410553927878066	25.896100801559317	25.241266599415386	24.45207867114723
>>END_MODULE
>>Per base GC content	fail
#Base	%GC
1	77.89264962811757
2	42.63969048313168
3	54.34504409258659
4	51.01890700441471
5	47.53135720369341
6	42.91077811396484
7	42.640361634740636
8	46.84473100211399
9	46.66922952043756
10-14	46.994794691894306
15-19	47.82185775629434
20-24	47.691053368086095
25-29	47.77488257618705
30-34	47.817620807114324
35-39	47.72835950527647
40-44	47.90838484383972
45-49	47.979672918639174
50-54	47.90277047776289
55-59	48.12270660438024
60-64	48.16299355183932
65-69	47.95356866613948
70-74	48.14417159774848
75-79	48.202888625483794
80-84	48.064476186389754
85-89	48.19756343101969
90-94	48.292418884798025
95-99	48.11433397922452
100	48.8626325990253
>>END_MODULE
>>Per sequence GC content	warn
#GC Content	Count
0	10375.0
1	12555.0
2	13423.0
3	11993.0
4	9982.0
5	6877.0
6	5351.0
7	4962.5
8	4866.5
9	4890.5
10	4929.0
11	4995.5
12	5238.5
13	5539.0
14	5964.0
15	6527.5
16	7302.0
17	8435.0
18	10098.0
19	12643.0
20	16287.0
21	21759.5
22	29210.5
23	38484.0
24	50797.5
25	67030.0
26	87611.0
27	111546.0
28	135098.0
29	159721.0
30	189383.5
31	218486.0
32	246040.5
33	275451.0
34	303018.5
35	326394.5
36	346904.5
37	371974.0
38	398738.0
39	415887.0
40	422958.5
41	433024.0
42	448647.0
43	466933.5
44	491784.5
45	516305.0
46	545722.5
47	576269.5
48	596797.0
49	615122.5
50	635432.5
51	656059.5
52	669895.5
53	677139.5
54	678005.0
55	669659.5
56	649768.0
57	619069.5
58	583442.5
59	533990.0
60	477868.0
61	421446.0
62	365150.5
63	312779.5
64	262217.0
65	217982.0
66	181484.5
67	150636.0
68	123834.5
69	99582.5
70	76500.0
71	57168.0
72	42377.5
73	32705.5
74	25624.0
75	18881.0
76	13630.0
77	9936.5
78	7243.0
79	5064.0
80	3777.5
81	2906.5
82	2274.0
83	1878.0
84	1349.0
85	926.0
86	694.5
87	539.0
88	444.0
89	359.0
90	272.5
91	194.5
92	132.0
93	97.0
94	74.0
95	43.0
96	30.5
97	20.0
98	10.0
99	4.5
100	2.0
>>END_MODULE
>>Per base N content	pass
#Base	N-Count
1	0.12515691576900365
2	0.0033050660346204304
3	0.004100024257115625
4	3.858476745702393
5	0.007971361902280576
6	0.012474310189975957
7	0.0134217261537716
8	0.015213104614051867
9	0.018523615568004456
10-14	0.020880176654962813
15-19	0.19174719021744013
20-24	0.005270681913529781
25-29	0.00560173300892504
30-34	0.015218549533384026
35-39	0.01565196511222387
40-44	0.018198009391941355
45-49	0.0076054633231595024
50-54	0.008859972737288904
55-59	0.942058163172798
60-64	0.002258552538979497
65-69	0.0024905061025294645
70-74	0.003670964613741506
75-79	0.0033910957600685404
80-84	0.003816888451843364
85-89	0.005015859688784746
90-94	1.0111901259654863
95-99	0.010167842360873463
100	0.004306931191737661
>>END_MODULE
>>Sequence Length Distribution	pass
#Length	Count
100	1.8365745E7
>>END_MODULE
>>Sequence Duplication Levels	warn
#Total Duplicate Percentage	46.950255042351074
#Duplication Level	Relative count
1	100.0
2	25.304775850814206
3	10.28651576365978
4	5.832642331645525
5	3.858435807413419
6	2.7328381644642827
7	2.248548896455602
8	1.851590480055045
9	1.5428450450768334
10++	22.76777050510753
>>END_MODULE
>>Overrepresented sequences	pass
>>END_MODULE
>>Kmer Content	fail
#Sequence	Count	Obs/Exp Overall	Obs/Exp Max	Max Obs/Exp Position
TTTTT	18068225	8.60757	12.359374	10-14
AAAAA	12036335	6.016021	7.188684	95-96
TCCTC	4083120	2.4842458	5.1778784	2
CTCCT	4078630	2.481514	8.525555	1
CTCCA	3780695	2.322438	7.5813	1
CTGGA	3690970	2.2425537	7.5144663	1
CTCTG	3678935	2.2260733	6.2740097	1
GAAGA	3872595	2.210711	5.2229867	2
CTTCA	3554485	2.0125036	5.251627	1
GAAAA	3737855	1.9966178	5.1898537	2
GGGGG	2714060	1.8911304	5.1063747	1
CTTTT	3607880	1.8647887	7.109519	1
GTTTT	3507540	1.8029975	6.7315307	1
CTGAA	3156055	1.7942772	5.231778	1
CTCAG	2774750	1.6951622	6.6902	1
GGAAA	2807120	1.6024737	5.915445	1
CTGGG	2373025	1.5408559	6.5257816	1
>>END_MODULE
