##FastQC	0.10.1
>>Basic Statistics	pass
#Measure	Value	
Filename	F_similis_NA_transfer_1_R1.fastq.gz	
File type	Conventional base calls	
Encoding	Sanger / Illumina 1.9	
Total Sequences	14555376	
Filtered Sequences	0	
Sequence length	100	
%GC	49	
>>END_MODULE
>>Per base sequence quality	pass
#Base	Mean	Median	Lower Quartile	Upper Quartile	10th Percentile	90th Percentile
1	30.161372334180854	31.0	30.0	34.0	26.0	34.0
2	30.472860130854745	31.0	30.0	34.0	26.0	34.0
3	30.02884439398886	31.0	30.0	34.0	25.0	34.0
4	31.804246005049954	35.0	32.0	37.0	17.0	37.0
5	32.85540098723661	35.0	33.0	37.0	19.0	37.0
6	33.24465977381828	36.0	33.0	37.0	27.0	37.0
7	33.38660169273538	36.0	35.0	37.0	28.0	37.0
8	33.37384537506966	36.0	35.0	37.0	27.0	37.0
9	34.83158902937306	39.0	35.0	39.0	27.0	39.0
10-14	34.898374676133415	39.0	35.2	39.4	27.0	39.4
15-19	35.04677749307198	39.0	34.6	41.0	22.6	41.0
20-24	35.240449370734225	39.0	35.0	41.0	25.2	41.0
25-29	34.8707228586881	39.0	34.0	41.0	24.0	41.0
30-34	34.43182528572261	38.8	33.8	40.8	21.6	41.0
35-39	34.00576331384362	38.0	33.0	40.0	18.4	41.0
40-44	33.72367221568168	38.0	33.0	40.0	16.2	41.0
45-49	33.198821109121475	37.8	32.6	40.0	12.6	41.0
50-54	32.49598050919467	36.8	31.6	40.0	7.4	41.0
55-59	31.115514624974303	35.2	29.6	39.2	2.0	41.0
60-64	30.85192074735823	35.0	30.0	38.6	2.0	40.2
65-69	30.11958020184432	35.0	29.4	37.0	2.0	39.8
70-74	29.35475218228646	34.0	29.0	35.8	2.0	38.8
75-79	28.30066140510558	33.4	27.8	35.0	2.0	36.6
80-84	28.26765945448609	34.0	28.8	35.0	2.0	36.0
85-89	27.763930948949717	34.0	27.4	35.0	2.0	35.2
90-94	26.720709186763706	33.4	24.8	35.0	2.0	35.0
95-99	26.465813126366506	33.0	25.0	35.0	2.0	35.0
100	25.285922259926505	32.0	20.0	35.0	2.0	35.0
>>END_MODULE
>>Per sequence quality scores	pass
#Quality	Count
2	413082.0
3	136825.0
4	78396.0
5	61850.0
6	60228.0
7	61561.0
8	64478.0
9	71424.0
10	80569.0
11	85096.0
12	85225.0
13	87996.0
14	88460.0
15	88177.0
16	86991.0
17	84402.0
18	83240.0
19	82012.0
20	81997.0
21	85527.0
22	94543.0
23	110569.0
24	132904.0
25	162751.0
26	197184.0
27	238306.0
28	283403.0
29	336377.0
30	400516.0
31	480156.0
32	589518.0
33	748671.0
34	1002117.0
35	1414562.0
36	2058575.0
37	2511036.0
38	1584307.0
39	242099.0
40	246.0
>>END_MODULE
>>Per base sequence content	fail
#Base	G	A	T	C
1	35.15131425126567	15.249986706877817	7.58961954705982	42.009079494796694
2	25.775250307250225	18.34388967793141	36.39662678826227	19.484233226556093
3	25.987781770272626	22.762511002377288	21.991727957405693	29.25797926994439
4	27.728323905584602	29.262973557126447	18.812360456241215	24.196342081047728
5	29.542185105180284	29.68146447888139	21.58339712362087	19.192953292317455
6	23.501867145488518	32.86078488753804	23.091271727850465	20.546076239122975
7	21.34606585448929	19.12014445570032	36.943292040087705	22.59049764972269
8	21.520591416538863	21.431751402980268	30.29986613873431	26.74779104174656
9	22.42866072975292	20.26102547853904	31.88843098923573	25.42188280247231
10-14	24.35247582105315	26.568614317793525	25.653308157325366	23.425601703827954
15-19	24.63620164595544	25.385544335353217	25.940608151071288	24.037645867620057
20-24	24.470519971494394	25.595400725765955	25.863817410311263	24.070261892428388
25-29	24.468973779894387	25.60649327051629	25.793398219189502	24.131134730399822
30-34	24.380165323329408	25.634154738687176	25.728003367770746	24.257676570212666
35-39	24.382157675875245	25.667758627753035	25.71230763862578	24.23777605774594
40-44	24.51530075067381	25.615114142510738	25.569459172211346	24.300125934604104
45-49	24.492042772397525	25.620131509007475	25.504916873842443	24.382908844752556
50-54	24.472062885064798	25.65109601152779	25.5123606882046	24.364480415202813
55-59	24.5770313211778	25.57446935380873	25.399294574938757	24.44920475007471
60-64	24.533073654874592	25.49742371463196	25.410880412180376	24.558622218313072
65-69	24.469363995846106	25.635249431209793	25.431359569193162	24.46402700375094
70-74	24.65939046749927	25.54655417766582	25.34060884544374	24.45344650939117
75-79	24.568069018265938	25.43387809302476	25.361263346266167	24.63678954244314
80-84	24.546322037041534	25.538917093677625	25.355417714063282	24.559343155217555
85-89	24.618983962914164	25.494646769922095	25.274980107441934	24.611389159721803
90-94	24.534764934146285	25.460524221634635	25.240606195041828	24.764104649177256
95-99	24.518784000026383	25.58316222739428	25.279568312135158	24.618485460444177
100	24.911262475504515	25.31422448329827	24.856812792439456	24.917700248757757
>>END_MODULE
>>Per base GC content	fail
#Base	%GC
1	77.16039374606237
2	45.259483533806325
3	55.24576104021701
4	51.924665986632334
5	48.73513839749774
6	44.04794338461149
7	43.936563504211975
8	48.26838245828542
9	47.85054353222524
10-14	47.778077524881105
15-19	48.673847513575495
20-24	48.540781863922774
25-29	48.60010851029421
30-34	48.637841893542074
35-39	48.61993373362118
40-44	48.81542668527792
45-49	48.87495161715008
50-54	48.83654330026761
55-59	49.026236071252505
60-64	49.09169587318766
65-69	48.93339099959705
70-74	49.11283697689044
75-79	49.20485856070908
80-84	49.10566519225909
85-89	49.23037312263597
90-94	49.29886958332354
95-99	49.13726946047056
100	49.82896272426227
>>END_MODULE
>>Per sequence GC content	warn
#GC Content	Count
0	18678.0
1	15316.5
2	10425.5
3	8858.0
4	7427.0
5	5089.0
6	4005.0
7	3723.0
8	3612.5
9	3664.5
10	3726.5
11	3834.5
12	4004.5
13	4199.5
14	4519.0
15	4942.5
16	5530.0
17	6360.0
18	7591.5
19	9454.0
20	12263.0
21	16187.0
22	21496.5
23	28304.0
24	37647.0
25	50289.0
26	60980.5
27	71917.5
28	87631.0
29	104289.5
30	123275.0
31	142893.0
32	162096.5
33	182079.0
34	199346.0
35	214594.0
36	230535.0
37	247484.0
38	263656.5
39	280311.0
40	296762.0
41	316885.5
42	338634.0
43	360689.0
44	390428.5
45	416902.0
46	435288.0
47	455049.0
48	478419.0
49	495609.0
50	510795.5
51	531162.0
52	551041.5
53	564239.0
54	566540.0
55	561191.5
56	549141.0
57	528666.0
58	500235.0
59	464293.5
60	420438.0
61	372010.5
62	323168.5
63	276066.0
64	232005.0
65	192278.5
66	158116.0
67	130678.5
68	108622.0
69	87180.5
70	67259.5
71	50932.5
72	38289.5
73	29875.0
74	23548.5
75	18086.0
76	13261.0
77	9698.0
78	7023.5
79	4921.5
80	3649.0
81	3006.5
82	2665.5
83	2305.5
84	1654.0
85	1016.5
86	720.0
87	525.0
88	427.0
89	321.0
90	233.5
91	159.5
92	130.0
93	105.0
94	58.0
95	28.5
96	20.5
97	13.5
98	6.0
99	3.5
100	1.0
>>END_MODULE
>>Per base N content	pass
#Base	N-Count
1	0.12217478957603019
2	0.0031878255841690387
3	0.003895467901344493
4	3.685758444165235
5	0.008072618666807372
6	0.012895578925614838
7	0.013651313439103188
8	0.015451335643957257
9	0.018529236207982535
10-14	0.02135705735118076
15-19	0.17405939908388487
20-24	0.005266782527637898
25-29	0.005580068835047614
30-34	0.016257910479262096
35-39	0.01659455585345236
40-44	0.018849392829151237
45-49	0.007891242383570167
50-54	0.009151257926968016
55-59	0.9128311079013005
60-64	0.0024059838783965456
65-69	0.0024801832669935834
70-74	0.0037278322456252588
75-79	0.00330599498082358
80-84	0.0038363832030172225
85-89	0.004718531489670895
90-94	0.9743726304287846
95-99	0.01049096910997009
100	0.004493185198376187
>>END_MODULE
>>Sequence Length Distribution	pass
#Length	Count
100	1.4555376E7
>>END_MODULE
>>Sequence Duplication Levels	warn
#Total Duplicate Percentage	39.70113964155672
#Duplication Level	Relative count
1	100.0
2	18.688928274542402
3	7.559954201107329
4	4.281098546042003
5	2.9486958294775474
6	2.1425098420565587
7	1.6837366877362485
8	1.3763194629609299
9	1.166930689963455
10++	16.997349310663928
>>END_MODULE
>>Overrepresented sequences	warn
#Sequence	Count	Percentage	Possible Source
TTTTTTTTTTTTTTTTTTTTTTTTTTTTTTTTTTTTTTTTTTTTTTTTTT	21126	0.14514224847231705	No Hit
>>END_MODULE
>>Kmer Content	fail
#Sequence	Count	Obs/Exp Overall	Obs/Exp Max	Max Obs/Exp Position
TTTTT	14969445	10.008789	13.776763	10-14
AAAAA	9278655	6.318892	8.0654745	2
CTCCT	3175110	2.4056027	6.632907	1
CTCCA	2983915	2.2690687	6.1467323	1
CTGGA	2989845	2.2406027	7.0012016	1
CTCTG	2929745	2.203548	5.133306	1
GAAGA	2990915	2.1657877	5.3375688	2
GGAGA	2758130	2.0594654	5.083718	2
GAAAA	2898930	2.0357366	5.5245113	2
CTTTT	2708840	1.8882331	6.6179123	1
GGGGG	2373095	1.88413	5.3483386	1
GTTTT	2649320	1.8333029	6.443213	1
GGAAA	2276460	1.6484351	6.2052326	1
CTCAG	2170045	1.6381643	5.188865	1
CTGGG	1979845	1.5299435	6.2815943	1
GGGAG	1936320	1.4908875	5.22447	1
GGGAA	1730985	1.2925075	5.0440025	1
>>END_MODULE
