##FastQC	0.10.1
>>Basic Statistics	pass
#Measure	Value	
Filename	A_xenica_NA_FW_3_R2.fastq.gz	
File type	Conventional base calls	
Encoding	Sanger / Illumina 1.9	
Total Sequences	11759903	
Filtered Sequences	0	
Sequence length	100	
%GC	50	
>>END_MODULE
>>Per base sequence quality	pass
#Base	Mean	Median	Lower Quartile	Upper Quartile	10th Percentile	90th Percentile
1	30.500687463153394	31.0	31.0	34.0	27.0	34.0
2	30.526569904530675	31.0	31.0	34.0	27.0	34.0
3	30.591498331236235	33.0	31.0	34.0	27.0	34.0
4	33.982325704557255	37.0	35.0	37.0	30.0	37.0
5	33.911520953871815	37.0	35.0	37.0	30.0	37.0
6	33.84882766464995	37.0	35.0	37.0	30.0	37.0
7	33.85010276020134	37.0	35.0	37.0	30.0	37.0
8	33.80511293332947	37.0	35.0	37.0	30.0	37.0
9	35.31030902210673	39.0	35.0	39.0	30.0	39.0
10-14	35.437294695372906	39.2	35.4	39.4	29.0	39.4
15-19	36.231310173221665	40.0	36.2	41.0	28.0	41.0
20-24	35.959446468223426	40.0	36.0	41.0	27.0	41.0
25-29	35.67005032269399	40.0	36.0	41.0	26.6	41.0
30-34	34.82808239149592	39.6	34.6	41.0	20.0	41.0
35-39	34.69064084967367	39.0	34.4	41.0	23.2	41.0
40-44	34.346312890505985	38.6	34.0	40.4	21.4	41.0
45-49	33.98224944542484	38.0	33.2	40.0	20.0	41.0
50-54	33.13111623454717	37.0	32.4	39.6	18.0	40.6
55-59	33.024121066304716	36.6	33.0	40.0	15.0	41.0
60-64	32.25579119147496	35.2	32.2	39.0	9.6	41.0
65-69	31.44743124156721	35.0	31.4	37.4	4.8	40.0
70-74	30.733075689484856	35.0	31.0	36.2	2.0	39.0
75-79	30.027739004309815	35.0	30.8	35.2	2.0	37.2
80-84	29.41565524817679	34.2	30.0	35.0	2.0	36.2
85-89	28.90802097602336	34.0	29.8	35.0	2.0	35.4
90-94	28.408989410882043	34.0	29.0	35.0	2.0	35.0
95-99	27.811861390353307	34.0	29.0	35.0	2.0	35.0
100	26.47976365111175	33.0	25.0	35.0	2.0	35.0
>>END_MODULE
>>Per sequence quality scores	pass
#Quality	Count
2	405987.0
3	62493.0
4	41978.0
5	36531.0
6	37523.0
7	39113.0
8	40982.0
9	44053.0
10	48229.0
11	48429.0
12	46962.0
13	46247.0
14	46046.0
15	46397.0
16	47477.0
17	46995.0
18	47636.0
19	48049.0
20	50620.0
21	53928.0
22	60024.0
23	70145.0
24	83991.0
25	101719.0
26	120731.0
27	145074.0
28	174339.0
29	210211.0
30	255500.0
31	316871.0
32	403041.0
33	532009.0
34	743805.0
35	1102565.0
36	1783558.0
37	2411836.0
38	1671895.0
39	286455.0
40	459.0
>>END_MODULE
>>Per base sequence content	fail
#Base	G	A	T	C
1	41.18169668342962	11.36833378319418	8.839267994596906	38.610701538779296
2	28.20458129987437	19.420974457412942	26.45167317209048	25.922771070622204
3	29.383934716015858	22.84318454226607	18.923338275738573	28.849542465979493
4	33.28930030615274	26.359079142908428	17.946428799284085	22.405191751654748
5	31.34367403191537	27.41981492233842	21.358855419508657	19.877655626237555
6	25.295364028174067	31.36982848722052	23.054347865844917	20.280459618760492
7	23.26123485086735	20.510217266904178	34.19398562771377	22.0345622545147
8	23.171018671917125	21.81539437387289	29.39879663023799	25.61479032397199
9	21.825216062591394	20.393055748014778	32.79464316018638	24.987085029207442
10-14	25.361322820121725	25.568874498832727	25.112387036884336	23.957415644161212
15-19	25.186287264514203	24.453693705711622	25.671347428479258	24.688671601294924
20-24	25.070094128601045	25.21045508696899	25.485546775549277	24.233904008880685
25-29	25.174496895361543	24.897700181299477	25.313447284140743	24.61435563919824
30-34	25.201461375596985	25.129563999555128	25.29634440333754	24.37263022151035
35-39	24.958341276370508	25.063683688727917	25.245386460245655	24.73258857465592
40-44	25.094683888359853	25.107229591872603	25.19314808487112	24.60493843489642
45-49	25.07445834920571	24.98470397598599	25.115295397741555	24.82554227706675
50-54	24.97292795009104	25.283068675739063	25.14403766860979	24.59996570556011
55-59	25.210525444230527	24.929379517846836	24.969350662240988	24.89074437568165
60-64	25.05355495622909	25.092099617374892	25.0581769120645	24.79616851433152
65-69	25.04346537759145	25.037064951409178	25.084534637112004	24.834935033887373
70-74	25.199526141049716	25.09816556467267	24.91547726293532	24.78683103134229
75-79	25.062982236463615	24.951912487295328	25.0482134363375	24.936891839903552
80-84	25.101696753739628	25.09493222933572	24.91037728415866	24.89299373276599
85-89	25.215201519276558	24.97453787758094	24.84916128066554	24.961099322476958
90-94	25.119114790081543	24.98747487807585	24.863578990779164	25.029831341063442
95-99	25.121216534422793	25.062359803701316	24.95251602654825	24.863907635327646
100	25.678834816917934	24.53639470054528	24.396671624993918	25.388098857542868
>>END_MODULE
>>Per base GC content	fail
#Base	%GC
1	79.79239822220892
2	54.127352370496574
3	58.233477181995354
4	55.69449205780749
5	51.221329658152925
6	45.57582364693456
7	45.29579710538205
8	48.78580899588912
9	46.81230109179884
10-14	49.31873846428294
15-19	49.87495886580913
20-24	49.30399813748173
25-29	49.78885253455978
30-34	49.57409159710733
35-39	49.690929851026425
40-44	49.69962232325628
45-49	49.90000062627246
50-54	49.57289365565115
55-59	50.101269819912176
60-64	49.84972347056061
65-69	49.87840041147882
70-74	49.98635717239201
75-79	49.99987407636717
80-84	49.99469048650562
85-89	50.176300841753516
90-94	50.14894613114498
95-99	49.985124169750435
100	51.0669336744608
>>END_MODULE
>>Per sequence GC content	warn
#GC Content	Count
0	7695.0
1	5371.0
2	2863.5
3	2591.0
4	2198.5
5	1766.5
6	1553.5
7	1481.5
8	1510.0
9	1586.0
10	1632.0
11	1709.0
12	1847.0
13	1927.5
14	2050.0
15	2355.0
16	2667.0
17	3024.0
18	3675.0
19	4740.5
20	6455.0
21	8643.0
22	11871.0
23	16339.0
24	21717.5
25	28302.5
26	36245.5
27	46003.5
28	56210.5
29	67084.5
30	79528.5
31	94243.0
32	109790.0
33	126534.5
34	141090.5
35	153819.0
36	169138.5
37	184123.0
38	198307.0
39	215686.0
40	233207.5
41	246180.0
42	259300.5
43	278524.0
44	300111.0
45	314905.5
46	331782.0
47	355379.0
48	380626.0
49	401091.5
50	419428.0
51	438458.0
52	456974.0
53	471248.0
54	474764.0
55	471886.5
56	466742.0
57	455492.5
58	431766.5
59	398259.0
60	356513.5
61	315761.5
62	280824.5
63	247420.5
64	214442.5
65	181730.5
66	152246.5
67	126607.5
68	105333.5
69	84623.0
70	65029.0
71	49605.5
72	37599.0
73	29352.5
74	23502.5
75	19312.5
76	15241.0
77	11561.5
78	8868.0
79	6429.5
80	4704.0
81	3550.5
82	3206.0
83	3087.5
84	2073.0
85	1091.5
86	678.5
87	466.5
88	343.0
89	268.5
90	200.5
91	142.5
92	109.0
93	83.5
94	62.5
95	45.5
96	37.5
97	31.0
98	26.0
99	22.0
100	12.0
>>END_MODULE
>>Per base N content	pass
#Base	N-Count
1	0.03755133014277414
2	0.052049749049800836
3	0.03820609744825276
4	0.03684554200829718
5	0.04573166972550709
6	0.03389483739789351
7	0.03709214268178913
8	0.04460070801604401
9	0.03542546226784354
10-14	0.03144923899457334
15-19	0.0483932563049202
20-24	0.04672487519667466
25-29	0.028340369814274832
30-34	0.05513480850990012
35-39	0.054612695359817165
40-44	0.09235450326418508
45-49	0.06657707975992659
50-54	0.06429134662080122
55-59	0.07164684946806109
60-64	0.06209745097387283
65-69	0.06429134662080122
70-74	0.06128792048709925
75-79	0.057379724985826844
80-84	0.06304303700464196
85-89	0.0608117260831148
90-94	0.053782756541444265
95-99	0.05048681098815186
100	0.05050211723685136
>>END_MODULE
>>Sequence Length Distribution	pass
#Length	Count
100	1.1759903E7
>>END_MODULE
>>Sequence Duplication Levels	fail
#Total Duplicate Percentage	51.08865575499596
#Duplication Level	Relative count
1	100.0
2	38.08363979436625
3	14.717831218591755
4	7.125941043957102
5	4.441920018483932
6	3.0296320542195354
7	2.3836571230529295
8	1.8281764445385755
9	1.6616285114658143
10++	19.26853688122148
>>END_MODULE
>>Overrepresented sequences	warn
#Sequence	Count	Percentage	Possible Source
TTTTTTTTTTTTTTTTTTTTTTTTTTTTTTTTTTTTTTTTTTTTTTTTTT	13971	0.11880200032262171	No Hit
>>END_MODULE
>>Kmer Content	warn
#Sequence	Count	Obs/Exp Overall	Obs/Exp Max	Max Obs/Exp Position
TTTTT	7531040	6.8545594	9.392518	5
AAAAA	5324745	5.02543	7.9288836	2
CTGGA	2449160	2.185879	5.5980887	1
GAAAA	2193790	2.0193388	5.63488	1
GGGGG	2285445	1.9034607	6.221571	1
GTTTT	2049645	1.8327067	5.255777	1
GGAAA	1808570	1.6236382	5.61505	1
GCCAG	1644275	1.4802613	5.1650186	1
GCCGG	1205805	1.0587192	5.095604	1
>>END_MODULE
