##FastQC	0.10.1
>>Basic Statistics	pass
#Measure	Value	
Filename	F_heteroclitus_MDPL_transfer_2_R2.fastq.gz	
File type	Conventional base calls	
Encoding	Sanger / Illumina 1.9	
Total Sequences	20535903	
Filtered Sequences	0	
Sequence length	100	
%GC	47	
>>END_MODULE
>>Per base sequence quality	pass
#Base	Mean	Median	Lower Quartile	Upper Quartile	10th Percentile	90th Percentile
1	30.20967410101226	31.0	31.0	34.0	26.0	34.0
2	30.25633910522464	31.0	31.0	34.0	26.0	34.0
3	30.29246534715323	31.0	31.0	34.0	26.0	34.0
4	33.6777150242675	37.0	35.0	37.0	28.0	37.0
5	33.62711121103367	37.0	35.0	37.0	28.0	37.0
6	33.5318337352879	37.0	35.0	37.0	28.0	37.0
7	33.578283311914745	37.0	35.0	37.0	28.0	37.0
8	33.53776437296183	37.0	35.0	37.0	28.0	37.0
9	34.97863926412196	39.0	35.0	39.0	28.0	39.0
10-14	35.06417383253125	39.2	35.2	39.4	27.0	39.4
15-19	35.78464941132611	40.0	36.0	41.0	27.0	41.0
20-24	35.45361108298963	39.4	35.6	41.0	25.6	41.0
25-29	35.22496829090009	39.0	35.0	41.0	24.8	41.0
30-34	34.9002040962114	39.0	35.0	41.0	23.6	41.0
35-39	34.471144025173864	39.0	34.0	40.8	21.4	41.0
40-44	33.997900515989	38.2	33.2	40.0	17.6	41.0
45-49	33.51351520310551	38.0	33.0	40.0	14.4	41.0
50-54	32.783777660032776	37.0	32.2	39.6	10.6	40.6
55-59	32.75347277399976	36.8	32.4	40.0	7.4	41.0
60-64	31.977529967881132	35.6	31.6	39.2	2.6	41.0
65-69	31.222983600964614	35.0	31.0	38.2	2.0	40.2
70-74	30.472612653069113	35.0	30.6	36.6	2.0	39.4
75-79	29.727065978058032	34.8	30.0	35.6	2.0	38.0
80-84	29.041476909975664	34.0	29.4	35.0	2.0	36.6
85-89	28.478313449376923	34.0	29.0	35.0	2.0	35.8
90-94	27.953952674980986	34.0	29.0	35.0	2.0	35.0
95-99	27.3129228259405	34.0	27.2	35.0	2.0	35.0
100	26.04435461153084	33.0	24.0	35.0	2.0	35.0
>>END_MODULE
>>Per sequence quality scores	pass
#Quality	Count
2	771165.0
3	117380.0
4	84079.0
5	70045.0
6	74441.0
7	70930.0
8	73003.0
9	79964.0
10	88613.0
11	93817.0
12	93242.0
13	93597.0
14	95632.0
15	97242.0
16	99038.0
17	95219.0
18	93760.0
19	95116.0
20	98165.0
21	103724.0
22	114761.0
23	132388.0
24	157142.0
25	190222.0
26	227119.0
27	269542.0
28	321123.0
29	383381.0
30	462009.0
31	567086.0
32	713155.0
33	925897.0
34	1261024.0
35	1833112.0
36	2860272.0
37	3928584.0
38	3074835.0
39	625219.0
40	860.0
>>END_MODULE
>>Per base sequence content	fail
#Base	G	A	T	C
1	34.38417193048131	14.63713805418154	8.304815083553446	42.673874931783715
2	24.706251834060915	17.328351265047097	39.600197984790015	18.36519891610197
3	25.00819330020676	22.367385583796327	24.034629000984463	28.589792115012454
4	26.129492700229935	29.468837639480206	20.32414537530525	24.077524284984612
5	28.49373934537019	30.530244922998257	22.5720987642773	18.403916967354252
6	21.691249459765455	34.008187838850866	23.945236355384225	20.35532634599945
7	19.855527127747994	18.66239067316741	39.301662646737796	22.1804195523468
8	20.281437850643368	21.46222776385468	31.187568642858377	27.06876574264357
9	21.70288336057269	20.39785459907473	32.55170626219407	25.347555778158508
10-14	23.67253344662002	26.890135203083272	26.395561421717385	23.041769928579328
15-19	23.99872268982955	25.555122443366447	26.800393657375928	23.645761209428077
20-24	23.887549406760314	25.98962110187706	26.58087212505017	23.54195736631246
25-29	23.941629250924883	26.211878950812956	26.311974549615837	23.534517248646328
30-34	23.750747973862136	26.062313854207325	26.48735553681495	23.699582635115593
35-39	23.76442713719127	26.148307997308528	26.419953059348245	23.667311806151957
40-44	23.95127990572561	26.033469062367182	26.309478086205512	23.705772945701696
45-49	23.924978131165915	26.13073893532698	26.204517683324703	23.739765250182405
50-54	23.884560164063544	26.17127654819007	26.254249318860133	23.689913968886252
55-59	24.01480957903351	26.028293941084215	26.109012464800173	23.847884015082105
60-64	23.931136592698948	26.026463946149754	26.087030427746537	23.955369033404764
65-69	23.902979713216695	26.172314300868738	26.141917954854936	23.78278803105963
70-74	24.1091859514733	26.08127870784035	26.04508028732487	23.764455053361484
75-79	24.01216299263843	26.02504929770865	26.054905670196426	23.90788203945649
80-84	24.024973449169444	26.093496098956127	26.04516710065749	23.83636335121694
85-89	24.171050984032462	26.065697329193494	25.89873653044441	23.864515156329634
90-94	24.012406608770135	25.990592239681803	25.937793018066905	24.059208133481157
95-99	24.086463430542395	26.0926123522152	25.964505675397305	23.856418541845105
100	24.549799842006053	25.80397610471867	25.4655429483858	24.180681104889477
>>END_MODULE
>>Per base GC content	fail
#Base	%GC
1	77.05804686226502
2	43.07145075016289
3	53.597985415219206
4	50.20701698521455
5	46.89765631272444
6	42.04657580576491
7	42.035946680094796
8	47.350203593286935
9	47.0504391387312
10-14	46.71430337519935
15-19	47.64448389925763
20-24	47.429506773072774
25-29	47.47614649957121
30-34	47.45033060897773
35-39	47.43173894334323
40-44	47.65705285142731
45-49	47.664743381348316
50-54	47.574474132949796
55-59	47.86269359411562
60-64	47.88650562610371
65-69	47.685767744276326
70-74	47.87364100483478
75-79	47.92004503209492
80-84	47.86133680038638
85-89	48.0355661403621
90-94	48.07161474225129
95-99	47.9428819723875
100	48.730480946895526
>>END_MODULE
>>Per sequence GC content	warn
#GC Content	Count
0	41529.0
1	25918.0
2	9215.0
3	7950.0
4	7451.5
5	6947.5
6	6754.5
7	6740.5
8	6743.0
9	6619.0
10	6602.5
11	6835.0
12	6897.5
13	6935.5
14	7211.5
15	7765.5
16	8448.0
17	9485.0
18	11318.0
19	13981.0
20	18052.5
21	24197.0
22	32539.0
23	43368.5
24	57922.0
25	76741.5
26	99643.5
27	126387.0
28	155884.0
29	185610.0
30	216770.5
31	249817.5
32	284036.0
33	319433.0
34	349657.0
35	373292.0
36	396431.0
37	424933.0
38	452030.0
39	467823.0
40	477769.5
41	488572.0
42	504562.0
43	528348.5
44	556553.0
45	584817.5
46	616448.5
47	649327.0
48	674646.5
49	693954.5
50	712425.5
51	731935.0
52	747905.5
53	751508.0
54	744488.0
55	733472.5
56	710370.0
57	674699.0
58	632495.5
59	582485.5
60	524837.0
61	460579.5
62	398722.0
63	342373.0
64	287319.0
65	237948.5
66	197355.5
67	164020.5
68	134630.0
69	108810.5
70	85080.5
71	64033.0
72	48080.5
73	36463.5
74	28026.5
75	21000.0
76	15292.0
77	10926.5
78	7851.5
79	5400.0
80	3949.5
81	2980.0
82	2302.5
83	1784.5
84	1252.0
85	883.5
86	625.5
87	442.5
88	305.0
89	219.5
90	153.0
91	98.5
92	69.5
93	42.5
94	30.5
95	22.5
96	17.5
97	16.5
98	11.5
99	5.5
100	5.0
>>END_MODULE
>>Per base N content	pass
#Base	N-Count
1	0.045194019469219346
2	0.05402246007881903
3	0.04862703139959319
4	0.04894355023005319
5	0.046820439305736886
6	0.049162678651140886
7	0.04789173380883227
8	0.04118640412354889
9	0.05389585254663503
10-14	0.03858802800149572
15-19	0.04390943996959861
20-24	0.046563328624993995
25-29	0.027900404476978686
30-34	0.04439152249599153
35-39	0.03866009690443123
40-44	0.0905867153735582
45-49	0.0681937385465835
50-54	0.0634284258159965
55-59	0.08130735716856474
60-64	0.07938584439164911
65-69	0.07311779764444738
70-74	0.06554666721984419
75-79	0.06647382391706856
80-84	0.08258317153134197
85-89	0.07672806011987883
90-94	0.05530801348253349
95-99	0.06941988380058087
100	0.07238055224549902
>>END_MODULE
>>Sequence Length Distribution	pass
#Length	Count
100	2.0535903E7
>>END_MODULE
>>Sequence Duplication Levels	warn
#Total Duplicate Percentage	49.762428262651866
#Duplication Level	Relative count
1	100.0
2	25.196112975910093
3	11.23546538582794
4	6.555644159264136
5	4.515698310553938
6	3.3492201843369247
7	2.6213304155926043
8	2.1762513213285613
9	1.8544962261001798
10++	27.94540363110361
>>END_MODULE
>>Overrepresented sequences	warn
#Sequence	Count	Percentage	Possible Source
TTTTTTTTTTTTTTTTTTTTTTTTTTTTTTTTTTTTTTTTTTTTTTTTTT	78487	0.38219405302021536	No Hit
>>END_MODULE
>>Kmer Content	fail
#Sequence	Count	Obs/Exp Overall	Obs/Exp Max	Max Obs/Exp Position
TTTTT	21377625	8.667922	13.700944	2
AAAAA	12380320	5.457268	6.7682104	2
TCCTC	4565990	2.4687178	5.2051992	2
CTCCT	4557870	2.4643276	8.289019	1
CTCCA	4254390	2.3390062	7.597098	1
CTGGA	4146380	2.2523315	7.6307454	1
TCCAG	4102860	2.2421536	5.098185	7
CTCTG	4171645	2.2419627	6.1334662	1
GAAGA	4263140	2.1754427	5.7509346	2
GGAGA	3749695	2.058739	5.1629615	2
CTTCA	4019390	2.007677	5.280139	1
GAAAA	4193025	1.9886494	5.106058	2
CTTTT	4027130	1.7972623	5.2316694	1
CTGAA	3556750	1.7956811	5.1290073	1
GTTTT	4020095	1.7833505	7.3622766	1
GGAAG	3180950	1.7464741	5.6383967	1
CTCAG	3088885	1.6880308	6.4620976	1
GGAAA	3241385	1.6540501	6.09753	1
CTGGG	2686105	1.5699054	6.455026	1
GGGAG	2555540	1.5096468	5.369762	1
CTCCC	2379710	1.4161878	5.069967	1
GTCAG	2336190	1.2690283	5.156155	1
>>END_MODULE
