##FastQC	0.10.1
>>Basic Statistics	pass
#Measure	Value	
Filename	F_zebrinus_NA_BW_2_R2.fastq.gz	
File type	Conventional base calls	
Encoding	Sanger / Illumina 1.9	
Total Sequences	8977854	
Filtered Sequences	0	
Sequence length	100	
%GC	49	
>>END_MODULE
>>Per base sequence quality	fail
#Base	Mean	Median	Lower Quartile	Upper Quartile	10th Percentile	90th Percentile
1	28.81960009596948	31.0	30.0	34.0	16.0	34.0
2	28.83066944505892	31.0	30.0	34.0	16.0	34.0
3	28.872168115008332	31.0	30.0	34.0	16.0	34.0
4	32.10915838016524	37.0	33.0	37.0	17.0	37.0
5	32.03224723859399	37.0	33.0	37.0	17.0	37.0
6	31.902718288802646	37.0	33.0	37.0	17.0	37.0
7	31.9362318656552	36.0	33.0	37.0	17.0	37.0
8	31.878197061346732	36.0	33.0	37.0	17.0	37.0
9	33.18701752111362	38.0	33.0	39.0	16.0	39.0
10-14	33.23057761910586	38.2	33.0	39.4	12.8	39.4
15-19	33.83816718338257	39.0	33.0	41.0	10.0	41.0
20-24	33.488498387253784	39.0	33.0	41.0	8.2	41.0
25-29	33.212917830920404	38.8	32.8	41.0	2.8	41.0
30-34	32.85033135981048	38.0	32.0	40.2	2.0	41.0
35-39	32.38505324323608	38.0	31.2	40.0	2.0	41.0
40-44	31.87547852749666	38.0	30.6	40.0	2.0	41.0
45-49	31.36703548531754	37.2	30.0	40.0	2.0	41.0
50-54	30.65727669440826	36.0	29.4	39.6	2.0	40.6
55-59	30.61332759476819	35.8	29.4	39.8	2.0	41.0
60-64	29.838341322993223	35.0	28.2	39.0	2.0	40.8
65-69	29.085058099630487	35.0	28.0	37.4	2.0	40.0
70-74	28.33297589824918	34.2	26.6	36.2	2.0	39.0
75-79	27.589446119306462	34.0	26.0	35.0	2.0	37.6
80-84	26.9042859685622	34.0	25.2	35.0	2.0	36.2
85-89	26.3308133547282	33.6	23.8	35.0	2.0	35.4
90-94	25.78266037741313	33.0	21.2	35.0	2.0	35.0
95-99	25.11147679612522	33.0	11.0	35.0	2.0	35.0
100	23.874669380901047	32.0	2.0	35.0	2.0	35.0
>>END_MODULE
>>Per sequence quality scores	pass
#Quality	Count
2	646199.0
3	84321.0
4	55084.0
5	43722.0
6	42226.0
7	42470.0
8	44464.0
9	48181.0
10	50419.0
11	51565.0
12	49755.0
13	49069.0
14	49489.0
15	50890.0
16	51308.0
17	50030.0
18	49582.0
19	50048.0
20	51497.0
21	54761.0
22	59587.0
23	69018.0
24	81359.0
25	96915.0
26	114611.0
27	134016.0
28	157050.0
29	184282.0
30	216238.0
31	259311.0
32	318504.0
33	405407.0
34	537354.0
35	754186.0
36	1132460.0
37	1514609.0
38	1124087.0
39	203530.0
40	250.0
>>END_MODULE
>>Per base sequence content	fail
#Base	G	A	T	C
1	36.333428242364604	14.526598023849097	7.003261267475752	42.13671246631054
2	25.54428935980322	16.701819738465602	38.2459031393467	19.50798776238448
3	26.040902933681924	21.541669383090415	22.071937587447948	30.34549009577971
4	28.02628754754981	27.911189537047004	19.02937428718469	25.033148628218495
5	29.737474560862143	29.1318386453797	21.787670150527482	19.343016643230676
6	23.288615757420683	32.58997333260821	23.542250748373114	20.579160161597997
7	20.870802215675667	19.33739239647244	37.64707324534301	22.14473214250889
8	20.6734375856654	21.261645479964717	31.28871518948128	26.776201744888606
9	22.03338601884954	20.48501806249107	32.22836775129286	25.253228167366526
10-14	24.070587047563823	26.793216620565534	25.693889901740686	23.442306430129957
15-19	24.469237321060604	25.341274625646314	26.100595289356416	24.088892763936663
20-24	24.336688897596588	25.756578839593914	25.938828319719303	23.9679039430902
25-29	24.320277012948523	25.773811488247777	25.957121671133898	23.9487898276698
30-34	24.248723682587357	25.77543700352665	25.81599120716398	24.15984810672201
35-39	24.344929992504674	25.752456662960604	25.806144349586045	24.096468994948676
40-44	24.584746016674465	25.724865533832425	25.596450856635954	24.093937592857152
45-49	24.509617340583656	25.73874205753629	25.57091830791875	24.180722293961303
50-54	24.39693051017452	25.812477821259016	25.607437527311376	24.183154141255088
55-59	24.78350570352921	25.522700140784497	25.415967991101663	24.277826164584624
60-64	24.697545046884407	25.50356393361563	25.41372065225192	24.38517036724804
65-69	24.558441793540087	25.523059975653357	25.506899181165604	24.41159904964095
70-74	24.810608775349476	25.58370460704722	25.315278276223808	24.290408341379496
75-79	24.712639078749046	25.52882231918283	25.314420568104783	24.444118033963342
80-84	24.760278641777962	25.461442614551448	25.371150585152414	24.407128158518173
85-89	24.874638002091476	25.538960667622295	25.16916570956941	24.41723562071682
90-94	24.802925822576658	25.50697177367774	25.188877125602527	24.501225278143078
95-99	24.704899934799332	25.53185626747348	25.30386014388911	24.459383653838074
100	25.11442588198024	25.104404804276314	24.82009155854065	24.961077755202794
>>END_MODULE
>>Per base GC content	fail
#Base	%GC
1	78.47014070867515
2	45.0522771221877
3	56.38639302946164
4	53.059436175768305
5	49.080491204092816
6	43.86777591901868
7	43.01553435818455
8	47.44963933055401
9	47.28661418621607
10-14	47.51289347769378
15-19	48.558130084997266
20-24	48.30459284068678
25-29	48.26906684061832
30-34	48.40857178930937
35-39	48.44139898745335
40-44	48.67868360953162
45-49	48.69033963454496
50-54	48.58008465142961
55-59	49.06133186811383
60-64	49.082715414132444
65-69	48.97004084318103
70-74	49.101017116728976
75-79	49.156757112712384
80-84	49.167406800296135
85-89	49.291873622808296
90-94	49.304151100719736
95-99	49.1642835886374
100	50.07550363718304
>>END_MODULE
>>Per sequence GC content	warn
#GC Content	Count
0	12898.0
1	8067.5
2	2943.0
3	2519.0
4	2249.5
5	2009.0
6	1889.5
7	1819.0
8	1813.5
9	1851.5
10	1861.0
11	1955.0
12	2031.5
13	2131.0
14	2270.0
15	2368.5
16	2583.5
17	2883.0
18	3371.5
19	4253.5
20	5538.0
21	7477.0
22	10244.5
23	13701.0
24	18474.0
25	24802.5
26	32681.0
27	41579.0
28	51322.5
29	62099.5
30	73670.5
31	87769.0
32	103612.0
33	117470.0
34	129681.5
35	143228.0
36	155724.5
37	165797.0
38	174207.5
39	183708.0
40	192926.5
41	202248.0
42	215363.0
43	230777.5
44	249576.0
45	265317.0
46	281614.0
47	295734.5
48	306919.5
49	317151.5
50	327341.0
51	341390.0
52	353234.0
53	354468.0
54	345379.5
55	334686.0
56	323338.0
57	306873.0
58	286701.5
59	265091.5
60	236663.0
61	205243.5
62	174689.5
63	148441.5
64	126184.5
65	105581.0
66	91130.0
67	78477.5
68	66507.5
69	54990.0
70	43230.0
71	32855.5
72	24186.5
73	20233.5
74	18677.0
75	18195.5
76	15373.0
77	11896.0
78	8997.0
79	6670.0
80	6897.0
81	7311.5
82	5891.5
83	3970.0
84	3133.0
85	2350.0
86	1421.5
87	921.5
88	594.5
89	355.0
90	219.5
91	138.0
92	78.5
93	44.5
94	27.5
95	18.0
96	9.5
97	6.5
98	4.0
99	2.0
100	1.5
>>END_MODULE
>>Per base N content	pass
#Base	N-Count
1	0.04844142041071285
2	0.05782005365647515
3	0.05189436139193175
4	0.05159362137098687
5	0.049856012361083175
6	0.052607226626764036
7	0.050334968690736115
8	0.04439813790689846
9	0.05698466470940606
10-14	0.04169147771839462
15-19	0.046795147259022035
20-24	0.04945725337034886
25-29	0.031114339796570537
30-34	0.046614703246455114
35-39	0.041537766152133906
40-44	0.09092150529514068
45-49	0.07016153303450914
50-54	0.06528731699134337
55-59	0.08407799904075071
60-64	0.08180796880858165
65-69	0.07530084583687816
70-74	0.06773779123607936
75-79	0.06897193917388275
80-84	0.08495348665727913
85-89	0.07967382851180249
90-94	0.056982437005547205
95-99	0.07210409079942712
100	0.07532980598704322
>>END_MODULE
>>Sequence Length Distribution	pass
#Length	Count
100	8977854.0
>>END_MODULE
>>Sequence Duplication Levels	warn
#Total Duplicate Percentage	35.96642370006855
#Duplication Level	Relative count
1	100.0
2	13.940760046490333
3	5.091395766562181
4	2.8760610009509384
5	1.9532983481844117
6	1.4609234670517381
7	1.2157926249427675
8	0.9946113478674321
9	0.8713415278413693
10++	12.47561018560913
>>END_MODULE
>>Overrepresented sequences	warn
#Sequence	Count	Percentage	Possible Source
TTTTTTTTTTTTTTTTTTTTTTTTTTTTTTTTTTTTTTTTTTTTTTTTTT	22297	0.24835556470399275	No Hit
>>END_MODULE
>>Kmer Content	fail
#Sequence	Count	Obs/Exp Overall	Obs/Exp Max	Max Obs/Exp Position
TTTTT	6799675	7.1923985	10.782642	2
AAAAA	4294010	4.724403	6.07667	2
CTCCT	1821435	2.2383838	7.7172155	1
CTCCA	1803650	2.2340496	7.355014	1
GAAGA	1849760	2.155964	5.195643	2
CTCTG	1714060	2.078624	5.490661	1
GGGGG	1623725	2.063488	5.236163	1
CTGGA	1699625	2.0499897	6.9155483	1
GAAAA	1766100	1.9999552	5.202322	2
CTTTT	1690415	1.879709	5.1328673	1
CTGAA	1535990	1.7999724	5.0190153	1
GTTTT	1627425	1.7857774	6.6348286	1
GGAAA	1420460	1.6555986	6.342108	1
CTCAG	1325030	1.6195533	5.3581014	1
CTGGG	1225825	1.5217669	6.704393	1
GGGAG	1201785	1.4838675	5.312512	1
GGGGA	1131115	1.3966099	5.061877	1
CTCCC	1079015	1.3939917	5.274642	1
GGGAA	1158425	1.3896811	5.065396	1
>>END_MODULE
