##FastQC	0.10.1
>>Basic Statistics	pass
#Measure	Value	
Filename	F_parvapinis_NA_FW_1_R1.fastq.gz	
File type	Conventional base calls	
Encoding	Sanger / Illumina 1.9	
Total Sequences	9554576	
Filtered Sequences	0	
Sequence length	100	
%GC	46	
>>END_MODULE
>>Per base sequence quality	pass
#Base	Mean	Median	Lower Quartile	Upper Quartile	10th Percentile	90th Percentile
1	30.376325333536517	31.0	30.0	34.0	26.0	34.0
2	30.7001338416273	31.0	31.0	34.0	27.0	34.0
3	30.263825626589814	31.0	30.0	34.0	26.0	34.0
4	31.95944288893615	37.0	33.0	37.0	17.0	37.0
5	33.0595033207125	37.0	33.0	37.0	19.0	37.0
6	33.52892572103671	37.0	33.0	37.0	28.0	37.0
7	33.69395240563265	37.0	35.0	37.0	29.0	37.0
8	33.6962201148434	37.0	35.0	37.0	29.0	37.0
9	35.20765400788062	39.0	35.0	39.0	29.0	39.0
10-14	35.30358454420165	39.2	35.2	39.4	28.2	39.4
15-19	35.47389824519685	39.2	34.8	41.0	23.4	41.0
20-24	35.665406314210074	39.0	35.2	41.0	27.0	41.0
25-29	35.31159348148991	39.0	35.0	41.0	25.4	41.0
30-34	34.90356363275565	39.0	34.4	41.0	24.2	41.0
35-39	34.51906334723801	38.8	34.0	40.8	22.8	41.0
40-44	34.28176827522226	38.4	33.6	40.6	21.2	41.0
45-49	33.834924752286234	38.0	33.0	40.0	19.0	41.0
50-54	33.21697636818212	37.4	32.8	40.0	14.2	41.0
55-59	31.866023275130157	36.2	30.6	39.8	7.2	41.0
60-64	31.70378497172454	35.2	31.0	39.0	4.6	40.8
65-69	30.989565942015634	35.0	30.6	37.8	2.0	40.0
70-74	30.215043200242484	35.0	30.0	36.4	2.0	39.2
75-79	29.1040924683628	33.8	28.8	35.2	2.0	37.4
80-84	29.017662008235636	34.0	29.0	35.0	2.0	36.4
85-89	28.486269678528902	34.0	29.0	35.0	2.0	35.6
90-94	27.410645035425954	34.0	26.6	35.0	2.0	35.0
95-99	27.232910680704197	34.0	27.0	35.0	2.0	35.0
100	26.148531865778242	33.0	24.0	35.0	2.0	35.0
>>END_MODULE
>>Per sequence quality scores	pass
#Quality	Count
2	246487.0
3	76373.0
4	43588.0
5	34961.0
6	35084.0
7	35055.0
8	35396.0
9	40912.0
10	46920.0
11	49737.0
12	49221.0
13	50201.0
14	50855.0
15	50928.0
16	50238.0
17	50150.0
18	49072.0
19	48728.0
20	49148.0
21	50901.0
22	55971.0
23	65292.0
24	78753.0
25	96729.0
26	117817.0
27	142278.0
28	171747.0
29	204545.0
30	245210.0
31	297312.0
32	366726.0
33	472421.0
34	640395.0
35	919252.0
36	1310040.0
37	1732456.0
38	1263669.0
39	229784.0
40	224.0
>>END_MODULE
>>Per base sequence content	fail
#Base	G	A	T	C
1	36.551866511154635	16.508157570155944	8.270525963907376	38.669449954782046
2	24.606626064916746	19.913770474095973	35.376252790899315	20.103350670087966
3	24.287306110880145	23.96324872526892	23.33728134682943	28.412163817021508
4	26.943882535095526	29.59039121407794	20.383491565917545	23.082234684908993
5	27.788542577737886	30.07631959397817	23.333558724240017	18.80157910404393
6	22.32589361930854	33.1774371951926	25.212330854173015	19.28433833132584
7	20.25479008457413	20.578145130529045	38.010479337140474	21.156585447756353
8	20.46486456497652	22.24818004198635	32.278426752349105	25.008528640688027
9	20.92623663685191	21.133548363594034	34.00398041865161	23.93623458090245
10-14	22.795863731233105	27.574321138957703	27.480436273810575	22.14937885599862
15-19	23.01447576242384	26.458644751469535	27.90325163680041	22.623627849306217
20-24	22.954033816881715	26.6023389671776	27.745381496797567	22.698245719143113
25-29	22.931136678186746	26.59659509520631	27.67662814090917	22.79564008569777
30-34	22.85042997723034	26.836962465655002	27.40886693525763	22.90374062185703
35-39	22.931807505080418	26.76395576191748	27.40794457127648	22.89629216172562
40-44	23.1735692305064	26.706154213600815	27.20059472296425	22.919681832928536
45-49	22.993134650822157	26.71661728593908	27.268961446816764	23.021286616421996
50-54	23.00227793122295	26.900417934039012	27.060053572226312	23.037250562511726
55-59	23.237451881101727	26.671263462529332	26.981309432530853	23.109975223838084
60-64	23.176211550109475	26.691190223176854	26.971967012725408	23.160631213988268
65-69	23.10951447066062	26.68147264438759	26.97515909839165	23.233853786560143
70-74	23.298517572760026	26.706126440541635	26.801782438663174	23.19357354803516
75-79	23.248318891083024	26.62319495420838	26.903088978433598	23.225397176275
80-84	23.260101604212142	26.703291497605946	26.826901924347446	23.209704973834466
85-89	23.22909367899402	26.80079916896208	26.701769690092387	23.268337461951514
90-94	23.182213928638575	26.79952731084662	26.682985495557016	23.33527326495779
95-99	23.085509771049043	26.879476205023682	26.763128448137135	23.271885575790137
100	23.26748549425862	26.556580450711042	26.479545847520885	23.69638820750945
>>END_MODULE
>>Per base GC content	fail
#Base	%GC
1	75.22131646593668
2	44.709976735004716
3	52.69946992790165
4	50.026117220004515
5	46.59012168178182
6	41.61023195063438
7	41.41137553233048
8	45.47339320566455
9	44.862471217754354
10-14	44.94524258723172
15-19	45.63810361173006
20-24	45.65227953602483
25-29	45.726776763884516
30-34	45.754170599087374
35-39	45.82809966680604
40-44	46.093251063434934
45-49	46.01442126724415
50-54	46.03952849373467
55-59	46.34742710493981
60-64	46.33684276409774
65-69	46.34336825722076
70-74	46.492091120795195
75-79	46.473716067358026
80-84	46.46980657804661
85-89	46.49743114094554
90-94	46.51748719359637
95-99	46.35739534683918
100	46.96387370176807
>>END_MODULE
>>Per sequence GC content	fail
#GC Content	Count
0	50932.0
1	38629.0
2	22739.0
3	18451.0
4	14711.5
5	9636.5
6	7150.0
7	6502.0
8	6187.0
9	6062.0
10	6037.5
11	6005.5
12	5966.0
13	5958.5
14	6169.5
15	6496.0
16	6754.0
17	7280.0
18	8198.0
19	9618.5
20	11840.0
21	15316.0
22	19637.0
23	25000.5
24	32236.0
25	41528.5
26	52822.5
27	66136.0
28	80654.5
29	94542.0
30	109771.5
31	129491.0
32	151324.5
33	169777.5
34	185372.5
35	203733.5
36	216949.0
37	221570.0
38	224934.5
39	229636.0
40	236377.0
41	242203.0
42	253975.5
43	263554.0
44	271667.0
45	281319.0
46	287740.0
47	292240.5
48	294933.0
49	299420.0
50	307995.5
51	316036.5
52	322268.0
53	332330.5
54	334174.0
55	331963.5
56	320789.5
57	298646.0
58	275893.5
59	250016.5
60	218046.0
61	182342.5
62	150021.5
63	124470.5
64	101801.0
65	80978.0
66	68388.5
67	59425.5
68	50156.0
69	39122.5
70	28158.5
71	20047.5
72	15318.0
73	14724.0
74	14391.0
75	12805.0
76	10447.0
77	8005.5
78	5620.0
79	3805.0
80	3423.5
81	3455.0
82	3468.5
83	3400.0
84	3432.0
85	2804.0
86	1888.0
87	1367.0
88	914.5
89	613.0
90	496.5
91	405.5
92	301.5
93	237.0
94	168.0
95	114.5
96	83.0
97	49.5
98	23.0
99	12.5
100	8.5
>>END_MODULE
>>Per base N content	pass
#Base	N-Count
1	0.1246104484385283
2	0.0032235862690296255
3	0.004228340430805093
4	3.8426718255210908
5	0.00841481610486954
6	0.012632690346489473
7	0.013606045940709459
8	0.01539576429137201
9	0.018964734803511952
10-14	0.021189846624277205
15-19	0.17957678080115747
20-24	0.005189136598002884
25-29	0.0055994112140612
30-34	0.015824878047963616
35-39	0.015927446701978196
40-44	0.018403747063187315
45-49	0.007470765840368008
50-54	0.008578088656158054
55-59	0.951194485239324
60-64	0.002354892566661252
65-69	0.0024783935990461536
70-74	0.0035564110851177486
75-79	0.003317781971696075
80-84	0.0038285320039319376
85-89	0.004722344560344698
90-94	1.0172926564192906
95-99	0.010208720931206157
100	0.00447952897124896
>>END_MODULE
>>Sequence Length Distribution	pass
#Length	Count
100	9554576.0
>>END_MODULE
>>Sequence Duplication Levels	fail
#Total Duplicate Percentage	52.76357718589711
#Duplication Level	Relative count
1	100.0
2	22.92679407281812
3	9.513974693133957
4	5.588975369546984
5	4.094553522308102
6	3.1214206477331143
7	2.456732113384861
8	2.0418654569395467
9	1.8037680715013664
10++	28.828723202770586
>>END_MODULE
>>Overrepresented sequences	warn
#Sequence	Count	Percentage	Possible Source
TTTTTTTTTTTTTTTTTTTTTTTTTTTTTTTTTTTTTTTTTTTTTTTTTT	42554	0.4453782145853464	No Hit
CTTTTTTTTTTTTTTTTTTTTTTTTTTTTTTTTTTTTTTTTTTTTTTTTT	20190	0.21131235964840303	No Hit
AAAAAAAAAAAAAAAAAAAAAAAAAAAAAAAAAAAAAAAAAAAAAAAAAA	14853	0.15545430796719814	No Hit
>>END_MODULE
>>Kmer Content	fail
#Sequence	Count	Obs/Exp Overall	Obs/Exp Max	Max Obs/Exp Position
TTTTT	18774295	14.095067	18.47559	10-14
AAAAA	9327735	7.8108234	10.323209	95-96
GGGGG	1335170	2.1567726	5.874646	1
GAAGA	1967280	2.142524	5.0449862	2
CTCCA	1670100	2.0641756	5.053597	1
GAAAA	2086115	1.9921788	5.1833644	2
CTGGA	1629515	1.991392	5.8555117	1
CTTTT	2029250	1.7858492	7.3259993	1
GTTTT	1949600	1.7060897	6.152252	1
GGAAG	1336095	1.6594582	5.3070326	1
GGAAA	1498670	1.6321706	6.3569217	1
GCCAG	1104325	1.5819803	5.0206804	1
CTGGG	1109400	1.5461653	6.1363125	1
GGGAG	1033440	1.4638064	5.058469	1
GGGAA	1137225	1.4124573	5.340313	1
GGGGA	988675	1.4003994	5.0858803	1
GTGGG	847645	1.1747054	5.026915	1
>>END_MODULE
