##FastQC	0.10.1
>>Basic Statistics	pass
#Measure	Value	
Filename	F_chrysotus_NA_BW_3_R2.fastq.gz	
File type	Conventional base calls	
Encoding	Sanger / Illumina 1.9	
Total Sequences	15377627	
Filtered Sequences	0	
Sequence length	100	
%GC	49	
>>END_MODULE
>>Per base sequence quality	pass
#Base	Mean	Median	Lower Quartile	Upper Quartile	10th Percentile	90th Percentile
1	30.261460432093976	31.0	31.0	34.0	26.0	34.0
2	30.28230617116672	31.0	31.0	34.0	26.0	34.0
3	30.343030624946227	31.0	31.0	34.0	26.0	34.0
4	33.706524550244325	37.0	35.0	37.0	28.0	37.0
5	33.645332989283716	37.0	35.0	37.0	28.0	37.0
6	33.57723548633349	37.0	35.0	37.0	28.0	37.0
7	33.58274199263644	37.0	35.0	37.0	28.0	37.0
8	33.527451667282605	37.0	35.0	37.0	28.0	37.0
9	35.01480995734907	39.0	35.0	39.0	28.0	39.0
10-14	35.12197772777295	39.2	35.2	39.4	27.0	39.4
15-19	35.91115123289178	40.0	36.0	41.0	27.0	41.0
20-24	35.67337349254211	40.0	36.0	41.0	26.2	41.0
25-29	35.42479303211087	40.0	35.8	41.0	25.0	41.0
30-34	34.61533488879656	39.6	34.2	41.0	19.4	41.0
35-39	34.5141730645437	39.0	33.8	41.0	21.6	41.0
40-44	34.206269328811274	38.8	33.8	40.6	19.0	41.0
45-49	33.88594521118246	38.0	33.0	40.0	17.8	41.0
50-54	33.05676518230023	37.2	32.4	39.6	13.6	40.6
55-59	32.97665949369171	36.8	33.0	40.0	10.4	41.0
60-64	32.2300191700579	35.4	32.0	39.2	6.0	41.0
65-69	31.423876583818817	35.0	31.2	37.8	2.0	40.2
70-74	30.701483148212663	35.0	31.0	36.4	2.0	39.2
75-79	29.989407494407295	35.0	30.6	35.4	2.0	37.6
80-84	29.37445094747063	34.4	30.0	35.0	2.0	36.2
85-89	28.87642374210273	34.0	29.8	35.0	2.0	35.4
90-94	28.404057453077776	34.0	29.0	35.0	2.0	35.0
95-99	27.854645323364913	34.0	29.0	35.0	2.0	35.0
100	26.607754109265365	33.0	25.0	35.0	2.0	35.0
>>END_MODULE
>>Per sequence quality scores	pass
#Quality	Count
2	604389.0
3	93641.0
4	60938.0
5	50949.0
6	49661.0
7	51735.0
8	55057.0
9	58441.0
10	62310.0
11	63588.0
12	61863.0
13	60180.0
14	60235.0
15	60522.0
16	62042.0
17	61266.0
18	61577.0
19	61961.0
20	64070.0
21	68529.0
22	76686.0
23	90623.0
24	108748.0
25	133290.0
26	158204.0
27	188775.0
28	225000.0
29	267492.0
30	322954.0
31	396428.0
32	502670.0
33	658066.0
34	912411.0
35	1346891.0
36	2222044.0
37	3194827.0
38	2381526.0
39	417397.0
40	641.0
>>END_MODULE
>>Per base sequence content	fail
#Base	G	A	T	C
1	41.74942782629027	13.535937570238913	6.8024348470752285	37.912199756395594
2	26.864048514496012	18.1512033564136	33.087815146882136	21.896932982208252
3	26.879904331962155	21.86020779902426	20.74678266325177	30.51310520576181
4	30.41953356217755	26.261194407554957	18.958168555826283	24.36110347444121
5	30.6713569966898	27.274589181363307	21.950187591731012	20.103866230215882
6	25.02917959001684	30.9850686109058	23.208348452769396	20.777403346307967
7	22.518441781894666	20.5193761095629	34.8526794522922	22.109502656250235
8	21.97754046154699	21.745763739593958	30.096901862515445	26.179793936343604
9	22.22337366775475	20.42154355892428	32.346349351697135	25.008733421623834
10-14	25.0204178964946	25.98443924380139	25.25918255010423	23.735960309599776
15-19	25.10622538333208	24.614825998155162	25.689006451461456	24.5899421670513
20-24	24.965988481835026	25.243285542322752	25.523299568528145	24.267426407314073
25-29	24.959077868676243	25.080429767625883	25.455578956357538	24.504913407340336
30-34	25.087692904120885	25.26931402468205	25.324685524043485	24.31830754715358
35-39	24.814355222892285	25.179277359380727	25.416701488143474	24.589665929583518
40-44	24.96140180052941	25.221873498977892	25.229180531705943	24.587544168786753
45-49	24.9298359921441	25.0701705153088	25.26727866050798	24.732714832039125
50-54	24.776919032003335	25.350627386834518	25.30264537230727	24.569808208854877
55-59	25.00723565946439	25.09757125883216	25.1680308397297	24.727162241973755
60-64	24.883315455880258	25.162970272237906	25.191271395354953	24.762442876526883
65-69	24.83150376429415	25.167364613285837	25.260959353176858	24.740172269243153
70-74	24.997351595791724	25.202772758173342	25.10587239840162	24.694003247633315
75-79	24.8726086036055	25.07991861317788	25.1906094907254	24.85686329249122
80-84	24.91963512368616	25.205191812492007	25.08454184696649	24.790631216855342
85-89	25.019535831633632	25.139218950651404	25.054700003220997	24.786545214493962
90-94	24.989634644597043	25.11520050984757	25.017002748483247	24.878162097072142
95-99	24.930208529880606	25.192973096066883	25.14354142945444	24.733276944598067
100	25.552739371072374	24.7734619777683	24.501227919329814	25.17257073182951
>>END_MODULE
>>Per base GC content	fail
#Base	%GC
1	79.66162758268585
2	48.76098149670426
3	57.39300953772397
4	54.780637036618764
5	50.77522322690567
6	45.80658293632481
7	44.6279444381449
8	48.157334397890594
9	47.23210708937858
10-14	48.75637820609438
15-19	49.69616755038338
20-24	49.2334148891491
25-29	49.46399127601658
30-34	49.406000451274465
35-39	49.4040211524758
40-44	49.548945969316165
45-49	49.66255082418323
50-54	49.34672724085821
55-59	49.73439790143814
60-64	49.64575833240714
65-69	49.5716760335373
70-74	49.69135484342504
75-79	49.72947189609672
80-84	49.710266340541494
85-89	49.806081046127595
90-94	49.86779674166918
95-99	49.66348547447868
100	50.72531010290189
>>END_MODULE
>>Per sequence GC content	warn
#GC Content	Count
0	5589.0
1	3882.0
2	1988.0
3	1714.5
4	1509.5
5	1266.5
6	1123.0
7	1107.0
8	1140.0
9	1185.5
10	1186.0
11	1220.0
12	1328.5
13	1429.0
14	1591.0
15	1776.0
16	2063.0
17	2631.5
18	3508.5
19	4866.5
20	6738.5
21	9577.5
22	13614.5
23	18772.0
24	25123.0
25	33802.0
26	45711.5
27	57284.0
28	69544.5
29	86064.5
30	104476.0
31	125731.0
32	150453.0
33	171346.0
34	190138.0
35	210413.0
36	229789.5
37	249617.0
38	270321.5
39	289587.5
40	306517.5
41	328291.0
42	353214.0
43	375583.5
44	403145.0
45	431950.0
46	459728.0
47	488293.5
48	520974.5
49	551327.5
50	575169.5
51	599602.0
52	622547.5
53	637577.0
54	641496.0
55	635706.5
56	620640.5
57	592895.5
58	552781.5
59	507405.0
60	455107.5
61	401361.5
62	349267.5
63	298036.0
64	251557.0
65	211007.0
66	174677.0
67	143797.5
68	116844.5
69	91103.0
70	70374.5
71	53503.5
72	38686.5
73	28226.5
74	21965.5
75	17744.0
76	13532.0
77	9916.5
78	7261.0
79	5133.0
80	4126.5
81	3507.5
82	2419.0
83	1631.0
84	1263.5
85	1010.0
86	724.0
87	479.0
88	331.0
89	234.0
90	171.5
91	108.5
92	72.5
93	54.0
94	35.5
95	27.5
96	22.5
97	19.5
98	14.0
99	7.5
100	4.5
>>END_MODULE
>>Per base N content	pass
#Base	N-Count
1	0.03891367634291038
2	0.05439720966050224
3	0.03992813715666273
4	0.038295895719150944
5	0.047341504641776
6	0.036292985907383495
7	0.03996715488026859
8	0.047022859898994816
9	0.03670917495917933
10-14	0.03305841662045776
15-19	0.05076986195594417
20-24	0.04903097207390972
25-29	0.03023613461296727
30-34	0.05663812758626542
35-39	0.05696197469219406
40-44	0.09328877596003597
45-49	0.06913550445722218
50-54	0.06634443662861636
55-59	0.07394118741467719
60-64	0.06528315454653699
65-69	0.06704805624430869
70-74	0.0642634913696372
75-79	0.06010160085167887
80-84	0.06522722914270193
85-89	0.06315668861001766
90-94	0.05619332553715863
95-99	0.05284950662413648
100	0.05288202139380803
>>END_MODULE
>>Sequence Length Distribution	pass
#Length	Count
100	1.5377627E7
>>END_MODULE
>>Sequence Duplication Levels	warn
#Total Duplicate Percentage	47.082140812821976
#Duplication Level	Relative count
1	100.0
2	30.05850167212021
3	12.216843794225552
4	6.480254558893787
5	4.146497561679151
6	2.9142666558497163
7	2.2814750714369416
8	1.8794450904567457
9	1.4891334721508604
10++	18.81608480488926
>>END_MODULE
>>Overrepresented sequences	pass
>>END_MODULE
>>Kmer Content	warn
#Sequence	Count	Obs/Exp Overall	Obs/Exp Max	Max Obs/Exp Position
TTTTT	7262645	4.8493133	7.212763	2
AAAAA	5851750	4.121581	6.736074	2
CTCCT	3548540	2.5189567	5.049544	1
GGAGG	3558840	2.4044273	5.1425304	1
CTCCA	3341330	2.3973355	5.094469	1
CTGGA	3306590	2.2787971	6.133591	1
GAAAA	2835850	1.9767083	5.157473	2
GTTTT	2709120	1.809395	7.0364623	1
GGGGG	2688090	1.7973319	5.8323874	1
GGAAA	2351425	1.622078	6.02989	1
GTGGA	2323505	1.5693758	5.3265057	1
CTGGG	2272915	1.5502075	5.6482368	1
>>END_MODULE
