##FastQC	0.10.1
>>Basic Statistics	pass
#Measure	Value	
Filename	F_grandis_NA_FW_3_R2.fastq.gz	
File type	Conventional base calls	
Encoding	Sanger / Illumina 1.9	
Total Sequences	31111572	
Filtered Sequences	0	
Sequence length	100	
%GC	53	
>>END_MODULE
>>Per base sequence quality	pass
#Base	Mean	Median	Lower Quartile	Upper Quartile	10th Percentile	90th Percentile
1	30.43410403691591	31.0	31.0	34.0	27.0	34.0
2	30.483192556133133	31.0	31.0	34.0	27.0	34.0
3	30.528838562063015	31.0	31.0	34.0	27.0	34.0
4	33.897728600792014	37.0	35.0	37.0	30.0	37.0
5	33.831033128123515	37.0	35.0	37.0	28.0	37.0
6	33.760791965124746	37.0	35.0	37.0	29.0	37.0
7	33.776790578116724	37.0	35.0	37.0	29.0	37.0
8	33.71323586606295	37.0	35.0	37.0	29.0	37.0
9	35.19270032385377	39.0	35.0	39.0	29.0	39.0
10-14	35.267716237546594	39.2	35.2	39.4	27.4	39.4
15-19	35.99103569565691	40.0	36.0	41.0	27.0	41.0
20-24	35.63310075749307	40.0	36.0	41.0	26.2	41.0
25-29	35.264393878907825	39.0	35.0	41.0	24.8	41.0
30-34	34.29105787389978	38.6	34.0	41.0	19.0	41.0
35-39	33.93833896274994	38.0	33.0	40.0	19.4	41.0
40-44	33.37530561940103	38.0	32.8	40.0	15.6	41.0
45-49	32.836897974811436	37.0	32.0	40.0	12.4	41.0
50-54	31.897875356475076	35.2	31.2	39.2	7.6	40.6
55-59	31.711081375123058	35.0	31.2	39.0	3.4	41.0
60-64	30.904391150662526	35.0	30.8	37.8	2.0	40.2
65-69	30.104540580591685	35.0	30.0	36.2	2.0	39.2
70-74	29.440881489369936	34.4	29.4	35.0	2.0	37.8
75-79	28.77359471903252	34.0	29.0	35.0	2.0	36.4
80-84	28.19058948226724	34.0	28.6	35.0	2.0	35.6
85-89	27.638619649306047	34.0	27.0	35.0	2.0	35.0
90-94	27.0346141107881	33.8	25.8	35.0	2.0	35.0
95-99	26.33305057680788	33.0	24.4	35.0	2.0	35.0
100	24.92297444822139	32.0	18.0	35.0	2.0	35.0
>>END_MODULE
>>Per sequence quality scores	pass
#Quality	Count
2	1069154.0
3	188061.0
4	134093.0
5	120190.0
6	121522.0
7	130673.0
8	141051.0
9	150423.0
10	150613.0
11	156960.0
12	151787.0
13	151529.0
14	150287.0
15	159462.0
16	158774.0
17	155782.0
18	164614.0
19	167292.0
20	177432.0
21	190060.0
22	207928.0
23	237811.0
24	287706.0
25	345553.0
26	409023.0
27	484120.0
28	574598.0
29	683132.0
30	807850.0
31	978093.0
32	1237867.0
33	1620937.0
34	2210036.0
35	3201832.0
36	4837371.0
37	5593616.0
38	2917122.0
39	486482.0
40	736.0
>>END_MODULE
>>Per base sequence content	fail
#Base	G	A	T	C
1	36.40602629781871	12.409358364065696	8.360843855069588	42.823771483046
2	29.471724633750352	16.728641678607698	31.243905540369898	22.555728147272053
3	28.308103050511658	21.795727715195504	19.765417678197906	30.130751556094932
4	30.799097856894058	28.57801273280533	16.087125496481434	24.53576391381918
5	31.2752515780131	29.370930923139955	18.70708962165148	20.646727877195463
6	23.920799373193958	32.538832625192725	20.8085689900778	22.731799011535514
7	22.09333003086594	16.85162231138484	35.55401114579531	25.501036511953917
8	22.80152044264899	18.91193881648331	27.57694542188161	30.70959531898609
9	25.064588441326492	18.362769585803772	27.866783088236474	28.705858884633262
10-14	26.19462604281828	24.71593115177615	22.657098037194253	26.43234476821132
15-19	26.590588045707296	23.104234485704183	23.831311679966717	26.473865788621808
20-24	26.163529388906635	23.668717288404352	23.659488181788113	26.5082651409009
25-29	26.25489816681366	23.68637665588535	23.635113456432958	26.423611720868028
30-34	26.437142284298247	23.93457472868709	23.306630214696504	26.321652772318156
35-39	26.365650664146727	23.60189581994959	23.292440929931484	26.7400125859722
40-44	27.031676466736727	23.265318237354553	23.08419920407975	26.61880609182897
45-49	26.720649554637188	23.30213500169977	23.102097275311852	26.875118168351186
50-54	26.960444737974846	23.557434355422043	22.87728371131105	26.60483719529206
55-59	27.415586291823452	22.64902976652597	23.019551520065015	26.915832421585563
60-64	27.561981545876478	22.84721902344907	22.754550819917576	26.836248610756876
65-69	27.18136058260289	22.901500184163627	22.85775247816828	27.059386755065205
70-74	27.64492555059063	23.24779132089521	22.449797367827244	26.657485760686917
75-79	27.63704281220417	22.882629607691886	22.80032318466489	26.680004395439056
80-84	27.45557274353293	22.55302739168152	22.857362184023184	27.13403768076236
85-89	27.422130951778	23.208865524190333	22.378497078770167	26.9905064452615
90-94	27.532802807789906	22.93443516241283	22.64511080229607	26.88765122750119
95-99	27.246027032294894	22.853541683677044	22.596890495958462	27.303540788069597
100	27.635692206052276	22.111474382035574	22.142121246004372	28.11071216590778
>>END_MODULE
>>Per base GC content	fail
#Base	%GC
1	79.22979778086471
2	52.0274527810224
3	58.4388546066066
4	55.33486177071324
5	51.921979455208565
6	46.65259838472947
7	47.594366542819856
8	53.511115761635075
9	53.77044732595976
10-14	52.626970811029594
15-19	53.06445383432911
20-24	52.671794529807535
25-29	52.67850988768169
30-34	52.75879505661641
35-39	53.10566325011893
40-44	53.65048255856569
45-49	53.59576772298838
50-54	53.5652819332669
55-59	54.33141871340902
60-64	54.39823015663335
65-69	54.2407473376681
70-74	54.302411311277545
75-79	54.317047207643235
80-84	54.5896104242953
85-89	54.4126373970395
90-94	54.4204540352911
95-99	54.549567820364494
100	55.746404371960054
>>END_MODULE
>>Per sequence GC content	pass
#GC Content	Count
0	6503.0
1	4438.0
2	2100.5
3	1746.0
4	1622.5
5	1467.5
6	1358.5
7	1328.0
8	1350.0
9	1417.5
10	1440.0
11	1512.0
12	1638.0
13	1782.5
14	2054.0
15	2437.5
16	2873.5
17	3657.5
18	4799.0
19	6472.0
20	8933.5
21	12289.5
22	17048.5
23	23714.5
24	32551.5
25	44504.0
26	58524.5
27	74528.5
28	94257.5
29	117340.0
30	145510.5
31	169144.5
32	191206.5
33	223214.5
34	250120.0
35	274369.5
36	291757.0
37	302473.0
38	325544.0
39	350169.0
40	375663.5
41	406203.0
42	459387.5
43	566259.5
44	722620.0
45	803025.0
46	876382.0
47	922863.5
48	924781.0
49	960410.0
50	1001056.5
51	1124171.5
52	1209833.5
53	1208684.5
54	1181221.0
55	1178521.0
56	1241745.5
57	1240356.5
58	1177455.0
59	1094344.5
60	993362.5
61	906463.5
62	762915.0
63	650132.0
64	598115.5
65	561626.5
66	538700.0
67	511449.5
68	522132.0
69	462134.0
70	345857.0
71	264883.0
72	207415.0
73	188610.5
74	185925.0
75	224943.5
76	223093.5
77	180797.5
78	140109.5
79	93002.5
80	100223.5
81	113940.5
82	129274.5
83	137351.0
84	108129.5
85	75905.5
86	47714.5
87	28779.0
88	21667.0
89	19134.5
90	13879.0
91	8148.0
92	6791.5
93	4689.5
94	1880.5
95	635.5
96	338.5
97	210.5
98	124.0
99	83.5
100	52.0
>>END_MODULE
>>Per base N content	pass
#Base	N-Count
1	0.03648160240826147
2	0.05048282356159953
3	0.03678695502753766
4	0.03523769226447317
5	0.04423755893787688
6	0.03344093316789007
7	0.037262662265989004
8	0.043466141794442276
9	0.034733056883143036
10-14	0.03087211408025284
15-19	0.04771986449286458
20-24	0.04597710459632191
25-29	0.027508092487258436
30-34	0.05344377969714935
35-39	0.05347206499240861
40-44	0.09082408307751212
45-49	0.0653673173441702
50-54	0.062454574780085044
55-59	0.06900197778498625
60-64	0.06082045613124274
65-69	0.06317906404729404
70-74	0.06036339147375774
75-79	0.056321165642160415
80-84	0.06119137920771088
85-89	0.059253836482450965
90-94	0.05261064918223997
95-99	0.049367482941717
100	0.04951533789420863
>>END_MODULE
>>Sequence Length Distribution	pass
#Length	Count
100	3.1111572E7
>>END_MODULE
>>Sequence Duplication Levels	fail
#Total Duplicate Percentage	70.59136824197672
#Duplication Level	Relative count
1	100.0
2	19.30688281888753
3	7.448108521543426
4	4.449348114675552
5	3.1965678215689204
6	2.3719306882818887
7	2.023789638408046
8	1.680044308860893
9	1.4558625721997063
10++	33.89627858317142
>>END_MODULE
>>Overrepresented sequences	warn
#Sequence	Count	Percentage	Possible Source
CTGCAAGTCATTTAGCACCACGTTCTCCACAAACATGCTATGCGTAATCG	39456	0.12682097838064885	No Hit
AAAGAAACTAACCAGGATTCCCTCAGTAGCGGCGAGCGAAGAGGGAAGAG	38194	0.12276460990142189	No Hit
CCTCACCCGGCCCGGACACGGAAAGGATTGACAGATTGATAGCTCTTTCT	34413	0.11061157565422923	No Hit
>>END_MODULE
>>Kmer Content	warn
#Sequence	Count	Obs/Exp Overall	Obs/Exp Max	Max Obs/Exp Position
TTTTT	9499775	4.973682	7.5257244	2
AAAAA	8873550	4.499296	8.122717	2
TTTAA	4655525	2.4063919	6.812809	7
AAGAA	5454090	2.362718	6.0040693	2
GAAAA	4924785	2.1334226	5.7252984	2
TTTCA	4567920	2.0340345	5.2434397	6
CTTTT	4434685	1.9874038	5.270945	1
AGAAA	4464320	1.9339486	5.6313353	2
TCAAA	4209365	1.8505014	5.9067397	7
GTTTT	4016265	1.7850322	7.5670943	1
TTCAA	3784120	1.6742533	5.1141863	7
ATTTA	3235830	1.6725667	6.7079015	6
TTGAT	3750030	1.6560556	5.023181	3
AAACT	3737935	1.6432533	5.5996594	4
GTGAA	4320875	1.6094862	5.1931205	1
GGGAA	5032005	1.5911664	5.705831	1
GGAAA	4194960	1.5526013	7.043795	1
GGAGA	4901485	1.5498949	5.2968287	2
GGGAG	5170535	1.3968587	5.9854765	1
GAAAC	3706125	1.3830944	5.317621	3
TCCAA	3586435	1.3582442	5.1023126	7
TTTAC	3005200	1.3381759	5.0348935	7
GAAAT	2972065	1.2957805	5.3431087	3
ATTCA	2695535	1.1926178	5.1498594	6
GTCGG	4313795	1.1826593	5.669817	1
ATCCA	3113090	1.1789804	5.115766	6
>>END_MODULE
