##FastQC	0.10.1
>>Basic Statistics	pass
#Measure	Value	
Filename	L_parva_NA_FW_3_R1.fastq.gz	
File type	Conventional base calls	
Encoding	Sanger / Illumina 1.9	
Total Sequences	12101746	
Filtered Sequences	0	
Sequence length	100	
%GC	49	
>>END_MODULE
>>Per base sequence quality	pass
#Base	Mean	Median	Lower Quartile	Upper Quartile	10th Percentile	90th Percentile
1	31.01875365753008	33.0	31.0	34.0	27.0	34.0
2	31.32182728012966	34.0	31.0	34.0	28.0	34.0
3	31.07204803339948	34.0	31.0	34.0	27.0	34.0
4	34.59820062328196	37.0	35.0	37.0	31.0	37.0
5	33.14143008785675	37.0	35.0	37.0	26.0	37.0
6	33.527130961102635	37.0	35.0	37.0	24.0	37.0
7	34.13514124325531	37.0	35.0	37.0	30.0	37.0
8	34.25564534241588	37.0	35.0	37.0	30.0	37.0
9	35.863434086288045	39.0	37.0	39.0	30.0	39.0
10-14	35.99012958956501	39.2	37.0	39.4	30.0	39.4
15-19	36.808870323340116	40.0	37.0	41.0	30.0	41.0
20-24	36.60814452724426	40.0	37.0	41.0	30.0	41.0
25-29	36.303466458476315	40.0	36.2	41.0	28.8	41.0
30-34	35.91735648723746	40.0	36.0	41.0	27.0	41.0
35-39	35.57159832969557	39.4	35.0	41.0	26.2	41.0
40-44	35.33319778815387	39.0	35.0	41.0	25.6	41.0
45-49	34.84318636335616	38.8	34.6	41.0	24.2	41.0
50-54	34.19651126374657	37.8	33.8	40.0	22.8	41.0
55-59	33.44536948635346	36.6	33.0	40.0	21.0	41.0
60-64	32.64198114883588	35.4	32.4	39.0	18.8	41.0
65-69	31.910528414660167	35.0	32.0	37.8	16.2	40.2
70-74	31.15888528812288	35.0	31.2	36.4	10.4	39.2
75-79	30.149756770634582	34.4	30.4	35.2	6.6	37.4
80-84	30.10924864891397	35.0	31.0	35.0	2.0	36.4
85-89	29.655324082987693	34.4	31.0	35.0	2.0	35.6
90-94	29.208652817535587	34.0	30.0	35.0	2.0	35.0
95-99	28.704190089595336	34.0	30.0	35.0	2.0	35.0
100	27.568994259175494	34.0	27.0	35.0	2.0	35.0
>>END_MODULE
>>Per sequence quality scores	pass
#Quality	Count
2	237003.0
3	87065.0
4	46830.0
5	37806.0
6	38132.0
7	37899.0
8	38847.0
9	41351.0
10	44673.0
11	47528.0
12	48600.0
13	49628.0
14	49592.0
15	50494.0
16	50365.0
17	49424.0
18	48737.0
19	47856.0
20	48063.0
21	49961.0
22	54918.0
23	64073.0
24	77672.0
25	95697.0
26	118309.0
27	145431.0
28	176136.0
29	207794.0
30	251620.0
31	308686.0
32	386012.0
33	504633.0
34	704623.0
35	1066119.0
36	1807962.0
37	2640328.0
38	1976443.0
39	364983.0
40	453.0
>>END_MODULE
>>Per base sequence content	fail
#Base	G	A	T	C
1	37.675260104437655	15.237528594814117	7.776739823824787	39.31047147692344
2	26.014837705213758	17.959343276315177	34.86822713312361	21.157591885347454
3	25.178088755189705	22.168799291371904	22.389117577376457	30.263994376061937
4	27.403426602829818	27.929265783687224	19.323934983730066	25.343372629752892
5	28.987055966046395	29.353825966228502	21.583780556650144	20.07533751107496
6	23.402015810606684	32.63770753064234	22.860620204778527	21.099656453972447
7	21.110718144128825	19.28330593587374	36.90746173201548	22.698514187981957
8	21.503742365830007	21.605178544706245	29.727918884127625	27.16316020533613
9	22.57647343797924	20.5339603159053	31.226824007546277	25.662742238569187
10-14	24.568522501608296	26.575608968214443	25.144406219055366	23.711462311121892
15-19	24.856480008556787	25.282082552315877	25.47161138439317	24.38982605473417
20-24	24.61655996371794	25.550024585609126	25.469606624468188	24.363808826204746
25-29	24.647890781452894	25.550009142387818	25.386608280578287	24.415491795581
30-34	24.50761349271532	25.578437957792932	25.38167499369568	24.53227355579607
35-39	24.556663396093928	25.600199921550566	25.36358508123458	24.479551601120924
40-44	24.64558944604486	25.534721142295624	25.285370385072497	24.53431902658702
45-49	24.64059564309653	25.50179498635739	25.240567648844358	24.617041721701725
50-54	24.65272587770542	25.593425576567597	25.233798054765405	24.520050490961577
55-59	24.742565773137645	25.426640186672454	25.143857872745297	24.6869361674446
60-64	24.717528910185493	25.414142681570663	25.174311278855438	24.694017129388406
65-69	24.67260292228938	25.508741165821952	25.17055215810835	24.648103753780315
70-74	24.795377686378014	25.424397459050997	25.11646534122538	24.663759513345614
75-79	24.7535319119595	25.287494523900055	25.146130285786516	24.812843278353927
80-84	24.71889103945722	25.37507487135085	25.13413295162008	24.77190113757185
85-89	24.848844093335106	25.365491695114155	25.018588637282907	24.76707557426783
90-94	24.702648348486765	25.26540696881166	25.060194095743345	24.971750586958237
95-99	24.72232944348265	25.384193170704357	25.121068561130798	24.7724088246822
100	25.09097847538272	25.115736321992156	24.65119615271658	25.142089049908545
>>END_MODULE
>>Per base GC content	fail
#Base	%GC
1	76.9857315813611
2	47.17242959056121
3	55.44208313125164
4	52.74679923258271
5	49.062393477121354
6	44.50167226457913
7	43.80923233211078
8	48.66690257116613
9	48.23921567654842
10-14	48.279984812730184
15-19	49.24630606329095
20-24	48.980368789922686
25-29	49.06338257703389
30-34	49.03988704851139
35-39	49.03621499721485
40-44	49.17990847263188
45-49	49.25763736479825
50-54	49.172776368666995
55-59	49.42950194058224
60-64	49.4115460395739
65-69	49.32070667606969
70-74	49.45913719972363
75-79	49.56637519031343
80-84	49.49079217702907
85-89	49.61591966760294
90-94	49.674398935445
95-99	49.494738268164845
100	50.23306752529126
>>END_MODULE
>>Per sequence GC content	warn
#GC Content	Count
0	4540.0
1	3146.0
2	1599.5
3	1456.0
4	1373.0
5	1180.5
6	1071.5
7	1061.0
8	1136.0
9	1257.0
10	1320.0
11	1362.5
12	1467.5
13	1589.0
14	1746.0
15	1994.0
16	2336.5
17	2887.5
18	3677.5
19	4856.0
20	6719.5
21	9678.5
22	13659.0
23	18933.5
24	25577.5
25	33864.0
26	44510.5
27	57752.5
28	72409.5
29	88044.0
30	104295.0
31	121476.5
32	139390.0
33	156050.0
34	171358.0
35	186457.5
36	201673.5
37	216289.5
38	229520.0
39	242074.5
40	256131.5
41	272580.0
42	287626.5
43	300870.0
44	318300.5
45	337309.5
46	356302.0
47	377907.5
48	397060.0
49	409783.0
50	423885.0
51	442629.5
52	456751.5
53	458461.5
54	451252.5
55	445512.0
56	436839.5
57	415592.0
58	391349.5
59	367820.0
60	339033.5
61	303491.0
62	266214.5
63	233788.0
64	204334.5
65	178242.5
66	152009.5
67	127466.0
68	106568.5
69	87239.5
70	70186.0
71	54179.0
72	42068.0
73	34620.0
74	28098.0
75	21852.0
76	16851.5
77	12887.5
78	9927.0
79	7712.5
80	6464.0
81	5153.5
82	3596.5
83	2385.0
84	1548.5
85	1008.0
86	671.0
87	493.0
88	354.0
89	246.5
90	168.0
91	108.0
92	85.5
93	70.5
94	54.5
95	38.0
96	21.0
97	13.0
98	9.5
99	4.0
100	1.0
>>END_MODULE
>>Per base N content	pass
#Base	N-Count
1	0.017245445409282266
2	0.0023054524528939874
3	0.005098437861776309
4	0.0074204168555512574
5	3.349227458583249
6	0.03864731585012609
7	0.0473815927057137
8	0.05334767396374043
9	0.04723285383778506
10-14	0.05249490445428288
15-19	0.0309459477995985
20-24	0.026483781761739173
25-29	0.02608053416424374
30-34	0.050202673234093664
35-39	0.04793853713340208
40-44	0.03908857449164774
45-49	0.02931973617691199
50-54	0.015186238415514587
55-59	0.005252134691969242
60-64	0.004779475622773772
65-69	9.155703648052107E-4
70-74	0.003120210918325339
75-79	0.004331606364899742
80-84	0.005415747446690751
85-89	0.0022079458616963204
90-94	0.009425086264411764
95-99	0.01781230576149921
100	0.0043960598743354885
>>END_MODULE
>>Sequence Length Distribution	pass
#Length	Count
100	1.2101746E7
>>END_MODULE
>>Sequence Duplication Levels	warn
#Total Duplicate Percentage	46.368523765739056
#Duplication Level	Relative count
1	100.0
2	23.940064553939276
3	10.385486734952721
4	6.199977257419767
5	4.160142753426695
6	3.2749315535806445
7	2.5043079695249424
8	1.9978482020240897
9	1.7214383807282874
10++	20.75872746516449
>>END_MODULE
>>Overrepresented sequences	pass
>>END_MODULE
>>Kmer Content	warn
#Sequence	Count	Obs/Exp Overall	Obs/Exp Max	Max Obs/Exp Position
TTTTT	7244970	6.132865	9.095469	2
AAAAA	6330810	5.2946515	7.3788476	2
CTCCT	2681685	2.4136424	6.423478	1
CTCCA	2507190	2.251141	5.955314	1
CTGGA	2453645	2.184401	5.8064485	1
GAAAA	2382440	2.0299337	5.1728377	2
GTTTT	2202690	1.8950131	7.4432397	1
GGAAA	1858875	1.6135852	5.6593504	1
>>END_MODULE
