##FastQC	0.10.1
>>Basic Statistics	pass
#Measure	Value	
Filename	L_goodei_NA_BW_1_R1.fastq.gz	
File type	Conventional base calls	
Encoding	Sanger / Illumina 1.9	
Total Sequences	10362426	
Filtered Sequences	0	
Sequence length	100	
%GC	51	
>>END_MODULE
>>Per base sequence quality	pass
#Base	Mean	Median	Lower Quartile	Upper Quartile	10th Percentile	90th Percentile
1	30.813003344969605	33.0	31.0	34.0	26.0	34.0
2	31.11220171801468	34.0	31.0	34.0	27.0	34.0
3	30.85465507787462	34.0	31.0	34.0	27.0	34.0
4	34.356172965674254	37.0	35.0	37.0	30.0	37.0
5	32.84646896392795	37.0	35.0	37.0	22.0	37.0
6	33.20952651435098	37.0	35.0	37.0	19.0	37.0
7	33.81349213012474	37.0	35.0	37.0	28.0	37.0
8	33.93386548671132	37.0	35.0	37.0	30.0	37.0
9	35.51308544929537	39.0	35.0	39.0	30.0	39.0
10-14	35.62676543118378	39.2	35.4	39.4	29.6	39.4
15-19	36.398746509745884	40.0	36.8	41.0	28.6	41.0
20-24	36.159925947842716	40.0	36.2	41.0	27.2	41.0
25-29	35.81089449516937	40.0	36.0	41.0	26.6	41.0
30-34	35.3731026692012	39.8	35.0	41.0	25.0	41.0
35-39	34.9616590941156	39.0	35.0	41.0	24.0	41.0
40-44	34.66656230886474	39.0	34.6	41.0	23.0	41.0
45-49	34.110538922063235	38.0	33.8	40.6	21.0	41.0
50-54	33.416904361970836	37.2	33.0	40.0	18.0	41.0
55-59	32.633129307750906	35.8	32.4	39.6	13.0	41.0
60-64	31.810811676725127	35.0	31.6	38.6	7.4	40.6
65-69	31.083104882968524	35.0	31.0	37.0	3.4	39.8
70-74	30.357764156771783	35.0	30.8	35.6	2.0	38.8
75-79	29.38972871796624	34.0	29.4	35.0	2.0	36.6
80-84	29.381593673141786	34.6	30.0	35.0	2.0	36.0
85-89	28.944644236783933	34.0	30.0	35.0	2.0	35.2
90-94	28.492870298904904	34.0	29.0	35.0	2.0	35.0
95-99	27.977767387675435	34.0	29.0	35.0	2.0	35.0
100	26.83520992092006	33.0	25.0	35.0	2.0	35.0
>>END_MODULE
>>Per sequence quality scores	pass
#Quality	Count
2	260694.0
3	92536.0
4	49347.0
5	38884.0
6	38444.0
7	38802.0
8	39224.0
9	41604.0
10	44576.0
11	46688.0
12	46878.0
13	47038.0
14	47483.0
15	47787.0
16	46977.0
17	46182.0
18	45377.0
19	44403.0
20	44754.0
21	46858.0
22	51391.0
23	60274.0
24	72589.0
25	88173.0
26	108180.0
27	131699.0
28	158147.0
29	186949.0
30	226110.0
31	274145.0
32	342213.0
33	448610.0
34	631800.0
35	964095.0
36	1591316.0
37	2169514.0
38	1460716.0
39	241681.0
40	288.0
>>END_MODULE
>>Per base sequence content	fail
#Base	G	A	T	C
1	36.02053110663028	13.196406525485951	7.663588133160126	43.11947423472365
2	26.685838886763108	17.86990522779155	32.21976189453702	23.224493990908314
3	26.55438870639881	22.49945786985267	20.223032390864883	30.723121032883633
4	29.534786425049838	28.441266466472072	17.497081768860653	24.526865339617444
5	30.263818284858523	29.63697287488052	20.08110175133565	20.018107088925312
6	23.797019991581678	32.37127305866952	22.39851675361737	21.433190196131434
7	22.147232475744914	18.612267770262388	35.967986609787616	23.272513144205078
8	21.985723910769423	20.316363065466128	29.509424540050507	28.188488483713947
9	22.600763181673752	19.368320072481307	31.406693688173	26.624223057671937
10-14	25.29878937461923	25.58686661315153	24.26869793239987	24.845646079829372
15-19	25.621974631824123	24.31421319759713	24.654631010158706	25.409181160420037
20-24	25.343251562813446	24.682503248334122	24.694546163662523	25.279699025189906
25-29	25.347827829500595	24.665657161752403	24.612226865701146	25.374288143045852
30-34	25.19364086852048	24.667139537480285	24.626757822132525	25.51246177186671
35-39	25.383151119585385	24.695446680294133	24.453125589855212	25.468276610265267
40-44	25.549975132052865	24.644866426039343	24.307355894161077	25.497802547746716
45-49	25.494621569797825	24.61329763628008	24.249708267638088	25.642372526284003
50-54	25.45524101127568	24.77240193464798	24.23255718513533	25.53979986894101
55-59	25.698136021866386	24.383373055405	24.11481068737749	25.803680235351127
60-64	25.67543615588149	24.365889081291563	24.23367264208693	25.725002120740026
65-69	25.60613722383168	24.444218197820184	24.157854307038757	25.791790271309377
70-74	25.77872158485885	24.474290864703974	24.118637046772804	25.62835050366437
75-79	25.71650090130494	24.30836790798141	24.18309064184458	25.792040548869068
80-84	25.66062505166777	24.352730637719837	24.170313866517727	25.81633044409467
85-89	25.711290814879156	24.4363073393796	23.97984588044387	25.872555965297373
90-94	25.604054074217153	24.398985076236738	24.05430159849663	25.942659251049484
95-99	25.47547821842091	24.500919748628746	24.106268816933838	25.9173332160165
100	25.856973390676565	23.953390159286897	23.61441862386281	26.57521782617373
>>END_MODULE
>>Per base GC content	fail
#Base	%GC
1	79.14000534135393
2	49.91033287767143
3	57.27750973928245
4	54.061651764667275
5	50.28192537378383
6	45.23021018771311
7	45.41974561995
8	50.17421239448336
9	49.22498623934569
10-14	50.1444354544486
15-19	51.031155792244164
20-24	50.622950588003356
25-29	50.72211597254645
30-34	50.70610264038719
35-39	50.85142772985065
40-44	51.04777767979958
45-49	51.136994096081835
50-54	50.99504088021669
55-59	51.50181625721751
60-64	51.40043827662151
65-69	51.39792749514106
70-74	51.40707208852322
75-79	51.50854145017401
80-84	51.47695549576243
85-89	51.58384678017652
90-94	51.54671332526664
95-99	51.39281143443741
100	52.4321912168503
>>END_MODULE
>>Per sequence GC content	warn
#GC Content	Count
0	8896.0
1	5743.0
2	2215.5
3	1759.5
4	1567.0
5	1340.5
6	1242.5
7	1220.0
8	1220.0
9	1256.0
10	1304.5
11	1344.0
12	1404.5
13	1533.5
14	1679.5
15	1846.5
16	2103.0
17	2526.0
18	3054.0
19	3888.0
20	5137.5
21	7191.0
22	9951.0
23	13350.0
24	17887.5
25	23694.5
26	30597.5
27	38506.0
28	47797.5
29	58365.5
30	69138.5
31	80567.0
32	92499.0
33	103733.0
34	115514.5
35	127177.0
36	136651.0
37	145389.0
38	155918.0
39	165708.0
40	174521.5
41	188041.0
42	202216.5
43	215172.0
44	234156.0
45	254651.5
46	275931.5
47	297530.0
48	316306.5
49	333576.0
50	351293.0
51	377037.0
52	401736.5
53	406228.0
54	397594.5
55	403125.0
56	407774.0
57	390654.5
58	366798.0
59	345966.0
60	327163.5
61	300331.0
62	264511.0
63	231855.5
64	209491.5
65	190478.5
66	165993.5
67	143474.0
68	127110.0
69	106654.0
70	85049.5
71	68847.5
72	54310.5
73	45136.5
74	42776.0
75	37524.0
76	30606.5
77	23291.0
78	16573.0
79	14003.5
80	11702.0
81	11229.0
82	10260.5
83	6357.5
84	3381.0
85	2161.5
86	1450.5
87	973.0
88	646.0
89	404.0
90	260.5
91	182.0
92	140.0
93	107.0
94	76.5
95	53.0
96	32.0
97	19.5
98	15.0
99	10.0
100	5.5
>>END_MODULE
>>Per base N content	pass
#Base	N-Count
1	0.01695548899456556
2	0.002036202719324606
3	0.00504708067396573
4	0.008115860127734567
5	3.535282181990974
6	0.039237915908880795
7	0.04834775177164112
8	0.05334658119633375
9	0.048222298523531076
10-14	0.05289687955310851
15-19	0.031591057924080714
20-24	0.02709983164174104
25-29	0.02663854969869025
30-34	0.05079119503483064
35-39	0.048361262121437584
40-44	0.039683757452164195
45-49	0.02993700509899902
50-54	0.015396008618059131
55-59	0.004946718075477692
60-64	0.004603169180653257
65-69	8.299214874972328E-4
70-74	0.0031575617524313322
75-79	0.004344542484549467
80-84	0.005305707370069518
85-89	0.0022851791655737756
90-94	0.009436014307846444
95-99	0.01812123917700353
100	0.004767223428181779
>>END_MODULE
>>Sequence Length Distribution	pass
#Length	Count
100	1.0362426E7
>>END_MODULE
>>Sequence Duplication Levels	warn
#Total Duplicate Percentage	47.83228427458023
#Duplication Level	Relative count
1	100.0
2	21.89607199258015
3	8.37239615972727
4	4.62821380526241
5	3.236156719223924
6	2.489994067463799
7	1.951052398499319
8	1.6703013895503807
9	1.373674579500163
10++	21.49583469113211
>>END_MODULE
>>Overrepresented sequences	warn
#Sequence	Count	Percentage	Possible Source
TTTTTTTTTTTTTTTTTTTTTTTTTTTTTTTTTTTTTTTTTTTTTTTTTT	10955	0.10571848715735098	No Hit
>>END_MODULE
>>Kmer Content	warn
#Sequence	Count	Obs/Exp Overall	Obs/Exp Max	Max Obs/Exp Position
TTTTT	6145635	7.3492427	9.742939	2
AAAAA	5180280	6.060729	9.016651	2
AAGAA	2118875	2.3582458	5.1907897	2
CTCCT	2300660	2.3117704	5.2257977	1
GAAGA	2154265	2.2808406	5.467433	2
CTCCA	2193480	2.194447	5.5457993	1
CTGGA	2099240	2.1157532	6.3222456	1
GAAAA	1867295	2.0782447	5.9204073	2
CTTTT	1707955	1.9273373	5.177701	1
GTTTT	1633270	1.8498863	6.504116	1
GGAAA	1497590	1.5855821	6.3612156	1
CTGGG	1441860	1.382414	5.186249	1
>>END_MODULE
