##FastQC	0.10.1
>>Basic Statistics	pass
#Measure	Value	
Filename	F_grandis_NA_BW_2_R1.fastq.gz	
File type	Conventional base calls	
Encoding	Sanger / Illumina 1.9	
Total Sequences	3756677	
Filtered Sequences	0	
Sequence length	100	
%GC	49	
>>END_MODULE
>>Per base sequence quality	pass
#Base	Mean	Median	Lower Quartile	Upper Quartile	10th Percentile	90th Percentile
1	29.995959194788373	31.0	30.0	34.0	25.0	34.0
2	30.26028615183046	31.0	30.0	34.0	26.0	34.0
3	28.898987855490372	31.0	30.0	34.0	16.0	34.0
4	32.56140440075098	37.0	33.0	37.0	19.0	37.0
5	33.244916717620384	37.0	33.0	37.0	27.0	37.0
6	30.714138585776738	37.0	32.0	37.0	10.0	37.0
7	31.548762110769704	36.0	32.0	37.0	17.0	37.0
8	32.637808360953045	36.0	32.0	37.0	25.0	37.0
9	34.312289824224976	38.0	34.0	39.0	27.0	39.0
10-14	33.93829189999566	38.8	34.2	39.4	21.0	39.4
15-19	35.093888614858294	39.2	34.4	41.0	25.0	41.0
20-24	35.06507644921296	39.6	34.4	41.0	24.4	41.0
25-29	34.71144572716792	39.0	34.0	41.0	22.4	41.0
30-34	34.28955105802282	39.0	33.4	41.0	18.4	41.0
35-39	33.96470135707701	39.0	33.0	41.0	16.0	41.0
40-44	33.684308179808916	38.0	33.0	40.6	14.4	41.0
45-49	33.241961126815	38.0	32.6	40.0	9.2	41.0
50-54	32.55341861970034	37.2	31.8	40.0	3.8	41.0
55-59	31.85188345977043	35.8	31.0	39.8	2.0	41.0
60-64	31.031320180042098	35.0	30.2	38.8	2.0	40.6
65-69	30.29956272524894	35.0	30.0	37.2	2.0	40.0
70-74	29.502395281787603	34.6	29.0	35.8	2.0	39.0
75-79	28.492505051671998	33.8	28.4	35.0	2.0	37.2
80-84	28.397724478308884	34.0	29.0	35.0	2.0	36.0
85-89	27.905040385425735	34.0	28.0	35.0	2.0	35.4
90-94	27.454699991508456	34.0	27.0	35.0	2.0	35.0
95-99	26.86218256187583	34.0	26.4	35.0	2.0	35.0
100	25.764353443215906	33.0	24.0	35.0	2.0	35.0
>>END_MODULE
>>Per sequence quality scores	pass
#Quality	Count
2	144444.0
3	41817.0
4	20813.0
5	14926.0
6	14636.0
7	14913.0
8	15616.0
9	16795.0
10	18012.0
11	18849.0
12	19584.0
13	19938.0
14	20320.0
15	20655.0
16	20206.0
17	20035.0
18	19290.0
19	18676.0
20	18710.0
21	19424.0
22	21222.0
23	24349.0
24	29631.0
25	37008.0
26	47194.0
27	62441.0
28	77097.0
29	80610.0
30	96427.0
31	112138.0
32	130407.0
33	169874.0
34	232503.0
35	337273.0
36	525318.0
37	694515.0
38	478091.0
39	82820.0
40	100.0
>>END_MODULE
>>Per base sequence content	fail
#Base	G	A	T	C
1	36.38704121890569	13.297126368378576	10.707148812010551	39.60868360070518
2	25.738674736609248	21.384930777153464	29.712489661229057	23.163904825008235
3	26.335436460930232	26.28730518259322	21.659681022894297	25.71757733358225
4	28.257730564574267	32.20018805299133	18.34999472897901	21.192086653455394
5	27.998988292143956	32.64887747019788	20.613041712981143	18.73909252467702
6	20.85667169090747	36.79015099720772	22.411722852805198	19.94145445907962
7	21.164155426284243	18.678521379248643	37.012835031383965	23.144488163083153
8	22.479882838503528	21.29873518839036	28.822473705232326	27.398908267873782
9	22.12645568086656	20.02324562746552	31.434159356365054	26.416139335302862
10-14	24.669673197062856	26.29746803119925	24.832916078235733	24.199942693502162
15-19	24.71070778060508	25.27441671488048	25.575723560035453	24.439151944478983
20-24	24.583142573530516	25.85130522303269	25.392251674932304	24.173300528504495
25-29	24.606026166842078	25.742227522264777	25.238222370555256	24.41352394033789
30-34	24.35571960027379	25.838145566585208	25.436892976372743	24.369241856768255
35-39	24.48112199144171	25.835555740660006	25.323082121150698	24.36024014674759
40-44	24.517469632501346	25.710527577043717	25.276457400297154	24.495545390157787
45-49	24.547607793045533	25.649272694771426	25.300059899890666	24.50305961229238
50-54	24.519651802500796	25.732362375403284	25.271091155178	24.47689466691792
55-59	24.62212749654495	25.489283785074505	25.22251642978326	24.66607228859728
60-64	24.54231373459971	25.54734755544207	25.2578470865711	24.652491623387125
65-69	24.557018607720742	25.642806169593328	25.19330823114317	24.60686699154276
70-74	24.707493274703857	25.62223364164351	25.098861640341894	24.571411443310737
75-79	24.566660038210784	25.45976061424756	25.261780083806045	24.711799263735614
80-84	24.594539210661363	25.569618177480578	25.166751504520953	24.66909110733711
85-89	24.710016017731842	25.475109479701096	25.059636582868254	24.755237919698807
90-94	24.545371388605247	25.497090396054777	25.124587401899966	24.83295081344001
95-99	24.56145890704233	25.579585976887646	25.156161114765514	24.70279400130451
100	24.852119841899086	25.27857485539453	24.770918206791013	25.09838709591537
>>END_MODULE
>>Per base GC content	fail
#Base	%GC
1	75.99572481961087
2	48.90257956161748
3	52.05301379451248
4	49.449817218029665
5	46.738080816820975
6	40.798126149987084
7	44.3086435893674
8	49.878791106377314
9	48.54259501616943
10-14	48.869615890565015
15-19	49.14985972508406
20-24	48.75644310203501
25-29	49.01955010717997
30-34	48.72496145704204
35-39	48.8413621381893
40-44	49.01301502265913
45-49	49.05066740533791
50-54	48.99654646941872
55-59	49.288199785142226
60-64	49.19480535798683
65-69	49.1638855992635
70-74	49.278904718014594
75-79	49.2784593019464
80-84	49.26363031799847
85-89	49.465253937430646
90-94	49.378322202045254
95-99	49.26425290834684
100	49.95050693781445
>>END_MODULE
>>Per sequence GC content	warn
#GC Content	Count
0	461.0
1	354.0
2	227.0
3	211.5
4	209.0
5	179.0
6	178.0
7	206.5
8	227.0
9	263.0
10	291.5
11	330.5
12	377.0
13	424.0
14	488.5
15	639.0
16	821.0
17	1005.0
18	1311.5
19	1786.0
20	2560.0
21	3589.0
22	4852.5
23	6619.0
24	8897.5
25	11928.0
26	15390.0
27	19223.0
28	23817.5
29	28643.0
30	33914.0
31	39395.0
32	44763.5
33	50598.0
34	55196.0
35	58721.0
36	62993.0
37	66404.5
38	70036.5
39	74697.5
40	79047.0
41	83316.0
42	88053.5
43	93336.5
44	98996.5
45	104819.0
46	110506.0
47	116637.5
48	122449.5
49	127929.5
50	133445.0
51	139391.5
52	143940.0
53	145933.0
54	145034.0
55	142810.5
56	139833.5
57	134953.5
58	127036.5
59	116605.0
60	105713.0
61	92875.5
62	81078.5
63	70758.0
64	60030.5
65	50470.5
66	42389.5
67	35268.0
68	29545.0
69	23982.0
70	18421.0
71	13937.0
72	10414.5
73	8044.0
74	6438.0
75	5215.0
76	3992.0
77	2933.0
78	2106.0
79	1432.5
80	1154.5
81	993.0
82	964.0
83	863.0
84	550.5
85	322.5
86	196.0
87	119.5
88	86.5
89	83.0
90	63.5
91	43.0
92	40.0
93	30.0
94	19.0
95	12.5
96	8.0
97	5.0
98	4.5
99	3.0
100	1.0
>>END_MODULE
>>Per base N content	pass
#Base	N-Count
1	0.02784375659658789
2	0.004951184251400906
3	3.3258914727031366
4	0.007692969078789579
5	0.017355764150071992
6	2.3900910299181963
7	0.029174720105028994
8	0.031330880988703576
9	0.030133013831106586
10-14	0.9671047045034747
15-19	0.0223069484014729
20-24	0.01715878155082271
25-29	0.015029239937316941
30-34	0.03691028001608869
35-39	0.03832642518907002
40-44	0.027071797761692048
45-49	0.019794089297536094
50-54	0.015407233573714216
55-59	0.0038704418825467298
60-64	0.005494217362844876
65-69	0.0022839333804849336
70-74	0.003029272945211952
75-79	0.003886413444648023
80-84	0.0026406316007471496
85-89	0.002401058169227751
90-94	0.009535022574472068
95-99	0.020773678439748745
100	0.015838465750449133
>>END_MODULE
>>Sequence Length Distribution	pass
#Length	Count
100	3756677.0
>>END_MODULE
>>Sequence Duplication Levels	warn
#Total Duplicate Percentage	25.949712323374143
#Duplication Level	Relative count
1	100.0
2	12.401516801393818
3	4.0603902176558755
4	2.3424589092865653
5	1.5187230172049346
6	1.1068550711641194
7	0.8685737711218438
8	0.7218898525474321
9	0.5809708041353335
10++	4.50684738467057
>>END_MODULE
>>Overrepresented sequences	warn
#Sequence	Count	Percentage	Possible Source
GATCGGAAGAGCACACGTCTGAACTCCAGTCACGAGATTCCATCTCGTAT	3908	0.10402810781975666	TruSeq Adapter, Index 7 (97% over 38bp)
>>END_MODULE
>>Kmer Content	warn
#Sequence	Count	Obs/Exp Overall	Obs/Exp Max	Max Obs/Exp Position
TTTTT	1903250	5.2499557	7.3010516	2
AAAAA	1962660	5.0181446	9.837895	2
CTGGA	763225	2.20627	5.9446483	1
GAAGA	790860	2.16626	5.3444185	2
AAGAA	804225	2.1282961	5.0070686	2
AAACA	787265	2.0922897	5.057998	4
GAAAA	746505	1.9755462	6.8995605	1
AAAAC	712860	1.8945456	5.2055483	3
GTTTT	664665	1.8690751	6.6238976	1
AAAAG	694420	1.8377088	5.2623467	3
AAAAT	695935	1.8065879	5.7285266	3
GGAAG	590830	1.6750584	5.189768	1
GGAAA	563365	1.5431241	6.7499876	1
>>END_MODULE
