##FastQC	0.10.1
>>Basic Statistics	pass
#Measure	Value	
Filename	L_goodei_NA_transfer_1_R2.fastq.gz	
File type	Conventional base calls	
Encoding	Sanger / Illumina 1.9	
Total Sequences	9336735	
Filtered Sequences	0	
Sequence length	100	
%GC	50	
>>END_MODULE
>>Per base sequence quality	pass
#Base	Mean	Median	Lower Quartile	Upper Quartile	10th Percentile	90th Percentile
1	30.05014804425744	31.0	31.0	34.0	26.0	34.0
2	30.090782912870505	31.0	31.0	34.0	26.0	34.0
3	30.136962010809988	31.0	31.0	34.0	26.0	34.0
4	33.498292497323746	37.0	35.0	37.0	28.0	37.0
5	33.436694197704014	37.0	35.0	37.0	28.0	37.0
6	33.372126765941196	37.0	35.0	37.0	27.0	37.0
7	33.3837360704786	37.0	35.0	37.0	28.0	37.0
8	33.32457063416708	37.0	35.0	37.0	27.0	37.0
9	34.7649165366694	39.0	35.0	39.0	27.0	39.0
10-14	34.8424403819965	39.2	35.2	39.4	27.0	39.4
15-19	35.55843110037931	40.0	36.0	41.0	26.2	41.0
20-24	35.25255535259381	39.6	35.4	41.0	24.6	41.0
25-29	34.942385512708675	39.0	35.0	41.0	23.4	41.0
30-34	34.08313642831247	38.6	33.6	41.0	17.8	41.0
35-39	33.86086555953446	38.0	33.0	40.0	16.2	41.0
40-44	33.43809136705711	38.0	33.0	40.0	13.2	41.0
45-49	33.00213192299021	37.8	32.4	40.0	8.6	41.0
50-54	32.14054797528258	36.0	31.4	39.6	5.4	40.6
55-59	32.01021539114048	35.6	31.6	39.6	2.0	41.0
60-64	31.226316244383078	35.0	31.0	38.8	2.0	40.8
65-69	30.423564447314828	35.0	30.0	37.2	2.0	39.8
70-74	29.723498653437208	35.0	29.8	35.8	2.0	38.8
75-79	29.01588992297629	34.0	29.0	35.0	2.0	37.0
80-84	28.382561805599067	34.0	29.0	35.0	2.0	36.0
85-89	27.829661096732423	34.0	27.6	35.0	2.0	35.2
90-94	27.26943446504586	34.0	26.8	35.0	2.0	35.0
95-99	26.594751634270438	34.0	25.2	35.0	2.0	35.0
100	25.24375598107904	32.0	20.0	35.0	2.0	35.0
>>END_MODULE
>>Per sequence quality scores	pass
#Quality	Count
2	396547.0
3	59896.0
4	40769.0
5	35096.0
6	35978.0
7	37190.0
8	39588.0
9	42784.0
10	44312.0
11	45714.0
12	44341.0
13	43082.0
14	43740.0
15	44581.0
16	45236.0
17	44350.0
18	45454.0
19	46629.0
20	47781.0
21	50980.0
22	56879.0
23	65934.0
24	77836.0
25	93726.0
26	111994.0
27	132800.0
28	158118.0
29	188785.0
30	225313.0
31	276301.0
32	348157.0
33	453458.0
34	616649.0
35	898433.0
36	1375712.0
37	1714534.0
38	1112646.0
39	195163.0
40	249.0
>>END_MODULE
>>Per base sequence content	fail
#Base	G	A	T	C
1	37.873863642451155	13.392374819870254	7.449598491463591	41.284163046215
2	27.500606498578694	16.553275006600764	34.71737166232902	21.22874683249152
3	26.769778076438183	21.067776186263522	21.40070492093612	30.76174081636217
4	29.19089298599642	27.69937061300012	17.967148023529827	25.142588377473636
5	30.462483177754347	29.006769614524135	20.75429020838155	19.776456999339967
6	23.76785489870506	32.73376936232608	22.34242000269344	21.15595573627542
7	21.615629804627442	18.912888588892642	36.51562926891985	22.955852337560067
8	22.019174650211088	21.096872624986833	29.249061620344413	27.634891104457665
9	23.470665324438283	20.159878170918127	30.350421460569045	26.019035044074545
10-14	25.085509791345185	26.014946530855497	24.4725133829814	24.427030294817918
15-19	25.411662782684186	24.54283395266606	25.18371356443897	24.861789700210785
20-24	25.17405884955805	25.013863075247976	24.9599173041524	24.85216077104157
25-29	25.26511109966943	25.07398791865806	24.85214789994513	24.808753081727378
30-34	25.351914084368854	24.962004556324192	24.762512671041648	24.923568688265306
35-39	25.189491400488293	24.937251973225134	24.79784144173237	25.0754151845542
40-44	25.477797435635765	24.83261996176866	24.610555726597024	25.079026875998554
45-49	25.434925337950055	24.872733205746275	24.532956409436355	25.15938504686731
50-54	25.35104294778338	25.01327181543946	24.480806665743586	25.154878571033578
55-59	25.706705240915355	24.64910653505385	24.325709097411366	25.318479126619426
60-64	25.686569555444223	24.550465774858072	24.37368727042805	25.389277399269655
65-69	25.499559137979666	24.629565840128347	24.402094883897902	25.46878013799409
70-74	25.71184012808121	24.697292340905154	24.372084673290615	25.21878285772302
75-79	25.733258668512025	24.609158465624205	24.301463988311962	25.356118877551808
80-84	25.783656192311398	24.519327385416698	24.31447980249515	25.38253661977675
85-89	25.798503512270493	24.626262792531854	24.13572674663715	25.439506948560503
90-94	25.738729060852727	24.592260838532034	24.170591035542166	25.49841906507307
95-99	25.626682020937047	24.604477485433762	24.253742962373074	25.51509753125612
100	26.047090319811183	24.18053032330875	23.66123121743933	26.111148139440736
>>END_MODULE
>>Per base GC content	fail
#Base	%GC
1	79.15802668866615
2	48.729353331070214
3	57.53151889280036
4	54.33348136347006
5	50.238940177094314
6	44.92381063498048
7	44.571482142187506
8	49.65406575466875
9	49.48970036851283
10-14	49.5125400861631
15-19	50.27345248289497
20-24	50.02621962059962
25-29	50.07386418139681
30-34	50.27548277263416
35-39	50.26490658504249
40-44	50.556824311634315
45-49	50.59431038481736
50-54	50.505921518816955
55-59	51.025184367534784
60-64	51.075846954713874
65-69	50.96833927597375
70-74	50.93062298580423
75-79	51.08937754606383
80-84	51.16619281208815
85-89	51.238010460831
90-94	51.2371481259258
95-99	51.14177955219317
100	52.15823845925192
>>END_MODULE
>>Per sequence GC content	pass
#GC Content	Count
0	8200.0
1	5260.0
2	1985.0
3	1630.5
4	1483.0
5	1286.0
6	1222.0
7	1213.5
8	1189.0
9	1191.5
10	1188.0
11	1179.5
12	1207.5
13	1235.5
14	1293.5
15	1414.5
16	1630.0
17	1880.5
18	2346.5
19	3042.5
20	4027.5
21	5704.0
22	8270.5
23	11558.0
24	15699.0
25	21235.0
26	27761.5
27	35525.5
28	44909.0
29	55403.0
30	65915.0
31	77347.0
32	89341.5
33	99631.5
34	110524.5
35	121802.5
36	130543.5
37	139758.0
38	149395.0
39	158434.5
40	168775.5
41	181218.0
42	193866.0
43	208997.5
44	232744.0
45	252522.5
46	267664.0
47	286054.0
48	298342.0
49	310075.0
50	326043.0
51	342464.5
52	357600.5
53	358270.5
54	344770.0
55	346308.0
56	349358.5
57	330270.0
58	309966.5
59	293160.0
60	278808.0
61	259092.0
62	225699.0
63	195414.0
64	176934.0
65	161223.0
66	138687.0
67	119500.5
68	107459.0
69	89777.0
70	71064.5
71	58048.0
72	46770.0
73	40599.0
74	39391.0
75	35319.0
76	27505.5
77	19460.0
78	15475.5
79	13844.0
80	12472.0
81	11699.5
82	9251.5
83	5506.5
84	3165.5
85	2194.0
86	1478.5
87	940.5
88	601.0
89	382.0
90	238.5
91	152.5
92	107.5
93	78.5
94	55.5
95	37.0
96	25.5
97	17.0
98	9.5
99	8.0
100	7.5
>>END_MODULE
>>Per base N content	pass
#Base	N-Count
1	0.034112567187566105
2	0.047971801705842566
3	0.03433748521297862
4	0.03266666559562845
5	0.04128852323644186
6	0.03161704814370334
7	0.035183605403816216
8	0.04168480737645441
9	0.0321632776339909
10-14	0.029091540029785572
15-19	0.04517424988499727
20-24	0.04315641388558206
25-29	0.026141900782232764
30-34	0.05169473054552796
35-39	0.05064297101717035
40-44	0.08849988780874685
45-49	0.06322981213454168
50-54	0.06086710182949393
55-59	0.06743470817153963
60-64	0.05901420571538124
65-69	0.06102347340906644
70-74	0.05789175766475112
75-79	0.054363757780423246
80-84	0.06000170295076384
85-89	0.057752522696638595
90-94	0.051287736023352924
95-99	0.04749411866139502
100	0.04863584539991764
>>END_MODULE
>>Sequence Length Distribution	pass
#Length	Count
100	9336735.0
>>END_MODULE
>>Sequence Duplication Levels	warn
#Total Duplicate Percentage	42.849664493408845
#Duplication Level	Relative count
1	100.0
2	17.510352084421534
3	6.972043694501851
4	3.9205444401547322
5	2.6472569815062945
6	1.891762995934867
7	1.5291561631806447
8	1.2308950105602616
9	1.0000075700800157
10++	14.699581374575128
>>END_MODULE
>>Overrepresented sequences	warn
#Sequence	Count	Percentage	Possible Source
TTTTTTTTTTTTTTTTTTTTTTTTTTTTTTTTTTTTTTTTTTTTTTTTTT	12985	0.1390743123800772	No Hit
>>END_MODULE
>>Kmer Content	fail
#Sequence	Count	Obs/Exp Overall	Obs/Exp Max	Max Obs/Exp Position
TTTTT	5527130	6.969146	10.379945	2
AAAAA	4155535	5.172974	7.5112324	2
GAAGA	1922350	2.198643	5.1876464	2
CTCCT	1866755	2.1507392	6.001879	1
CTCCA	1843955	2.1190317	5.827696	1
GAAAA	1724860	2.0581248	5.5460873	2
CTGGA	1761035	1.9645226	5.747632	1
GTTTT	1548200	1.8663716	7.3819776	1
GGAAA	1419655	1.6236973	6.438345	1
CTGGG	1321930	1.4135199	5.406639	1
GGGAG	1335155	1.4030167	5.179178	1
GGGAA	1257145	1.3781993	5.2622795	1
>>END_MODULE
