##FastQC	0.10.1
>>Basic Statistics	pass
#Measure	Value	
Filename	F_rathbuni_NA_transfer_2_R1.fastq.gz	
File type	Conventional base calls	
Encoding	Sanger / Illumina 1.9	
Total Sequences	11543974	
Filtered Sequences	0	
Sequence length	100	
%GC	49	
>>END_MODULE
>>Per base sequence quality	pass
#Base	Mean	Median	Lower Quartile	Upper Quartile	10th Percentile	90th Percentile
1	30.740162962944996	31.0	31.0	34.0	26.0	34.0
2	31.03884130369663	33.0	31.0	34.0	27.0	34.0
3	29.60239974552957	33.0	31.0	34.0	18.0	34.0
4	33.36439635085803	37.0	35.0	37.0	19.0	37.0
5	34.113621011273935	37.0	35.0	37.0	30.0	37.0
6	31.54988801949831	37.0	33.0	37.0	10.0	37.0
7	32.4321041436857	37.0	33.0	37.0	17.0	37.0
8	33.62931049567506	37.0	33.0	37.0	28.0	37.0
9	35.411414907899136	39.0	35.0	39.0	30.0	39.0
10-14	35.08009484428845	39.2	34.8	39.4	25.0	39.4
15-19	36.357319290566664	40.0	35.8	41.0	29.2	41.0
20-24	36.36571904960978	40.0	36.0	41.0	29.4	41.0
25-29	36.045890384022	40.0	35.8	41.0	28.0	41.0
30-34	35.67774923955996	39.6	35.0	41.0	27.0	41.0
35-39	35.40655680617438	39.0	35.0	41.0	26.2	41.0
40-44	35.16755716878781	39.0	34.6	41.0	26.0	41.0
45-49	34.76519467212937	38.6	34.0	40.6	24.8	41.0
50-54	34.114521446427375	37.8	33.0	40.0	23.2	41.0
55-59	33.44021128252714	36.6	32.8	40.0	22.0	41.0
60-64	32.627750634227006	35.4	32.0	39.0	19.8	40.8
65-69	31.88678510537186	35.0	31.6	37.8	18.0	40.0
70-74	31.076682726416397	35.0	31.0	36.4	11.6	39.2
75-79	30.041048013448403	34.0	30.0	35.2	6.6	37.4
80-84	29.945619541416153	34.0	30.0	35.0	2.0	36.2
85-89	29.470102115614605	34.0	30.0	35.0	2.0	35.4
90-94	29.06168918952867	34.0	30.0	35.0	2.0	35.0
95-99	28.512334331314328	34.0	29.0	35.0	2.0	35.0
100	27.405003424297387	33.0	27.0	35.0	2.0	35.0
>>END_MODULE
>>Per sequence quality scores	pass
#Quality	Count
2	246438.0
3	78464.0
4	41378.0
5	30948.0
6	30910.0
7	32892.0
8	34134.0
9	37568.0
10	41434.0
11	43488.0
12	44990.0
13	46396.0
14	48145.0
15	48799.0
16	48943.0
17	49082.0
18	48113.0
19	47275.0
20	46804.0
21	49059.0
22	54222.0
23	63092.0
24	76292.0
25	96351.0
26	126437.0
27	173799.0
28	221753.0
29	231157.0
30	281803.0
31	335018.0
32	395563.0
33	525706.0
34	737964.0
35	1088059.0
36	1728658.0
37	2352121.0
38	1673042.0
39	287399.0
40	278.0
>>END_MODULE
>>Per base sequence content	fail
#Base	G	A	T	C
1	36.65511284687021	12.196714396575896	11.590403137675711	39.55776961887818
2	25.98567452428386	19.923730178331667	29.06518487344946	25.025410423935014
3	27.879060817624822	23.921968495436623	21.544606937721138	26.65436374921742
4	29.632462167261497	29.797998130659924	18.264573562534398	22.304966139544185
5	29.275215030356588	30.76033347845581	20.752566176932458	19.21188531425514
6	22.121000994917573	36.07245996092047	22.0690549115345	19.73748413262746
7	21.309473479530915	19.366108975684853	36.34272896817911	22.981688576605123
8	22.951986078671588	22.034512513476713	28.40109224405166	26.612409163800038
9	22.17967203796069	20.82809375097484	31.207691961082666	25.7845422499818
10-14	24.66400080427823	26.458443420782267	24.989668424824295	23.887887350115204
15-19	24.6301743527697	25.362654055571042	25.73973923895177	24.26743235270749
20-24	24.44960126480723	25.84570640987919	25.613632165528387	24.091060159785187
25-29	24.56298607112754	25.78237840957191	25.357594341646383	24.29704117765417
30-34	24.256086347241883	25.849189909667018	25.566248649546143	24.328475093544956
35-39	24.44662836583192	25.8271801570666	25.44632961772635	24.27986185937514
40-44	24.478955675801576	25.766452261822074	25.43584387334517	24.31874818903118
45-49	24.443814067704135	25.72157116184681	25.440885617322174	24.393729153126877
50-54	24.43270651596138	25.82247903506218	25.40412638577842	24.34068806319802
55-59	24.52267310649049	25.554829355890043	25.38986558345082	24.53263195416865
60-64	24.457710880077567	25.634807590740426	25.417225409896492	24.490256119285508
65-69	24.51170973368055	25.80318046367337	25.296708478714457	24.388401323931618
70-74	24.621176590603696	25.769375384693323	25.212236018906665	24.397212005796316
75-79	24.55516955128018	25.609909345948882	25.349690413936987	24.48523068883395
80-84	24.550686022825804	25.719754346756314	25.266336383026317	24.463223247391568
85-89	24.648839530636437	25.57594922091846	25.220390241845354	24.55482100659975
90-94	24.4776124213125	25.60722242636137	25.278533849236773	24.636631303089356
95-99	24.488595834536326	25.703799858917968	25.287928974397545	24.519675332148157
100	24.744161166768556	25.356661634623784	24.95131706444758	24.947860134160084
>>END_MODULE
>>Per base GC content	fail
#Base	%GC
1	76.2128824657484
2	51.011084948218866
3	54.533424566842235
4	51.93742830680568
5	48.48710034461173
6	41.85848512754503
7	44.29116205613604
8	49.564395242471626
9	47.96421428794249
10-14	48.55188815439344
15-19	48.897606705477195
20-24	48.54066142459242
25-29	48.86002724878171
30-34	48.584561440786835
35-39	48.72649022520706
40-44	48.797703864832755
45-49	48.837543220831016
50-54	48.7733945791594
55-59	49.05530506065914
60-64	48.94796699936308
65-69	48.900111057612165
70-74	49.01838859640001
75-79	49.04040024011413
80-84	49.01390927021737
85-89	49.20366053723618
90-94	49.11424372440186
95-99	49.00827116668449
100	49.69202130092864
>>END_MODULE
>>Per sequence GC content	warn
#GC Content	Count
0	1559.0
1	1181.0
2	754.0
3	689.0
4	669.0
5	638.5
6	636.5
7	693.0
8	710.0
9	754.5
10	861.0
11	933.5
12	1043.5
13	1215.5
14	1406.0
15	1662.5
16	2019.5
17	2544.0
18	3407.0
19	4642.0
20	6482.5
21	8874.5
22	12476.5
23	17924.5
24	24740.0
25	33922.5
26	45352.0
27	56870.0
28	68966.0
29	83250.5
30	99202.5
31	117474.5
32	136602.0
33	152624.5
34	167995.5
35	183369.5
36	196906.0
37	208485.5
38	219513.5
39	232121.0
40	243428.0
41	257081.0
42	271293.5
43	285018.5
44	306407.5
45	327343.5
46	347322.5
47	366768.5
48	382177.5
49	400897.5
50	421047.0
51	440233.0
52	461499.5
53	471114.5
54	463981.0
55	451638.5
56	439442.5
57	425082.5
58	398159.5
59	361086.5
60	322691.5
61	279744.5
62	238983.0
63	206917.5
64	175694.0
65	144698.5
66	117835.0
67	95968.5
68	78310.0
69	62987.0
70	48000.5
71	35083.5
72	25913.5
73	20651.5
74	17396.5
75	14008.5
76	10201.5
77	7084.5
78	4822.5
79	3258.0
80	2583.0
81	2290.5
82	2045.5
83	1665.0
84	1201.0
85	751.5
86	466.5
87	326.0
88	247.5
89	198.0
90	168.0
91	124.0
92	82.5
93	63.0
94	44.0
95	20.5
96	14.5
97	8.0
98	5.0
99	4.0
100	0.5
>>END_MODULE
>>Per base N content	pass
#Base	N-Count
1	0.02773741520900861
2	0.004184001107417601
3	3.2280044982776297
4	0.007475761813046357
5	0.01731639381724179
6	2.161915818590721
7	0.030084960343812278
8	0.032016704126326
9	0.031306376816164
10-14	0.9453001193523133
15-19	0.02254856083355697
20-24	0.01713448072561494
25-29	0.015013893828936205
30-34	0.03755205962868593
35-39	0.038865298899668346
40-44	0.02763346487093613
45-49	0.02057350441017972
50-54	0.016815699688859313
55-59	0.004069655735537866
60-64	0.005694746020737745
65-69	0.0020426241431243694
70-74	0.003146230232327273
75-79	0.004014215555232539
80-84	0.002773741520900861
85-89	0.0025242607095268925
90-94	0.010341326132577915
95-99	0.022552025844826053
100	0.016822629711397478
>>END_MODULE
>>Sequence Length Distribution	pass
#Length	Count
100	1.1543974E7
>>END_MODULE
>>Sequence Duplication Levels	warn
#Total Duplicate Percentage	45.940920523256636
#Duplication Level	Relative count
1	100.0
2	28.954869564464005
3	10.775335510868906
4	5.343048492042176
5	3.39106401781305
6	2.4718205525857515
7	1.8740090624756327
8	1.5742369239566456
9	1.3021893762833454
10++	17.592119285052114
>>END_MODULE
>>Overrepresented sequences	warn
#Sequence	Count	Percentage	Possible Source
GATCGGAAGAGCACACGTCTGAACTCCAGTCACCGGCTATGATCTCGTAT	15129	0.13105538872488798	TruSeq Adapter, Index 7 (97% over 36bp)
>>END_MODULE
>>Kmer Content	warn
#Sequence	Count	Obs/Exp Overall	Obs/Exp Max	Max Obs/Exp Position
TTTTT	5680985	4.992866	6.353642	10-14
AAAAA	5495115	4.562396	7.445492	2
CTGGA	2378670	2.237111	6.0895143	1
GAAAA	2254950	1.9382284	5.6027727	1
GTTTT	2058090	1.8514006	5.5042357	1
GGAAA	1765405	1.5709562	5.6623473	1
GCCAG	1523290	1.4800812	5.2852845	1
>>END_MODULE
