##FastQC	0.10.1
>>Basic Statistics	pass
#Measure	Value	
Filename	F_heteroclitus_MDPP_FW_2_R1.fastq.gz	
File type	Conventional base calls	
Encoding	Sanger / Illumina 1.9	
Total Sequences	10865487	
Filtered Sequences	0	
Sequence length	100	
%GC	48	
>>END_MODULE
>>Per base sequence quality	pass
#Base	Mean	Median	Lower Quartile	Upper Quartile	10th Percentile	90th Percentile
1	30.404273273715205	31.0	30.0	34.0	26.0	34.0
2	30.686534529009148	31.0	30.0	34.0	27.0	34.0
3	29.269568128883684	31.0	30.0	34.0	16.0	34.0
4	32.997201782119845	37.0	33.0	37.0	19.0	37.0
5	33.72993129530227	37.0	35.0	37.0	28.0	37.0
6	31.14120996141268	37.0	32.0	37.0	10.0	37.0
7	31.99636472806051	37.0	32.0	37.0	17.0	37.0
8	33.155722058293385	37.0	33.0	37.0	27.0	37.0
9	34.894662429765	39.0	35.0	39.0	28.0	39.0
10-14	34.52799617725371	39.0	34.4	39.4	22.0	39.4
15-19	35.74320147822182	40.0	35.4	41.0	27.0	41.0
20-24	35.724039318256054	40.0	35.4	41.0	27.0	41.0
25-29	35.376545736053984	39.6	35.0	41.0	25.8	41.0
30-34	34.973998385898405	39.0	34.2	41.0	24.4	41.0
35-39	34.67486929946168	39.0	34.0	41.0	23.6	41.0
40-44	34.41231642907492	39.0	33.4	41.0	22.4	41.0
45-49	33.99149991160083	38.2	33.0	40.4	20.2	41.0
50-54	33.32742232354611	37.4	32.6	40.0	15.8	41.0
55-59	32.64769001150155	36.4	32.0	40.0	11.2	41.0
60-64	31.83613323544541	35.2	31.0	39.0	6.0	40.8
65-69	31.108769758778415	35.0	30.8	37.6	2.0	40.0
70-74	30.30995437204057	35.0	30.0	36.4	2.0	39.2
75-79	29.27084774018873	33.8	29.0	35.2	2.0	37.4
80-84	29.15981441052757	34.0	29.6	35.0	2.0	36.4
85-89	28.664275499110165	34.0	29.0	35.0	2.0	35.6
90-94	28.225993883201006	34.0	29.0	35.0	2.0	35.0
95-99	27.647935596444047	34.0	28.4	35.0	2.0	35.0
100	26.570863413669354	33.0	25.0	35.0	2.0	35.0
>>END_MODULE
>>Per sequence quality scores	pass
#Quality	Count
2	296798.0
3	98632.0
4	51218.0
5	37997.0
6	37844.0
7	39484.0
8	41156.0
9	44563.0
10	48689.0
11	50799.0
12	52354.0
13	54135.0
14	55144.0
15	54759.0
16	55045.0
17	54260.0
18	52832.0
19	51315.0
20	51138.0
21	52111.0
22	57055.0
23	65855.0
24	80126.0
25	100861.0
26	130091.0
27	173426.0
28	218222.0
29	229670.0
30	276013.0
31	322304.0
32	373204.0
33	485477.0
34	669204.0
35	969695.0
36	1528301.0
37	2084313.0
38	1532602.0
39	288408.0
40	387.0
>>END_MODULE
>>Per base sequence content	fail
#Base	G	A	T	C
1	37.35389159501351	16.776352401776514	6.281090628523336	39.58866537468664
2	23.38564494128865	18.395787582535515	39.28959173568019	18.928975740495645
3	23.71823546612565	22.834019739298	23.376236203963295	30.071508590613057
4	26.316297639009644	28.005100565336587	20.53317180684048	25.14542998881329
5	28.257941181289663	28.866712458368184	22.946106873854784	19.92923948648737
6	22.64092861819515	34.09346901177812	23.31389533605738	19.95170703396935
7	21.145286889283035	20.45967538657191	36.48233325729032	21.91270446685473
8	20.70769362491133	22.13094311430306	30.99320615961359	26.168157101172017
9	21.904080376088093	20.934805088060028	32.353369539840045	24.807744996011834
10-14	24.202523823253898	26.820887154870398	25.683885896993896	23.292703124881804
15-19	24.401036773375555	25.65855033701468	26.013197205553233	23.92721568405653
20-24	24.238839633656465	25.9590456490119	25.91467368871072	23.88744102862091
25-29	24.26006924304328	25.90371751904666	25.80202401354087	24.034189224369186
30-34	24.16699941987237	26.04788718363548	25.68374822295057	24.101365173541573
35-39	24.14037558813393	26.007914189584792	25.79453460715979	24.057175615121487
40-44	24.254747838979778	26.01385345592649	25.628099910486796	24.103298794606935
45-49	24.2538979453855	25.901885104514342	25.616578029493915	24.227638920606246
50-54	24.20134197916844	26.006891692183352	25.66888120690679	24.122885121741415
55-59	24.314474745992097	25.843063334162782	25.543357550788787	24.299104369056334
60-64	24.284640236295814	25.833410661928664	25.539253973841504	24.342695127934018
65-69	24.214751291008596	25.951148948549307	25.595231247290563	24.238868513151534
70-74	24.40755397932741	25.899111822678716	25.496521898058987	24.196812299934887
75-79	24.291784203249005	25.74756855854507	25.554461426203286	24.406185812002644
80-84	24.28793471878901	25.877990580303305	25.580604172742262	24.253470528165426
85-89	24.401593481700527	25.82697909443884	25.475635813972264	24.295791609888372
90-94	24.283555648810218	25.80129490495919	25.441613605424795	24.4735358408058
95-99	24.237183605321974	25.892108838071753	25.54260720478486	24.32810035182141
100	24.694865249161815	25.60180779136428	25.051108546184736	24.65221841328917
>>END_MODULE
>>Per base GC content	fail
#Base	%GC
1	76.94255696970015
2	42.31462068178429
3	53.78974405673871
4	51.46172762782293
5	48.187180667777035
6	42.5926356521645
7	43.05799135613776
8	46.87585072608334
9	46.71182537209992
10-14	47.4952269481357
15-19	48.328252457432086
20-24	48.126280662277374
25-29	48.29425846741247
30-34	48.26836459341394
35-39	48.197551203255415
40-44	48.35804663358672
45-49	48.48153686599174
50-54	48.32422710090986
55-59	48.61357911504843
60-64	48.627335364229836
65-69	48.453619804160134
70-74	48.604366279262294
75-79	48.69797001525165
80-84	48.54140524695443
85-89	48.6973850915889
90-94	48.757091489616016
95-99	48.565283957143386
100	49.347083662450984
>>END_MODULE
>>Per sequence GC content	warn
#GC Content	Count
0	597.0
1	762.0
2	863.0
3	815.0
4	786.5
5	676.0
6	627.5
7	677.0
8	777.5
9	870.0
10	950.0
11	1048.0
12	1201.5
13	1407.0
14	1667.0
15	2038.5
16	2490.0
17	3104.0
18	4066.0
19	5507.0
20	7584.5
21	10666.5
22	15423.0
23	21390.5
24	28408.5
25	37826.0
26	49339.0
27	62836.0
28	77743.0
29	93118.5
30	109099.5
31	124818.5
32	140217.0
33	155361.5
34	170850.5
35	187078.5
36	200527.0
37	211460.0
38	223727.5
39	235352.5
40	242936.5
41	251325.5
42	263365.5
43	276506.0
44	292773.5
45	308762.5
46	324190.5
47	342482.0
48	358556.0
49	372227.5
50	387749.5
51	399861.0
52	408212.5
53	414385.0
54	414823.0
55	409857.5
56	395242.0
57	376052.0
58	355131.0
59	327179.0
60	294227.0
61	257970.5
62	222778.0
63	189908.5
64	157574.5
65	129732.5
66	106785.5
67	87528.0
68	71325.5
69	57475.5
70	44539.5
71	32603.0
72	24162.0
73	18791.0
74	14796.5
75	11052.0
76	7902.0
77	5650.5
78	4069.0
79	2774.0
80	2105.0
81	1658.5
82	1352.0
83	1118.5
84	782.0
85	510.5
86	342.0
87	245.0
88	194.0
89	157.0
90	92.0
91	58.0
92	51.0
93	36.0
94	21.5
95	13.0
96	12.5
97	8.5
98	4.5
99	2.0
100	0.5
>>END_MODULE
>>Per base N content	pass
#Base	N-Count
1	0.028438670075257556
2	0.004298012597134394
3	3.2801106844083474
4	0.007445593556920182
5	0.016575419030918723
6	2.234800888354107
7	0.029570694806408587
8	0.031678285566031236
9	0.030840771334041447
10-14	0.9660975159235845
15-19	0.022082765365233972
20-24	0.01720677591349564
25-29	0.015336634243821746
30-34	0.03758690245545367
35-39	0.03852013259967087
40-44	0.027201725978780334
45-49	0.020010147727386723
50-54	0.01548020811216285
55-59	0.0039703696668175106
60-64	0.005496302190596703
65-69	0.002046847969170641
70-74	0.0030997230036720856
75-79	0.003957484832479207
80-84	0.0027279034984810163
85-89	0.0025107020053495993
90-94	0.010042808021398397
95-99	0.021736715528719513
100	0.016971167514166646
>>END_MODULE
>>Sequence Length Distribution	pass
#Length	Count
100	1.0865487E7
>>END_MODULE
>>Sequence Duplication Levels	warn
#Total Duplicate Percentage	41.363072758421595
#Duplication Level	Relative count
1	100.0
2	23.08133106270329
3	8.650454798589196
4	4.7788153445089225
5	3.1807652884157513
6	2.365598340610649
7	1.8700414040241806
8	1.4947417696386631
9	1.2445420133816514
10++	14.752907563296503
>>END_MODULE
>>Overrepresented sequences	pass
>>END_MODULE
>>Kmer Content	warn
#Sequence	Count	Obs/Exp Overall	Obs/Exp Max	Max Obs/Exp Position
TTTTT	6161100	5.3065367	8.01094	2
AAAAA	5807810	4.9633703	6.355405	2
CTCCT	2390780	2.4522867	7.7867637	1
CTCCA	2265940	2.320611	6.6648293	1
CTCTG	2254690	2.3017638	6.0993767	1
CTGGA	2230270	2.2625375	6.331774	1
CTTTT	2045165	1.8671283	5.6273108	1
GTTTT	2046815	1.8598017	7.5259824	1
CTCAG	1632920	1.6644129	5.6416	1
GGAAA	1663835	1.5874509	5.3137584	1
CTGGG	1432660	1.5356575	5.346959	1
>>END_MODULE
