##FastQC	0.10.1
>>Basic Statistics	pass
#Measure	Value	
Filename	F_chrysotus_NA_transfer_1_R1.fastq.gz	
File type	Conventional base calls	
Encoding	Sanger / Illumina 1.9	
Total Sequences	9099949	
Filtered Sequences	0	
Sequence length	100	
%GC	49	
>>END_MODULE
>>Per base sequence quality	pass
#Base	Mean	Median	Lower Quartile	Upper Quartile	10th Percentile	90th Percentile
1	29.812972028744337	31.0	30.0	34.0	25.0	34.0
2	30.11971396762773	31.0	30.0	34.0	26.0	34.0
3	29.700087769722664	31.0	30.0	34.0	24.0	34.0
4	31.33993487216247	35.0	32.0	37.0	10.0	37.0
5	32.41398243001142	35.0	32.0	37.0	19.0	37.0
6	32.79520115991859	35.0	33.0	37.0	26.0	37.0
7	32.92950202248386	35.0	33.0	37.0	26.0	37.0
8	32.91396808927171	36.0	35.0	37.0	26.0	37.0
9	34.32730502116001	39.0	35.0	39.0	26.0	39.0
10-14	34.37607549229122	38.2	34.8	39.4	25.4	39.4
15-19	34.50467968556747	39.0	33.6	41.0	19.6	41.0
20-24	34.74089991053796	39.0	34.0	41.0	22.4	41.0
25-29	34.40462097095269	39.0	34.0	41.0	19.0	41.0
30-34	33.998193726140656	38.6	33.2	40.8	16.4	41.0
35-39	33.60759738323809	38.0	33.0	40.0	14.4	41.0
40-44	33.37018018452631	38.0	33.0	40.0	9.4	41.0
45-49	32.88682661847885	38.0	32.0	40.0	6.2	41.0
50-54	32.21724585489435	36.8	31.4	40.0	2.0	41.0
55-59	30.84073622830194	35.2	29.4	39.2	2.0	41.0
60-64	30.63499371260213	35.0	29.8	38.6	2.0	40.4
65-69	29.92499415106612	35.0	29.0	37.2	2.0	39.8
70-74	29.175880480209287	34.2	29.0	35.8	2.0	38.8
75-79	28.13438842349556	33.4	27.8	35.0	2.0	36.8
80-84	28.101806460673565	34.0	28.0	35.0	2.0	36.0
85-89	27.628925195075265	34.0	27.2	35.0	2.0	35.2
90-94	26.594022318147058	33.4	24.6	35.0	2.0	35.0
95-99	26.40604069319509	33.4	25.0	35.0	2.0	35.0
100	25.294234066586526	32.0	20.0	35.0	2.0	35.0
>>END_MODULE
>>Per sequence quality scores	pass
#Quality	Count
2	348436.0
3	107511.0
4	57198.0
5	42538.0
6	38353.0
7	38719.0
8	40624.0
9	44379.0
10	48251.0
11	50183.0
12	51600.0
13	52294.0
14	52932.0
15	51682.0
16	50667.0
17	50068.0
18	48602.0
19	47657.0
20	47699.0
21	49832.0
22	55506.0
23	65373.0
24	79309.0
25	97312.0
26	119207.0
27	144032.0
28	171113.0
29	201678.0
30	240865.0
31	289738.0
32	355388.0
33	452444.0
34	607264.0
35	861979.0
36	1270683.0
37	1586773.0
38	1028502.0
39	153369.0
40	189.0
>>END_MODULE
>>Per base sequence content	fail
#Base	G	A	T	C
1	40.60450633555937	13.98613501226821	9.52015620748609	35.889202444686326
2	25.103726710736574	18.938401142111996	33.07638890491518	22.881483242236254
3	26.675508126607976	22.71791812191214	22.370780191070924	28.235793560408958
4	28.796782819614165	28.721998730638486	18.843462233291344	23.637756216456
5	29.39992344456803	29.40842960367563	21.403815177207804	19.78783177454854
6	24.01754955733198	32.98188058761563	22.498372038965556	20.502197816086838
7	21.63936483806127	19.432284918349495	36.1707840411381	22.757566202451134
8	23.168009717711985	22.033672153396	28.409810563087863	26.388507565804154
9	23.559431927131953	20.97930590438833	30.066609886198357	25.39465228228136
10-14	24.893604734275794	26.49317902351418	25.02560065839466	23.587615583815367
15-19	24.932033411118077	25.312820723328528	25.63322363132868	24.12192223422472
20-24	24.781647465610735	25.50292586978191	25.547154760080744	24.168271904526613
25-29	24.817922991686608	25.54580682075492	25.405544695977255	24.230725491581218
30-34	24.64831381320622	25.61017538296379	25.40452882717211	24.33698197665788
35-39	24.65045366341179	25.651477171926523	25.373009525210488	24.3250596394512
40-44	24.714305787199383	25.570788310801255	25.30972738169517	24.40517852030419
45-49	24.681020345413287	25.544370030004792	25.309991030718322	24.464618593863598
50-54	24.646834883298606	25.64359595108636	25.294408119525958	24.415161046089075
55-59	24.732701609764234	25.540288843458903	25.221506686631717	24.50550286014515
60-64	24.68982548739182	25.489057798865772	25.23521516380449	24.58590154993792
65-69	24.622247332593297	25.58553009640762	25.236313417930354	24.55590915306873
70-74	24.73625089575043	25.516293360760667	25.16098671585957	24.586469027629335
75-79	24.620262301089042	25.459773747771564	25.227512057167562	24.69245189397183
80-84	24.6146520732465	25.55307054002921	25.194910048760562	24.63736733796373
85-89	24.714796337858377	25.481375690941917	25.11235169233734	24.691476278862364
90-94	24.585938221004618	25.450186677879866	25.15290016675012	24.8109749343654
95-99	24.57228900964917	25.551117714021448	25.13840944154633	24.73818383478305
100	24.87717808680137	25.323089904266766	24.75571063514411	25.044021373787757
>>END_MODULE
>>Per base GC content	fail
#Base	%GC
1	76.4937087802457
2	47.98520995297283
3	54.91130168701693
4	52.43453903607016
5	49.18775521911657
6	44.51974737341882
7	44.396931040512406
8	49.556517283516136
9	48.95408420941331
10-14	48.48122031809116
15-19	49.053955645342796
20-24	48.949919370137344
25-29	49.048648483267826
30-34	48.985295789864104
35-39	48.975513302862986
40-44	49.11948430750357
45-49	49.14563893927688
50-54	49.06199592938768
55-59	49.23820446990938
60-64	49.27572703732974
65-69	49.17815648566203
70-74	49.322719923379765
75-79	49.31271419506088
80-84	49.25201941121023
85-89	49.40627261672074
90-94	49.39691315537002
95-99	49.310472844432226
100	49.92119946058913
>>END_MODULE
>>Per sequence GC content	warn
#GC Content	Count
0	3771.0
1	4453.0
2	4670.5
3	4039.5
4	3235.0
5	2160.5
6	1636.0
7	1512.0
8	1471.5
9	1481.0
10	1458.0
11	1480.0
12	1529.0
13	1551.5
14	1645.5
15	1829.0
16	2057.5
17	2408.5
18	3002.0
19	3878.5
20	5185.5
21	7097.0
22	9842.0
23	13246.0
24	17547.5
25	23368.0
26	30496.0
27	38498.0
28	47513.0
29	57844.5
30	69635.5
31	83038.5
32	96439.5
33	108746.5
34	121091.5
35	133295.5
36	145377.5
37	156787.5
38	167703.0
39	178387.5
40	187119.0
41	197428.5
42	210949.0
43	224269.5
44	238499.0
45	254158.0
46	269651.5
47	285127.5
48	304032.0
49	321831.5
50	335557.5
51	349860.5
52	362909.5
53	370715.5
54	372585.5
55	370315.5
56	363068.0
57	344792.5
58	319731.5
59	292613.5
60	261776.5
61	230138.0
62	198109.5
63	168747.0
64	143565.0
65	119766.0
66	98298.5
67	80335.5
68	64241.0
69	50267.5
70	38662.5
71	29277.0
72	21578.0
73	16009.0
74	12389.0
75	9383.5
76	6712.0
77	4591.5
78	3175.0
79	2285.0
80	1811.0
81	1446.5
82	1022.0
83	697.5
84	529.0
85	397.0
86	277.5
87	197.0
88	147.5
89	106.5
90	75.0
91	57.5
92	48.5
93	38.5
94	22.0
95	12.0
96	7.5
97	5.5
98	2.5
99	1.0
100	1.0
>>END_MODULE
>>Per base N content	pass
#Base	N-Count
1	0.12101166720824479
2	0.0034725469340542462
3	0.004351672740143928
4	3.9574067942578584
5	0.00725278790023988
6	0.01257149902708246
7	0.013516559268628868
8	0.016604488662518877
9	0.019230877008211803
10-14	0.021327592055735697
15-19	0.19927364428086353
20-24	0.005129699078533298
25-29	0.006125309053929862
30-34	0.015666021864518143
35-39	0.015839649211220854
40-44	0.018569334839129318
45-49	0.007358282996970642
50-54	0.008542905020676488
55-59	0.9604383497094325
60-64	0.0023824309345030397
65-69	0.0023274855716224345
70-74	0.0034747447485694704
75-79	0.0032901283292906367
80-84	0.0037494715629724958
85-89	0.005347282715540494
90-94	1.02658377535962
95-99	0.01023082656836868
100	0.004307716449839444
>>END_MODULE
>>Sequence Length Distribution	pass
#Length	Count
100	9099949.0
>>END_MODULE
>>Sequence Duplication Levels	warn
#Total Duplicate Percentage	33.446253632162524
#Duplication Level	Relative count
1	100.0
2	16.60524353246979
3	6.549709296011237
4	3.6984208582827107
5	2.5616705161715405
6	1.8419699811024306
7	1.4480896077849297
8	1.2323242562249752
9	1.0071463222144186
10++	9.864386408230942
>>END_MODULE
>>Overrepresented sequences	pass
>>END_MODULE
>>Kmer Content	warn
#Sequence	Count	Obs/Exp Overall	Obs/Exp Max	Max Obs/Exp Position
TTTTT	6385625	7.2165117	9.541925	10-14
AAAAA	4462375	4.905209	7.302857	2
CTCCT	2051030	2.5284562	5.467216	1
CTCCA	1918765	2.3523326	5.018025	1
CTGGA	1921270	2.2774613	5.319506	1
GAAAA	1792930	2.0060449	5.5739565	1
CTTTT	1647380	1.9164796	5.381814	1
GTTTT	1594205	1.8236749	6.65466	1
GGAAA	1418485	1.615429	5.918995	1
>>END_MODULE
