##FastQC	0.10.1
>>Basic Statistics	pass
#Measure	Value	
Filename	L_goodei_NA_BW_2_R2.fastq.gz	
File type	Conventional base calls	
Encoding	Sanger / Illumina 1.9	
Total Sequences	14108284	
Filtered Sequences	0	
Sequence length	100	
%GC	49	
>>END_MODULE
>>Per base sequence quality	fail
#Base	Mean	Median	Lower Quartile	Upper Quartile	10th Percentile	90th Percentile
1	28.680739698747203	31.0	30.0	34.0	16.0	34.0
2	28.577347819196156	31.0	30.0	34.0	16.0	34.0
3	28.654840163410377	31.0	30.0	34.0	16.0	34.0
4	31.92636184528182	35.0	32.0	37.0	17.0	37.0
5	31.874796396216578	35.0	32.0	37.0	17.0	37.0
6	31.768512315175965	35.0	32.0	37.0	17.0	37.0
7	31.756650419002057	35.0	32.0	37.0	17.0	37.0
8	31.682445221545017	35.0	32.0	37.0	17.0	37.0
9	32.96392530799635	38.0	33.0	39.0	17.0	39.0
10-14	33.023954366101506	37.6	32.8	39.4	14.0	39.4
15-19	33.58172979789747	38.4	33.0	41.0	10.2	41.0
20-24	33.31436218607451	38.4	32.0	41.0	9.0	41.0
25-29	33.04560833904393	38.0	32.0	40.2	5.4	41.0
30-34	32.654796231774185	38.0	31.4	40.0	2.0	41.0
35-39	32.19108597473654	38.0	30.8	40.0	2.0	41.0
40-44	31.686455291089977	37.6	30.0	40.0	2.0	41.0
45-49	31.230300325680997	37.0	30.0	40.0	2.0	41.0
50-54	30.35891477659509	35.6	28.8	39.2	2.0	40.4
55-59	30.327918902114533	35.2	29.0	39.2	2.0	41.0
60-64	29.565851864053776	35.0	28.0	38.6	2.0	40.6
65-69	28.744671584439327	34.4	27.2	36.8	2.0	39.8
70-74	28.073278139283275	34.0	26.0	35.8	2.0	39.0
75-79	27.34470471391134	34.0	25.6	35.0	2.0	37.2
80-84	26.699858381075966	33.4	24.6	35.0	2.0	36.0
85-89	26.12929111719044	33.0	23.4	35.0	2.0	35.2
90-94	25.582659592052444	33.0	20.2	35.0	2.0	35.0
95-99	24.865270772831057	33.0	9.0	35.0	2.0	35.0
100	23.482027793032803	31.0	2.0	34.0	2.0	35.0
>>END_MODULE
>>Per sequence quality scores	pass
#Quality	Count
2	960302.0
3	131793.0
4	86227.0
5	72177.0
6	69989.0
7	71224.0
8	76584.0
9	82028.0
10	86856.0
11	87824.0
12	84997.0
13	82993.0
14	82917.0
15	83302.0
16	83252.0
17	83169.0
18	82751.0
19	83266.0
20	85345.0
21	90307.0
22	100732.0
23	117618.0
24	141632.0
25	170418.0
26	203085.0
27	238123.0
28	275954.0
29	320671.0
30	376554.0
31	449297.0
32	545441.0
33	683038.0
34	890267.0
35	1222732.0
36	1771919.0
37	2202359.0
38	1544664.0
39	286094.0
40	383.0
>>END_MODULE
>>Per base sequence content	fail
#Base	G	A	T	C
1	36.124167426505934	13.390568255782458	9.189307040767563	41.29595727694404
2	27.743782491349446	17.57472917046342	33.457055049610155	21.224433288576975
3	27.35748745567025	21.870992731832047	21.72122609895833	29.050293713539375
4	28.417492149232338	28.647319485879397	18.41199748049336	24.523190884394907
5	30.00496048454609	29.67183859526453	21.0765279728425	19.246672947346884
6	23.103753379874174	33.48850098237232	22.118119245563015	21.28962639219049
7	20.842993983780886	18.178859839964602	37.769042141898815	23.209104034355704
8	21.875738104721155	21.225103335547306	28.924465797428223	27.974692762303317
9	22.88638425254313	20.523837444243252	30.502926292070743	26.086852011142874
10-14	24.688578831327295	26.548532741526206	24.974807959043932	23.788080468102564
15-19	25.07088323473252	25.098485694077326	25.36406185889558	24.466569212294566
20-24	24.846373190201103	25.465371082687145	25.37962017813265	24.3086355489791
25-29	24.854455095732973	25.586105674286465	25.206769274246522	24.35266995573404
30-34	24.666801992878227	25.500380156396385	25.334638407175973	24.498179443549418
35-39	24.783396095533483	25.593782678994238	25.214200046585205	24.408621178887078
40-44	24.898105756083947	25.42977019927985	25.193732698607068	24.478391346029134
45-49	24.875127310551065	25.415436295825415	25.158010021922884	24.551426371700632
50-54	24.796598682879388	25.5261833268619	25.224158644667128	24.453059345591583
55-59	24.93543061122284	25.342610044233037	25.090863459852724	24.631095884691394
60-64	24.87295542095872	25.304180988258857	25.158006363454387	24.664857227328028
65-69	24.869742080278062	25.374003798761212	25.150436472078542	24.605817648882184
70-74	24.95536362563758	25.331715366393787	25.10469325751938	24.608227750449256
75-79	24.934664810100337	25.226656357556692	25.133239030125853	24.705439802217118
80-84	24.921007458368692	25.304102900574104	25.11151485683551	24.6633747842217
85-89	25.053656317850496	25.256477972333215	25.014671192322606	24.675194517493683
90-94	24.927710969127958	25.186718536346092	25.057503347271147	24.8280671472548
95-99	25.053979988429038	25.281463815634357	25.019420259086644	24.645135936849965
100	25.555683584851813	24.86142522606527	24.570608058400268	25.012283130682654
>>END_MODULE
>>Per base GC content	fail
#Base	%GC
1	77.42012470344997
2	48.968215779926425
3	56.40778116920963
4	52.940683033627245
5	49.25163343189297
6	44.39337977206466
7	44.05209801813659
8	49.85043086702447
9	48.973236263686005
10-14	48.476659299429855
15-19	49.53745244702709
20-24	49.155008739180204
25-29	49.20712505146702
30-34	49.16498143642764
35-39	49.19201727442056
40-44	49.376497102113085
45-49	49.4265536822517
50-54	49.249658028470975
55-59	49.56652649591424
60-64	49.53781264828675
65-69	49.475559729160246
70-74	49.56359137608684
75-79	49.64010461231745
80-84	49.584382242590394
85-89	49.72885083534418
90-94	49.75577811638276
95-99	49.699115925278996
100	50.56796671553446
>>END_MODULE
>>Per sequence GC content	warn
#GC Content	Count
0	8584.0
1	5415.0
2	2047.0
3	1803.5
4	1610.5
5	1393.5
6	1266.5
7	1202.5
8	1245.5
9	1261.5
10	1272.0
11	1336.0
12	1383.0
13	1430.5
14	1572.5
15	1847.5
16	2185.5
17	2724.5
18	3613.5
19	5049.0
20	7319.5
21	10620.5
22	15151.0
23	21343.5
24	29391.5
25	40091.0
26	52691.5
27	66577.0
28	82819.0
29	100781.5
30	119569.5
31	140033.5
32	161422.5
33	181190.0
34	199071.0
35	218406.5
36	235077.5
37	250013.5
38	265848.0
39	282085.5
40	298969.5
41	315915.5
42	329920.0
43	342926.0
44	362858.0
45	385507.0
46	407667.0
47	430157.0
48	450954.0
49	468493.0
50	484190.0
51	505445.5
52	526838.5
53	532718.5
54	522887.0
55	514869.0
56	509249.5
57	487681.0
58	458240.5
59	429950.5
60	397158.0
61	359338.0
62	318534.0
63	280950.5
64	247003.5
65	213971.0
66	182819.0
67	156114.5
68	132540.5
69	109126.5
70	88805.5
71	71526.0
72	56487.0
73	44869.0
74	36548.5
75	29166.5
76	22868.5
77	17657.0
78	13546.5
79	10342.5
80	7718.5
81	6013.5
82	4756.0
83	3468.0
84	2349.5
85	1628.5
86	1177.5
87	854.5
88	629.5
89	447.5
90	297.0
91	212.5
92	155.0
93	101.0
94	69.5
95	51.0
96	35.0
97	21.0
98	14.5
99	11.5
100	6.0
>>END_MODULE
>>Per base N content	pass
#Base	N-Count
1	0.03135746345905711
2	0.3170690354688068
3	0.06863343550498417
4	0.03914721308417097
5	0.04847506613844745
6	0.04031673873307342
7	0.04539177124588646
8	0.03856599427683764
9	0.0374460848675856
10-14	0.05105794581396291
15-19	0.047078723394000294
20-24	0.08746208964888998
25-29	0.03598169699447502
30-34	0.05694951987073694
35-39	0.042193650198705954
40-44	0.045767437060382395
45-49	0.04083274762543765
50-54	0.041069487968912445
55-59	0.04426902662294011
60-64	0.0452471753474767
65-69	0.04030681548514334
70-74	0.03535511476803274
75-79	0.039317325905829516
80-84	0.04883230306393038
85-89	0.05331194070093854
90-94	0.03864963308081975
95-99	0.0407065806160409
100	0.0397567840284474
>>END_MODULE
>>Sequence Length Distribution	pass
#Length	Count
100	1.4108284E7
>>END_MODULE
>>Sequence Duplication Levels	warn
#Total Duplicate Percentage	42.03819258171688
#Duplication Level	Relative count
1	100.0
2	19.837622797759195
3	8.188682309003816
4	4.769830315823659
5	3.225623122513599
6	2.410489567264756
7	1.9054964682958513
8	1.6002273280831372
9	1.32256231225136
10++	19.116668019810017
>>END_MODULE
>>Overrepresented sequences	pass
>>END_MODULE
>>Kmer Content	warn
#Sequence	Count	Obs/Exp Overall	Obs/Exp Max	Max Obs/Exp Position
TTTTT	8225910	6.0745153	8.306471	2
AAAAA	6871260	5.0106597	7.3973966	2
CTCCT	3172700	2.4796	6.5865755	1
CTCCA	2876070	2.2421167	5.915671	1
GAAGA	2992525	2.2077107	5.150669	2
CTGGA	2846590	2.1509252	6.2302365	1
GAAAA	2807350	2.059103	5.059763	2
GGAGA	2653700	1.9691513	5.0710354	2
GTTTT	2571435	1.905164	6.845559	1
GGAAA	2223125	1.6400923	5.4657784	1
CTGGG	1956325	1.48684	5.4490175	1
GGGAG	1917315	1.4310131	5.220014	1
>>END_MODULE
