##FastQC	0.10.1
>>Basic Statistics	pass
#Measure	Value	
Filename	F_heteroclitus_MDPL_FW_2_R1.fastq.gz	
File type	Conventional base calls	
Encoding	Sanger / Illumina 1.9	
Total Sequences	9115151	
Filtered Sequences	0	
Sequence length	100	
%GC	50	
>>END_MODULE
>>Per base sequence quality	pass
#Base	Mean	Median	Lower Quartile	Upper Quartile	10th Percentile	90th Percentile
1	29.942529970156283	31.0	30.0	34.0	25.0	34.0
2	30.212117605073136	31.0	30.0	34.0	26.0	34.0
3	28.82097718403129	31.0	30.0	34.0	16.0	34.0
4	32.48674465184395	37.0	33.0	37.0	19.0	37.0
5	33.18063573494285	37.0	33.0	37.0	27.0	37.0
6	30.57800885580502	37.0	32.0	37.0	10.0	37.0
7	31.410794730663266	36.0	32.0	37.0	17.0	37.0
8	32.53545443185747	36.0	32.0	37.0	25.0	37.0
9	34.21337035447904	38.0	34.0	39.0	26.0	39.0
10-14	33.834459637585816	38.8	34.0	39.4	19.2	39.4
15-19	34.996588537041234	39.4	34.4	41.0	24.4	41.0
20-24	34.96964322368329	39.8	34.2	41.0	23.6	41.0
25-29	34.6077881101476	39.0	34.0	41.0	20.4	41.0
30-34	34.18512649982431	39.0	33.4	41.0	17.0	41.0
35-39	33.860153342495366	39.0	33.0	41.0	15.2	41.0
40-44	33.568513741571586	38.0	33.0	40.8	10.6	41.0
45-49	33.10682978263334	38.0	32.4	40.0	7.2	41.0
50-54	32.3978593662354	36.8	31.6	40.0	2.0	41.0
55-59	31.678193416653222	35.6	31.0	39.6	2.0	41.0
60-64	30.84747965228442	35.0	30.2	38.6	2.0	40.4
65-69	30.124398202509205	35.0	30.0	36.8	2.0	39.8
70-74	29.34864047781545	34.4	29.0	35.6	2.0	38.8
75-79	28.360402542974875	33.6	28.4	35.0	2.0	36.4
80-84	28.290402824923028	34.0	28.8	35.0	2.0	36.0
85-89	27.8379985147805	34.0	27.8	35.0	2.0	35.0
90-94	27.421890739933986	34.0	27.0	35.0	2.0	35.0
95-99	26.851709379252192	34.0	26.4	35.0	2.0	35.0
100	25.77603574532117	33.0	24.0	35.0	2.0	35.0
>>END_MODULE
>>Per sequence quality scores	pass
#Quality	Count
2	374277.0
3	109746.0
4	53395.0
5	37533.0
6	36328.0
7	37412.0
8	39104.0
9	40793.0
10	44386.0
11	45787.0
12	47102.0
13	47968.0
14	48693.0
15	48642.0
16	47944.0
17	46934.0
18	45599.0
19	44405.0
20	43719.0
21	44880.0
22	49187.0
23	57593.0
24	69079.0
25	86358.0
26	111773.0
27	148149.0
28	183143.0
29	192494.0
30	232423.0
31	268176.0
32	315237.0
33	411295.0
34	567928.0
35	829570.0
36	1306117.0
37	1704271.0
38	1119665.0
39	177802.0
40	244.0
>>END_MODULE
>>Per base sequence content	fail
#Base	G	A	T	C
1	36.77221660354434	13.084978991412202	10.137708088613575	40.00509631642989
2	27.119793073500553	20.50495384725435	29.65728895654004	22.717964122705062
3	26.682015355500383	25.58111021425725	20.992056599425332	26.744817830817034
4	28.559693628170322	31.486233620040345	17.740315752574357	22.21375699921498
5	28.864373197957917	31.921621915509085	20.18329930184705	19.030705584685954
6	21.4587472929861	36.45514655309049	21.59713792007649	20.48896823384691
7	21.686507411760818	18.173477968723542	36.48237466058899	23.657639958926644
8	22.922725531331864	20.951112760645266	28.134615741274715	27.991545966748156
9	22.84078905002905	19.708659362501272	30.633027911557253	26.81752367591243
10-14	25.2310113871559	25.949959694523084	24.304820822222865	24.51420809609815
15-19	25.288904971109066	24.761542899410102	25.05635799864846	24.89319413083237
20-24	25.174605906955062	25.296395197634762	24.84293708797608	24.686061807434097
25-29	25.171471582572693	25.305633196800954	24.6620585991053	24.860836621521056
30-34	24.878254603062945	25.346023746081237	24.893481008762876	24.88224064209294
35-39	25.00349879824841	25.313059033989266	24.797690880955255	24.88575128680707
40-44	25.10677758027237	25.26609898298371	24.70461685082427	24.922506585919653
45-49	25.071288088720777	25.196422865920415	24.760895904434427	24.971393140924388
50-54	25.093106043597125	25.235418517944947	24.748213901639893	24.923261536818035
55-59	25.20143474586774	25.01793125142406	24.6539369409759	25.126697061732305
60-64	25.067454898156193	25.06769626695073	24.69436456965897	25.170484265234112
65-69	25.078019406261063	25.23454423214157	24.649052825790278	25.038383535807085
70-74	25.26770268597925	25.05095399965419	24.609074735751005	25.07226857861556
75-79	25.11379248096649	24.961288756746203	24.724886261277792	25.200032501009513
80-84	25.139992391788198	25.06065845108226	24.694663835810953	25.104685321318588
85-89	25.234506607646683	24.96699369223512	24.588508929377404	25.209990770740788
90-94	25.050902048126773	24.985158986625567	24.6303307808597	25.333608184387955
95-99	25.08522144451753	25.082039246985843	24.631560780543456	25.20117852795317
100	25.448372247252642	24.732879307433294	24.256677701850766	25.562070743463295
>>END_MODULE
>>Per base GC content	fail
#Base	%GC
1	76.77731291997422
2	49.837757196205615
3	53.42683318631741
4	50.773450627385294
5	47.895078782643864
6	41.947715526833015
7	45.344147370687466
8	50.91427149808002
9	49.65831272594148
10-14	49.74521948325405
15-19	50.18209910194143
20-24	49.86066771438916
25-29	50.03230820409376
30-34	49.76049524515589
35-39	49.88925008505547
40-44	50.02928416619202
45-49	50.04268122964516
50-54	50.016367580415164
55-59	50.32813180760004
60-64	50.2379391633903
65-69	50.11640294206815
70-74	50.33997126459481
75-79	50.313824981976005
80-84	50.244677713106775
85-89	50.444497378387474
90-94	50.384510232514735
95-99	50.2863999724707
100	51.010442990715944
>>END_MODULE
>>Per sequence GC content	warn
#GC Content	Count
0	834.0
1	628.0
2	370.0
3	350.0
4	353.0
5	347.0
6	381.0
7	402.0
8	435.0
9	496.0
10	554.0
11	610.0
12	717.0
13	846.5
14	985.0
15	1185.0
16	1456.0
17	1859.0
18	2490.0
19	3443.5
20	4727.5
21	6629.5
22	9293.0
23	12461.5
24	16758.0
25	22738.5
26	29998.0
27	38371.0
28	46988.0
29	56282.0
30	67895.5
31	79252.0
32	89974.0
33	101634.5
34	112855.0
35	122744.5
36	132456.0
37	144286.0
38	156740.0
39	166308.5
40	173823.5
41	181972.5
42	192319.5
43	206055.0
44	222566.5
45	239217.5
46	256268.5
47	275548.0
48	293051.5
49	307663.5
50	323724.5
51	342126.5
52	356661.0
53	364850.5
54	369972.0
55	372020.5
56	365011.0
57	353221.5
58	337708.0
59	313562.0
60	284698.5
61	253814.5
62	223615.5
63	193669.5
64	164408.0
65	138240.5
66	115312.0
67	96440.0
68	80811.5
69	66738.5
70	52399.5
71	39230.0
72	29712.5
73	22968.0
74	17915.5
75	13531.0
76	10109.5
77	7322.0
78	5191.5
79	3516.0
80	2690.5
81	2166.5
82	1844.0
83	1494.5
84	991.5
85	669.5
86	455.0
87	321.0
88	233.0
89	173.5
90	125.5
91	96.5
92	71.5
93	46.0
94	26.5
95	20.0
96	12.0
97	4.5
98	3.0
99	1.0
100	0.0
>>END_MODULE
>>Per base N content	pass
#Base	N-Count
1	0.02947839262344639
2	0.00457480079046414
3	3.3634220650870184
4	0.008074468541442704
5	0.0168071818009378
6	2.3347281904600377
7	0.02933577293453504
8	0.03087167727665729
9	0.029895280944879577
10-14	0.9827440050088034
15-19	0.021737434739150234
20-24	0.016914695104886357
25-29	0.014994814677233542
30-34	0.036736637714504125
35-39	0.03786004203331355
40-44	0.02607307328205534
45-49	0.019497208548711918
50-54	0.015394149806185328
55-59	0.003710306060755329
60-64	0.00513650294986885
65-69	0.0019220745767129913
70-74	0.0028853060141296617
75-79	0.003918750221471921
80-84	0.002883111865069487
85-89	0.002485970885177876
90-94	0.009667420759129497
95-99	0.021412700678244388
100	0.017267953103574478
>>END_MODULE
>>Sequence Length Distribution	pass
#Length	Count
100	9115151.0
>>END_MODULE
>>Sequence Duplication Levels	warn
#Total Duplicate Percentage	37.499003035463794
#Duplication Level	Relative count
1	100.0
2	17.990677005532245
3	7.034281896726443
4	3.9633986143117723
5	2.7195820416006726
6	1.9449177669851898
7	1.576351721601273
8	1.2941096990669498
9	1.0936878373205023
10++	12.511728807452391
>>END_MODULE
>>Overrepresented sequences	pass
>>END_MODULE
>>Kmer Content	warn
#Sequence	Count	Obs/Exp Overall	Obs/Exp Max	Max Obs/Exp Position
TTTTT	4146750	5.242036	7.345293	2
AAAAA	4295565	4.978686	10.151993	2
TCCAG	1966420	2.3081558	5.3185935	7
CTGGA	1962085	2.2866235	6.0327926	1
GAAGA	1992645	2.280403	5.949563	2
AAGAA	1941470	2.2359843	5.0267057	2
GGAGA	1800535	2.0475137	5.134775	1
GAAAA	1715850	1.9761386	6.981288	1
GTTTT	1498875	1.8503828	6.918611	1
AAAAG	1594350	1.8362074	5.3137593	3
AAAAC	1582030	1.8351213	5.1942167	3
AAAAT	1536685	1.8122529	6.004681	3
GGAAG	1503605	1.7098536	5.356901	1
GGAAA	1359800	1.5561687	6.9523983	1
AGATC	1081890	1.2688676	5.0150747	4
>>END_MODULE
