##FastQC	0.10.1
>>Basic Statistics	pass
#Measure	Value	
Filename	F_parvapinis_NA_BW_2_R1.fastq.gz	
File type	Conventional base calls	
Encoding	Sanger / Illumina 1.9	
Total Sequences	7691355	
Filtered Sequences	0	
Sequence length	100	
%GC	49	
>>END_MODULE
>>Per base sequence quality	pass
#Base	Mean	Median	Lower Quartile	Upper Quartile	10th Percentile	90th Percentile
1	29.86061883764304	31.0	30.0	34.0	25.0	34.0
2	30.15571365513619	31.0	30.0	34.0	26.0	34.0
3	28.735733300569276	31.0	30.0	34.0	12.0	34.0
4	32.401014645663864	37.0	33.0	37.0	19.0	37.0
5	33.098782594224296	37.0	33.0	37.0	27.0	37.0
6	30.507227140081298	36.0	31.0	37.0	10.0	37.0
7	31.34004684480173	36.0	31.0	37.0	17.0	37.0
8	32.463559021784846	36.0	32.0	37.0	25.0	37.0
9	34.13600191383703	38.0	34.0	39.0	26.0	39.0
10-14	33.757719959617	38.8	34.0	39.4	18.8	39.4
15-19	34.90414347016878	39.2	33.8	41.0	23.6	41.0
20-24	34.87085352320885	39.4	34.0	41.0	22.6	41.0
25-29	34.511085289913154	39.0	34.0	41.0	19.2	41.0
30-34	34.09610376845173	39.0	33.2	41.0	16.6	41.0
35-39	33.76235875213145	39.0	33.0	41.0	14.6	41.0
40-44	33.4692182066749	38.0	33.0	40.6	8.8	41.0
45-49	33.03010164008812	38.0	32.2	40.0	5.2	41.0
50-54	32.37494004632474	37.2	31.4	40.0	2.0	41.0
55-59	31.69443516779553	35.8	31.0	39.8	2.0	41.0
60-64	30.871502303560295	35.0	30.0	38.8	2.0	40.6
65-69	30.11616215868336	35.0	29.8	37.2	2.0	39.8
70-74	29.297044018901737	34.4	29.0	35.8	2.0	38.8
75-79	28.261953868986673	33.6	27.8	35.0	2.0	36.8
80-84	28.14481190895492	34.0	28.4	35.0	2.0	36.0
85-89	27.657658735034335	34.0	27.4	35.0	2.0	35.2
90-94	27.21690940022922	34.0	27.0	35.0	2.0	35.0
95-99	26.637804626102945	34.0	25.6	35.0	2.0	35.0
100	25.57260716739768	33.0	23.0	35.0	2.0	35.0
>>END_MODULE
>>Per sequence quality scores	pass
#Quality	Count
2	327232.0
3	93417.0
4	44765.0
5	31627.0
6	30768.0
7	31523.0
8	33099.0
9	35163.0
10	37305.0
11	39020.0
12	40497.0
13	41540.0
14	42410.0
15	42579.0
16	42462.0
17	41687.0
18	40683.0
19	39472.0
20	38877.0
21	39418.0
22	42681.0
23	49469.0
24	59320.0
25	74932.0
26	96104.0
27	126780.0
28	157923.0
29	164679.0
30	196145.0
31	227085.0
32	262067.0
33	340766.0
34	466427.0
35	676607.0
36	1043657.0
37	1439781.0
38	999299.0
39	153997.0
40	92.0
>>END_MODULE
>>Per base sequence content	fail
#Base	G	A	T	C
1	31.726797476913255	14.551563741806154	7.965324659296023	45.756314121984566
2	22.532631165342202	18.57801490228171	39.42900027655568	19.460353655820406
3	23.375342505539116	23.37877125860516	23.1474178262351	30.098468409620622
4	25.056252429045223	30.862296264136575	19.298903271047056	24.78254803577115
5	27.43556530607707	31.654536959532116	21.437689863282184	19.472207871108633
6	21.112241674236532	35.875073159085844	22.53514098045285	20.477544186224772
7	20.01895419506902	18.504114220419314	38.31546184496082	23.161469739550842
8	20.868534373443378	21.104965190215022	29.929274944628187	28.097225491713413
9	22.450545571737695	20.254056510354147	30.923808277749586	26.371589640158575
10-14	24.12193486840537	26.635229608054487	24.89904421133072	24.34379131220942
15-19	24.529719622492934	25.199061158439683	25.566381020257	24.704838198810382
20-24	24.36808360607342	25.673230850870794	25.462287980087297	24.496397562968493
25-29	24.48599876965418	25.72819344152963	25.31498938726604	24.47081840155015
30-34	24.18652398974327	25.77608359004068	25.310062880500624	24.727329539715424
35-39	24.4144103460346	25.681373071325027	25.233575645097584	24.670640937542792
40-44	24.782042134762126	25.474930531039043	25.016355927241595	24.72667140695724
45-49	24.545908745589312	25.568793220979053	25.188189822365658	24.697108211065974
50-54	24.67648966610067	25.598767421655232	24.95588581152617	24.768857100717927
55-59	24.950454529036335	25.274060677394527	24.912246312119134	24.863238481450008
60-64	24.925570051865037	25.16762682450468	24.906454010786483	25.0003491128438
65-69	24.848186357250086	25.31698409846258	24.88168955557815	24.953139988709182
70-74	25.06601310638047	25.31087978009769	24.692941507822745	24.930165605699102
75-79	24.977342482535793	25.22537897837974	24.811898137751257	24.985380401333206
80-84	24.95578096399332	25.173524887310013	24.835247539098408	25.035446609598267
85-89	24.947258974919592	25.34769758719562	24.64416840597806	25.060875031906733
90-94	24.939121477896826	25.28152301811212	24.702335116974297	25.077020387016752
95-99	24.721086459042755	25.25535067241761	24.813059543351894	25.210503325187744
100	24.898739095629722	24.832042398761203	24.517011363795955	25.752207141813123
>>END_MODULE
>>Per base GC content	fail
#Base	%GC
1	77.48311159889782
2	41.99298482116261
3	53.47381091515974
4	49.83880046481637
5	46.9077731771857
6	41.589785860461305
7	43.18042393461986
8	48.96575986515679
9	48.822135211896274
10-14	48.46572618061479
15-19	49.23455782130331
20-24	48.864481169041916
25-29	48.95681717120433
30-34	48.91385352945869
35-39	49.08505128357739
40-44	49.50871354171936
45-49	49.24301695665529
50-54	49.4453467668186
55-59	49.81369301048634
60-64	49.92591916470884
65-69	49.80132634595927
70-74	49.99617871207957
75-79	49.962722883869006
80-84	49.99122757359159
85-89	50.008134006826324
90-94	50.01614186491358
95-99	49.9315897842305
100	50.65094623744284
>>END_MODULE
>>Per sequence GC content	warn
#GC Content	Count
0	2688.0
1	1905.0
2	1018.5
3	891.0
4	882.0
5	875.5
6	869.5
7	900.5
8	936.5
9	972.5
10	990.5
11	1030.0
12	1073.0
13	1123.5
14	1187.0
15	1283.5
16	1394.0
17	1600.0
18	1923.0
19	2369.0
20	3245.0
21	4710.5
22	6706.5
23	9189.0
24	12458.0
25	16831.0
26	22418.0
27	29130.5
28	36565.5
29	44403.0
30	52863.0
31	63280.0
32	75620.0
33	87888.0
34	98873.5
35	110093.5
36	119856.5
37	126505.5
38	133450.0
39	142139.5
40	152467.5
41	164196.5
42	179335.0
43	198795.5
44	224632.0
45	242201.0
46	256026.5
47	271663.0
48	282833.0
49	293325.0
50	305665.5
51	316926.0
52	326397.5
53	331486.0
54	318599.5
55	306001.5
56	293118.0
57	271322.5
58	248544.0
59	228615.0
60	202957.5
61	170101.0
62	142788.0
63	120256.5
64	100538.5
65	82855.5
66	71088.0
67	64032.0
68	55500.0
69	43543.5
70	32668.5
71	25229.0
72	19569.5
73	18256.5
74	18964.5
75	17845.0
76	14458.5
77	10876.5
78	7325.5
79	4596.0
80	4260.0
81	4623.0
82	4685.5
83	4421.0
84	4649.0
85	3867.0
86	2538.5
87	1796.0
88	1119.0
89	781.5
90	583.5
91	440.0
92	334.0
93	268.0
94	185.5
95	123.5
96	125.5
97	89.0
98	37.0
99	23.0
100	9.0
>>END_MODULE
>>Per base N content	pass
#Base	N-Count
1	0.028629545769243522
2	0.0041345120593185465
3	3.3056464043071734
4	0.00748892750367133
5	0.01666806433976848
6	2.3001018676163043
7	0.02979969069169217
8	0.03152890485486628
9	0.030644795357905073
10-14	0.9667659339609211
15-19	0.022209350628075285
20-24	0.017042510714952046
25-29	0.015074066923188436
30-34	0.037683867146946146
35-39	0.03858617889825655
40-44	0.027220171218205375
45-49	0.01967143630738667
50-54	0.015586330367015955
55-59	0.00441014619660645
60-64	0.005616695627753497
65-69	0.0019372399271649794
70-74	0.0030007716455683034
75-79	0.004022698211173454
80-84	0.002735538796479944
85-89	0.002452103693042383
90-94	0.010320678215997052
95-99	0.022284759967521977
100	0.017149123918997367
>>END_MODULE
>>Sequence Length Distribution	pass
#Length	Count
100	7691355.0
>>END_MODULE
>>Sequence Duplication Levels	warn
#Total Duplicate Percentage	41.395596926968175
#Duplication Level	Relative count
1	100.0
2	15.918966529653552
3	6.51570757486788
4	3.567234292425132
5	2.55064591896653
6	1.8915149735760424
7	1.353493834409865
8	1.1736641221374047
9	0.9894304169113329
10++	12.839107457428067
>>END_MODULE
>>Overrepresented sequences	warn
#Sequence	Count	Percentage	Possible Source
CTGCAAGTCATTTAGCACCACGTTCTCCACAAACATGCTGTGCGTAATCG	8672	0.11274996408305168	No Hit
GATCGGAAGAGCACACGTCTGAACTCCAGTCACTAATGCGCATCTCGTAT	8059	0.10477997700015147	TruSeq Adapter, Index 3 (97% over 36bp)
>>END_MODULE
>>Kmer Content	warn
#Sequence	Count	Obs/Exp Overall	Obs/Exp Max	Max Obs/Exp Position
TTTTT	3731940	5.1121225	8.705192	2
AAAAA	3282825	4.2806425	6.7925763	2
CTGCT	1709560	2.4097507	5.0049267	1
GAAGA	1617365	2.23496	5.205769	2
CTCCA	1600815	2.2023163	7.47478	1
CTCCT	1522395	2.1151783	7.423163	1
CTCTG	1456910	2.0536222	5.5852594	1
CTGGA	1448720	2.0514426	6.567598	1
CTGCA	1420190	1.982226	5.9968066	1
GAAAA	1466115	1.9680203	5.3461986	2
CTTCA	1417780	1.9413167	5.788282	1
CTGAA	1360515	1.8714491	6.116004	1
CTTTT	1344440	1.8503721	6.0799723	1
GTTTT	1259555	1.7587453	7.3250146	1
CTTTG	1237670	1.7363675	5.5221944	1
CTCAG	1191980	1.6637027	6.4748683	1
TCAGA	1180980	1.6244907	5.1813107	2
GGAAA	1167675	1.6135547	6.262206	1
CTGGG	989165	1.4419292	5.3214273	1
>>END_MODULE
