##FastQC	0.10.1
>>Basic Statistics	pass
#Measure	Value	
Filename	F_notatus_NA_transfer_3_R2.fastq.gz	
File type	Conventional base calls	
Encoding	Sanger / Illumina 1.9	
Total Sequences	14443443	
Filtered Sequences	0	
Sequence length	100	
%GC	48	
>>END_MODULE
>>Per base sequence quality	pass
#Base	Mean	Median	Lower Quartile	Upper Quartile	10th Percentile	90th Percentile
1	30.045158484718637	31.0	31.0	34.0	26.0	34.0
2	30.07276796813613	31.0	31.0	34.0	26.0	34.0
3	30.128298287326643	31.0	31.0	34.0	26.0	34.0
4	33.46688334630462	37.0	35.0	37.0	27.0	37.0
5	33.40514342736701	37.0	35.0	37.0	27.0	37.0
6	33.34477444193881	37.0	35.0	37.0	27.0	37.0
7	33.34956575104703	37.0	35.0	37.0	27.0	37.0
8	33.28854553585319	37.0	35.0	37.0	27.0	37.0
9	34.738146783976646	39.0	35.0	39.0	27.0	39.0
10-14	34.83813075594233	39.2	35.2	39.4	27.0	39.4
15-19	35.59522839533483	40.0	36.0	41.0	26.2	41.0
20-24	35.349606876975244	40.0	35.6	41.0	24.8	41.0
25-29	35.08558628299361	39.0	35.0	41.0	23.8	41.0
30-34	34.269118602815134	39.0	34.2	41.0	18.4	41.0
35-39	34.15026638731499	38.8	33.8	40.8	18.2	41.0
40-44	33.82875956930768	38.2	33.0	40.0	15.0	41.0
45-49	33.49298983628765	38.0	33.0	40.0	12.2	41.0
50-54	32.676542968321336	37.0	32.2	39.6	8.2	40.6
55-59	32.60934516790768	36.6	32.2	40.0	4.8	41.0
60-64	31.877642110679567	35.4	31.6	39.2	2.0	41.0
65-69	31.078767839496443	35.0	31.0	38.0	2.0	40.2
70-74	30.36010739267639	35.0	30.6	36.6	2.0	39.2
75-79	29.62374771721673	35.0	30.0	35.4	2.0	38.0
80-84	28.96774947635408	34.0	29.2	35.0	2.0	36.4
85-89	28.421002277642526	34.0	29.0	35.0	2.0	35.6
90-94	27.902129886897466	34.0	29.0	35.0	2.0	35.0
95-99	27.306602061572164	34.0	27.2	35.0	2.0	35.0
100	26.053868180876265	33.0	24.0	35.0	2.0	35.0
>>END_MODULE
>>Per sequence quality scores	pass
#Quality	Count
2	618953.0
3	92714.0
4	59178.0
5	50014.0
6	49522.0
7	51888.0
8	54174.0
9	58481.0
10	62775.0
11	64321.0
12	62532.0
13	61665.0
14	62122.0
15	63076.0
16	64222.0
17	63639.0
18	64183.0
19	65148.0
20	67091.0
21	71397.0
22	79742.0
23	92329.0
24	111969.0
25	134262.0
26	160249.0
27	189527.0
28	224161.0
29	266554.0
30	319881.0
31	391841.0
32	491218.0
33	637239.0
34	871176.0
35	1269451.0
36	2019285.0
37	2813431.0
38	2143057.0
39	420407.0
40	569.0
>>END_MODULE
>>Per base sequence content	fail
#Base	G	A	T	C
1	38.47299956171628	12.522565239723466	9.880700666623447	39.12373453193681
2	27.060249046033796	19.591867468418982	29.914507061005484	23.433376424541734
3	27.771613876016804	23.34074548388091	21.4591074043817	27.428533235720586
4	30.24876339997771	28.439532220722878	18.787919001131513	22.523785378167897
5	30.159337729573465	29.562810030586938	21.353246497408513	18.924605742431087
6	23.888724744436786	33.40656115156545	22.4912875310749	20.21342657292287
7	21.8198116032892	19.90811913303492	35.877096648271745	22.394972615404136
8	22.29007866238277	22.173579510722956	29.2492042156914	26.287137611202873
9	22.01636060655172	21.090346951242317	31.714400685951432	25.17889175625453
10-14	24.53018866309397	26.559237421271487	25.376250345974544	23.53432356966
15-19	24.45842695147325	25.146269006741722	26.19841032193797	24.196893719847054
20-24	24.34468389376651	25.88052571193679	25.9740479957114	23.8007423985853
25-29	24.384557455436806	25.811770891579712	25.764509866142472	24.039161786841014
30-34	24.456409088009078	25.873284398567687	25.799445138750293	23.870861374672934
35-39	24.346337282295195	25.808627949137943	25.69603705144686	24.148997717120004
40-44	24.480847770142113	25.814909674478532	25.632306785272064	24.0719357701073
45-49	24.41338297738848	25.719953622341446	25.653914399421623	24.21274900084845
50-54	24.35628852926811	25.96365803229376	25.638527274931878	24.04152616350625
55-59	24.659109563902266	25.575566923700983	25.527407371708005	24.237916140688746
60-64	24.438659328920686	25.71042639300703	25.55884526326705	24.292069014805236
65-69	24.368684968734335	25.667843623649667	25.705030376386524	24.258441031229474
70-74	24.508444835554474	25.816555839560174	25.52295267171304	24.152046653172317
75-79	24.42464799400775	25.686921100064673	25.608241099640157	24.28018980628742
80-84	24.46886304877517	25.802852018558802	25.489656246856907	24.238628685809122
85-89	24.660256352170034	25.636731405777525	25.39883028276152	24.304181959290922
90-94	24.537695036540857	25.6541428439494	25.410133029080868	24.398029090428867
95-99	24.512099349820463	25.72062398815112	25.552597743677264	24.214678918351158
100	25.029680551440713	25.315946604031623	25.04207991828332	24.612292926244344
>>END_MODULE
>>Per base GC content	fail
#Base	%GC
1	77.59673409365308
2	50.49362547057553
3	55.20014711173739
4	52.77254877814561
5	49.08394347200455
6	44.102151317359656
7	44.21478421869334
8	48.57721627358564
9	47.19525236280625
10-14	48.06451223275397
15-19	48.655320671320304
20-24	48.145426292351814
25-29	48.42371924227782
30-34	48.327270462682016
35-39	48.4953349994152
40-44	48.55278354024941
45-49	48.62613197823693
50-54	48.39781469277436
55-59	48.897025704591016
60-64	48.73072834372593
65-69	48.62712599996381
70-74	48.66049148872679
75-79	48.704837800295174
80-84	48.70749173458429
85-89	48.96443831146095
90-94	48.935724126969724
95-99	48.72677826817162
100	49.641973477685056
>>END_MODULE
>>Per sequence GC content	warn
#GC Content	Count
0	11792.0
1	8170.0
2	4216.5
3	3735.0
4	3234.0
5	2653.5
6	2347.0
7	2273.0
8	2220.5
9	2208.5
10	2272.5
11	2273.0
12	2330.5
13	2484.5
14	2648.0
15	2921.0
16	3332.5
17	3858.5
18	4691.0
19	6059.0
20	8392.5
21	11941.0
22	16641.5
23	23475.5
24	31785.0
25	41097.0
26	53913.0
27	68763.5
28	84996.5
29	104823.5
30	128786.0
31	153677.5
32	181277.0
33	204110.0
34	224671.0
35	246828.0
36	261580.0
37	275688.5
38	294069.5
39	311655.0
40	322732.0
41	331589.0
42	348643.5
43	368358.0
44	385229.0
45	403071.0
46	419969.5
47	435499.0
48	455175.0
49	481579.5
50	502711.5
51	518127.0
52	540854.5
53	555243.5
54	550732.0
55	550537.0
56	548045.5
57	524681.0
58	489596.5
59	448372.5
60	400014.5
61	348892.0
62	301166.0
63	257008.0
64	216801.0
65	182282.0
66	151651.0
67	125846.0
68	104662.0
69	84658.0
70	65799.0
71	49458.5
72	36527.0
73	28683.5
74	23277.5
75	19231.0
76	15815.5
77	11827.5
78	8696.0
79	6584.5
80	5382.0
81	5046.5
82	4548.0
83	3805.0
84	2611.0
85	1389.0
86	891.0
87	643.5
88	473.0
89	321.5
90	210.5
91	146.0
92	99.5
93	72.5
94	53.0
95	35.5
96	31.5
97	26.0
98	19.5
99	11.0
100	3.5
>>END_MODULE
>>Per base N content	pass
#Base	N-Count
1	0.03674331667317827
2	0.05121355067486332
3	0.03765030263213557
4	0.03645945083869545
5	0.0454254570741893
6	0.034209294833648735
7	0.03738028391152996
8	0.044504624001354805
9	0.035330911057702793
10-14	0.03129032322833274
15-19	0.04818934100408054
20-24	0.04617874006910956
25-29	0.028116564727676083
30-34	0.053740648957454264
35-39	0.054126983434628434
40-44	0.0900283955840723
45-49	0.06644260651701953
50-54	0.06361917999745628
55-59	0.0704070352200649
60-64	0.06181767048203119
65-69	0.0641855269550342
70-74	0.061326097939390214
75-79	0.05720658156092007
80-84	0.06245602243177059
85-89	0.060280640841660814
90-94	0.05339585582191172
95-99	0.0501667088657462
100	0.05000192821060741
>>END_MODULE
>>Sequence Length Distribution	pass
#Length	Count
100	1.4443443E7
>>END_MODULE
>>Sequence Duplication Levels	fail
#Total Duplicate Percentage	58.6741080980193
#Duplication Level	Relative count
1	100.0
2	40.64727200625681
3	17.738293255196574
4	9.077890748064021
5	5.8073826020863395
6	4.179288617662286
7	3.219836749980723
8	2.5996629250614114
9	2.3121578303830095
10++	34.72863264339454
>>END_MODULE
>>Overrepresented sequences	warn
#Sequence	Count	Percentage	Possible Source
TTTTTTTTTTTTTTTTTTTTTTTTTTTTTTTTTTTTTTTTTTTTTTTTTT	23778	0.16462833688615658	No Hit
>>END_MODULE
>>Kmer Content	warn
#Sequence	Count	Obs/Exp Overall	Obs/Exp Max	Max Obs/Exp Position
TTTTT	9904150	6.5801215	8.320233	10-14
AAAAA	6882175	4.5660787	7.23227	2
CTGGA	2845225	2.1306572	5.9727073	1
GGGGG	2604595	2.044192	5.923414	1
GAAAA	2797745	1.9196343	5.344407	1
GTTTT	2597185	1.7839904	5.8209977	1
GGAAA	2248780	1.5956962	5.9094214	1
CTGGG	1982975	1.5357021	5.3956475	1
GCCAG	1928130	1.5229566	5.398838	1
>>END_MODULE
