##FastQC	0.10.1
>>Basic Statistics	pass
#Measure	Value	
Filename	L_goodei_NA_FW_2_R2.fastq.gz	
File type	Conventional base calls	
Encoding	Sanger / Illumina 1.9	
Total Sequences	7021444	
Filtered Sequences	0	
Sequence length	100	
%GC	51	
>>END_MODULE
>>Per base sequence quality	pass
#Base	Mean	Median	Lower Quartile	Upper Quartile	10th Percentile	90th Percentile
1	29.757944946936842	31.0	30.0	34.0	25.0	34.0
2	29.78058288295114	31.0	30.0	34.0	25.0	34.0
3	29.831550746541595	31.0	30.0	34.0	25.0	34.0
4	33.14615369715973	37.0	35.0	37.0	26.0	37.0
5	33.066673749730114	37.0	35.0	37.0	26.0	37.0
6	32.976761190433194	37.0	35.0	37.0	26.0	37.0
7	32.97966928170331	37.0	35.0	37.0	26.0	37.0
8	32.91359540857977	37.0	35.0	37.0	26.0	37.0
9	34.324804840713675	39.0	35.0	39.0	25.0	39.0
10-14	34.40087002046873	39.2	35.2	39.4	25.0	39.4
15-19	35.06957640052388	39.4	35.4	41.0	23.6	41.0
20-24	34.74119383420277	39.0	34.6	41.0	20.4	41.0
25-29	34.40729092192432	39.0	34.0	41.0	18.0	41.0
30-34	33.521666255545156	38.6	32.8	40.6	13.6	41.0
35-39	33.26732028340609	38.0	32.8	40.0	9.0	41.0
40-44	32.816639597211065	38.0	32.0	40.0	6.2	41.0
45-49	32.36247202142466	37.0	31.8	40.0	2.0	41.0
50-54	31.481145587716714	36.0	30.6	39.4	2.0	40.6
55-59	31.343799195720994	35.2	31.0	39.4	2.0	41.0
60-64	30.56254753295761	35.0	30.0	38.2	2.0	40.4
65-69	29.771593108198253	35.0	29.0	36.6	2.0	39.6
70-74	29.083351999958985	34.4	29.0	35.4	2.0	38.4
75-79	28.393511733483884	34.0	28.4	35.0	2.0	36.8
80-84	27.778056849844564	34.0	27.0	35.0	2.0	35.8
85-89	27.232496819742494	34.0	26.4	35.0	2.0	35.0
90-94	26.670488663015753	33.6	25.0	35.0	2.0	35.0
95-99	25.98521976391181	33.0	23.0	35.0	2.0	35.0
100	24.62181141087218	32.0	17.0	35.0	2.0	35.0
>>END_MODULE
>>Per sequence quality scores	pass
#Quality	Count
2	345634.0
3	53574.0
4	35152.0
5	30432.0
6	30653.0
7	31601.0
8	33764.0
9	35789.0
10	37013.0
11	37859.0
12	36227.0
13	35292.0
14	34755.0
15	35002.0
16	35758.0
17	35728.0
18	36231.0
19	37051.0
20	38574.0
21	41081.0
22	45311.0
23	52145.0
24	62705.0
25	75515.0
26	88846.0
27	104981.0
28	125215.0
29	147955.0
30	175828.0
31	213458.0
32	268395.0
33	348348.0
34	474777.0
35	681310.0
36	1017788.0
37	1222876.0
38	754220.0
39	124394.0
40	207.0
>>END_MODULE
>>Per base sequence content	fail
#Base	G	A	T	C
1	37.87583721412978	11.245493102043707	8.068741778521984	42.80992790530453
2	28.90183672925602	16.822424047170784	28.87665887772897	25.399080345844222
3	29.291682017991892	21.754131465472412	18.866857065841014	30.08732945069468
4	32.97668292467487	26.783172498488057	16.511036663506246	23.72910791333083
5	32.271438404637124	28.56425975327175	19.512043258301535	19.652258583789592
6	24.746446114082794	32.286787502539454	21.742122840464564	21.224643542913185
7	23.170191883431844	19.02910399927283	34.97804032226238	22.82266379503294
8	22.511579994215346	20.33838801921189	29.327142138640777	27.822889847931986
9	22.667427629031415	19.090500858931993	31.73791475986803	26.504156752168555
10-14	25.757474134761992	25.30717774850154	24.102371859377808	24.832976257358656
15-19	25.882884961358787	23.942010195731463	24.804625318894452	25.3704795240153
20-24	25.67726670544093	24.46845877451876	24.70739065673354	25.146883863306773
25-29	25.604832500109765	24.521403954860936	24.61348036611635	25.260283178912957
30-34	25.750793599541012	24.408886718925334	24.60656594024407	25.233753741289583
35-39	25.658750985941715	24.448159764036863	24.46146857002921	25.43162067999221
40-44	25.92421127834864	24.37422625261016	24.26421638998137	25.437346079059825
45-49	25.815980833677564	24.365136375810593	24.185385835904853	25.633496954606986
50-54	25.756416402823096	24.600247317095178	24.198607136249933	25.44472914383179
55-59	26.08998876262779	24.095536903402063	24.033408557932322	25.78106577603782
60-64	26.032648757944045	24.155354296435817	24.127537459816644	25.684459485803497
65-69	25.899349142849974	24.173796757912832	24.163408010707393	25.763446088529797
70-74	26.100355306457164	24.29876808132404	24.06143729906671	25.539439313152084
75-79	26.035892087476043	24.167938341726224	24.126477151102073	25.66969241969566
80-84	26.02927627079694	24.165294357208104	24.06651771744876	25.738911654546193
85-89	26.128473647249812	24.217161094238783	23.86853379481427	25.78583146369714
90-94	26.038824258673966	24.191850468572422	23.946850924122415	25.822474348631197
95-99	25.9130353948477	24.242946353449653	24.010585271675264	25.833432980027382
100	26.463946971138057	23.57688337169861	23.40763444054736	26.551535216615974
>>END_MODULE
>>Per base GC content	fail
#Base	%GC
1	80.68576511943431
2	54.300917075100244
3	59.37901146868657
4	56.7057908380057
5	51.92369698842671
6	45.97108965699598
7	45.992855678464785
8	50.334469842147335
9	49.17158438119997
10-14	50.590450392120644
15-19	51.253364485374085
20-24	50.824150568747704
25-29	50.86511567902272
30-34	50.9845473408306
35-39	51.09037166593392
40-44	51.36155735740847
45-49	51.44947778828456
50-54	51.20114554665489
55-59	51.871054538665604
60-64	51.71710824374753
65-69	51.662795231379775
70-74	51.63979461960925
75-79	51.70558450717171
80-84	51.768187925343135
85-89	51.91430511094695
90-94	51.86129860730516
95-99	51.74646837487508
100	53.01548218775404
>>END_MODULE
>>Per sequence GC content	warn
#GC Content	Count
0	13299.0
1	8235.0
2	2682.5
3	2031.5
4	1650.5
5	1265.5
6	1081.5
7	1025.5
8	989.0
9	969.0
10	966.0
11	926.5
12	895.0
13	945.0
14	993.5
15	1082.0
16	1217.0
17	1405.5
18	1757.5
19	2297.0
20	3108.0
21	4153.5
22	5649.5
23	7876.5
24	10718.5
25	14355.5
26	18858.5
27	24177.0
28	29987.0
29	36374.5
30	43299.5
31	50721.5
32	58930.0
33	67167.5
34	74693.0
35	81804.0
36	88285.0
37	93899.5
38	100226.5
39	106924.5
40	112934.0
41	121133.5
42	130885.0
43	141500.0
44	155902.5
45	170099.0
46	184710.0
47	199677.0
48	212131.5
49	223481.5
50	234844.5
51	252772.0
52	269941.0
53	273679.0
54	266835.5
55	269503.0
56	273651.5
57	262197.0
58	246922.0
59	235369.5
60	225445.5
61	208150.5
62	182629.5
63	159356.0
64	146612.0
65	137575.5
66	121335.5
67	105142.5
68	93467.5
69	77745.0
70	62069.0
71	51082.0
72	40972.5
73	34206.0
74	33275.5
75	30394.5
76	25389.5
77	19000.5
78	13449.5
79	11777.0
80	10003.0
81	9868.0
82	9150.5
83	5710.0
84	3018.5
85	2041.5
86	1451.5
87	925.5
88	599.5
89	390.0
90	237.5
91	142.5
92	96.5
93	83.0
94	73.0
95	49.0
96	27.5
97	24.0
98	15.5
99	10.0
100	8.0
>>END_MODULE
>>Per base N content	pass
#Base	N-Count
1	0.035334612082642824
2	0.048010067444816194
3	0.03569066419955781
4	0.03331223605856573
5	0.04205687604999769
6	0.03170288049011001
7	0.03479341286493206
8	0.040931751360546345
9	0.03221559553846758
10-14	0.02880888888382504
15-19	0.0446403902103328
20-24	0.04332442158621503
25-29	0.026196890554136727
30-34	0.05141107726558811
35-39	0.050334375664037194
40-44	0.08649218024098747
45-49	0.06246293497462915
50-54	0.060070264748960475
55-59	0.06663871420180806
60-64	0.05855205852243499
65-69	0.060329470690074584
70-74	0.05789692262731142
75-79	0.0540771955170475
80-84	0.059785423055428485
85-89	0.05748105375475472
90-94	0.050607823689827906
95-99	0.04721535911986195
100	0.04812400412222899
>>END_MODULE
>>Sequence Length Distribution	pass
#Length	Count
100	7021444.0
>>END_MODULE
>>Sequence Duplication Levels	warn
#Total Duplicate Percentage	45.1592775738025
#Duplication Level	Relative count
1	100.0
2	19.344901781706167
3	7.047878515812449
4	3.9705267720313926
5	2.6470178480209285
6	2.072723332456154
7	1.5990464543892509
8	1.3614340335288928
9	1.1013761396882402
10++	15.651460503707373
>>END_MODULE
>>Overrepresented sequences	warn
#Sequence	Count	Percentage	Possible Source
TTTTTTTTTTTTTTTTTTTTTTTTTTTTTTTTTTTTTTTTTTTTTTTTTT	17344	0.24701471663093802	No Hit
>>END_MODULE
>>Kmer Content	fail
#Sequence	Count	Obs/Exp Overall	Obs/Exp Max	Max Obs/Exp Position
TTTTT	4815465	8.708307	10.646385	10-14
AAAAA	3011125	5.4910493	8.621373	2
AAGAA	1377740	2.319605	5.141649	2
GAAGA	1442030	2.2415135	5.197573	2
GAAAA	1232300	2.0747378	5.7395144	2
CTGGA	1401670	2.0455387	6.3019743	1
AAAAT	1100760	2.0039783	5.0433736	3
GGGGG	1565885	1.9155245	5.122283	1
GTTTT	1082010	1.809561	5.4788876	1
GGAAA	1040110	1.6167629	6.1694374	1
GGGAG	1048915	1.3897858	5.034988	1
CTGGG	1012380	1.3640356	5.5157247	1
>>END_MODULE
