##FastQC	0.10.1
>>Basic Statistics	pass
#Measure	Value	
Filename	F_grandis_NA_FW_1_R2.fastq.gz	
File type	Conventional base calls	
Encoding	Sanger / Illumina 1.9	
Total Sequences	33661642	
Filtered Sequences	0	
Sequence length	100	
%GC	48	
>>END_MODULE
>>Per base sequence quality	fail
#Base	Mean	Median	Lower Quartile	Upper Quartile	10th Percentile	90th Percentile
1	29.204314156748502	31.0	30.0	34.0	23.0	34.0
2	29.106642242823447	31.0	30.0	34.0	22.0	34.0
3	29.184661372133895	31.0	30.0	34.0	22.0	34.0
4	32.52322114886731	35.0	33.0	37.0	23.0	37.0
5	32.46759124228105	35.0	33.0	37.0	23.0	37.0
6	32.37072249773199	35.0	33.0	37.0	23.0	37.0
7	32.35199120708372	35.0	33.0	37.0	22.0	37.0
8	32.280749049615586	35.0	33.0	37.0	22.0	37.0
9	33.61727707757096	38.0	33.0	39.0	22.0	39.0
10-14	33.70167666806034	38.2	33.2	39.4	19.6	39.4
15-19	34.30068189186969	39.0	33.2	41.0	17.6	41.0
20-24	34.024900496535494	39.0	33.2	41.0	17.0	41.0
25-29	33.754095976660906	38.4	33.0	40.6	14.6	41.0
30-34	33.37353472537079	38.0	32.6	40.0	9.4	41.0
35-39	32.93708883244614	38.0	32.0	40.0	7.8	41.0
40-44	32.46816109564709	38.0	31.2	40.0	2.0	41.0
45-49	32.03614707208875	37.4	31.0	40.0	2.0	41.0
50-54	31.19982739998245	36.0	29.8	39.4	2.0	40.6
55-59	31.200276552165814	35.8	30.0	39.8	2.0	41.0
60-64	30.432888359991473	35.0	29.2	39.0	2.0	40.8
65-69	29.58387981786509	35.0	28.6	37.4	2.0	40.0
70-74	28.870458339495144	34.2	28.2	36.2	2.0	39.2
75-79	28.08868384376496	34.0	27.0	35.2	2.0	37.6
80-84	27.3929764388796	34.0	26.0	35.0	2.0	36.4
85-89	26.787930660067026	33.6	25.0	35.0	2.0	35.4
90-94	26.221329963642297	33.0	24.2	35.0	2.0	35.0
95-99	25.495905642392607	33.0	19.8	35.0	2.0	35.0
100	24.10168158166497	32.0	2.0	34.0	2.0	35.0
>>END_MODULE
>>Per sequence quality scores	pass
#Quality	Count
2	1820002.0
3	264397.0
4	175531.0
5	146491.0
6	146951.0
7	151982.0
8	162134.0
9	179786.0
10	198432.0
11	204912.0
12	196802.0
13	192843.0
14	194643.0
15	197431.0
16	198221.0
17	198877.0
18	197728.0
19	199470.0
20	204019.0
21	215523.0
22	236741.0
23	276106.0
24	329465.0
25	398457.0
26	475258.0
27	555304.0
28	648108.0
29	755271.0
30	888958.0
31	1062451.0
32	1297741.0
33	1625548.0
34	2123024.0
35	2922694.0
36	4253562.0
37	5506534.0
38	4067948.0
39	791066.0
40	1231.0
>>END_MODULE
>>Per base sequence content	fail
#Base	G	A	T	C
1	35.75528221760929	14.784777123928222	6.620058861318352	42.83988179714414
2	24.475817671060188	16.90059828347558	40.33575046521146	18.28783358025277
3	26.024179348539533	22.018756099950725	22.75479006656913	29.20227448494061
4	27.66332780655682	28.59233266671439	19.496174452491164	24.248165074237622
5	29.37683975633185	29.597096335466937	22.411754111067783	18.614309797133426
6	22.86844820559722	32.91184116141233	23.979099366216357	20.24061126677409
7	20.886944410736366	19.664353128391582	37.39674739872946	22.05195506214259
8	20.877721955593056	21.79493203192584	31.20278942320817	26.124556589272935
9	22.027053652914773	20.573091431266445	32.58542269512441	24.81443222069438
10-14	23.999209581546506	26.738522035901376	26.211184674341855	23.051083708210264
15-19	24.306137466460427	25.51620563333484	26.50100826382783	23.6766486363769
20-24	24.14814950558478	25.929348718689248	26.385672447854947	23.536829327871025
25-29	24.131375167479575	26.017474565684168	26.234724756612636	23.616425510223625
30-34	24.09158083063066	25.95774646631372	26.199612812672495	23.751059890383125
35-39	23.99718052906937	26.059596553125104	26.190134923569524	23.753087994235997
40-44	24.193705841136946	25.91924722721906	26.117650170784135	23.769396760859856
45-49	24.195927427442328	25.981716181256026	25.990231357932807	23.832125033368843
50-54	24.081127962697614	26.019761394316877	26.103113278557693	23.79599736442782
55-59	24.235047572582157	25.9072130767122	25.972001400892893	23.885737949812754
60-64	24.204346049309517	25.85423749466886	25.905947248834583	24.035469207187045
65-69	24.11523174072549	26.005795431313782	26.008891582377185	23.870081245583535
70-74	24.286063257100746	25.98319092286536	25.903561596026663	23.82718422400723
75-79	24.2115599455796	25.861960613831066	25.891545963344303	24.034933477245033
80-84	24.212679070565866	25.972927528116212	25.860770771301716	23.953622630016206
85-89	24.388009436463097	25.919457212609082	25.705470575884824	23.987062775042993
90-94	24.241287127856026	25.872829621791958	25.71936038320841	24.1665228671436
95-99	24.303592437251005	25.982012076700812	25.763011228935657	23.951384257112522
100	24.863434318734516	25.6411192179042	25.160205692616966	24.335240770744313
>>END_MODULE
>>Per base GC content	fail
#Base	%GC
1	78.59516401475342
2	42.76365125131296
3	55.22645383348015
4	51.91149288079444
5	47.99114955346528
6	43.1090594723713
7	42.93889947287896
8	47.00227854486599
9	46.84148587360915
10-14	47.050293289756766
15-19	47.98278610283732
20-24	47.6849788334558
25-29	47.747800677703204
30-34	47.84264072101379
35-39	47.750268523305365
40-44	47.9631026019968
45-49	48.02805246081117
50-54	47.877125327125434
55-59	48.12078552239491
60-64	48.23981525649656
65-69	47.985312986309026
70-74	48.113247481107976
75-79	48.246493422824635
80-84	48.16630170058207
85-89	48.375072211506094
90-94	48.40780999499963
95-99	48.254976694363535
100	49.19867508947883
>>END_MODULE
>>Per sequence GC content	fail
#GC Content	Count
0	20686.0
1	23752.5
2	25187.0
3	23815.5
4	19878.5
5	12951.5
6	9733.5
7	8912.0
8	8610.0
9	8639.5
10	8735.5
11	8872.5
12	9116.0
13	9618.5
14	10356.0
15	11316.0
16	12852.0
17	15382.5
18	18650.0
19	22842.0
20	29636.5
21	39083.5
22	51492.5
23	67925.0
24	88716.5
25	116830.5
26	151190.0
27	188069.5
28	230958.0
29	276659.0
30	330591.0
31	386839.5
32	433927.5
33	487520.0
34	538206.0
35	580072.5
36	615595.5
37	643185.0
38	680566.0
39	720443.5
40	754372.0
41	794375.0
42	831593.0
43	868218.0
44	914390.5
45	958956.5
46	1005043.5
47	1058303.0
48	1104117.0
49	1145973.0
50	1194462.5
51	1246610.0
52	1280213.0
53	1288887.0
54	1281576.5
55	1261754.0
56	1222657.0
57	1165907.5
58	1091444.5
59	989792.5
60	881960.5
61	770057.0
62	663175.5
63	565942.0
64	471113.5
65	390485.5
66	326866.0
67	271106.0
68	220562.0
69	173416.0
70	131354.0
71	99427.5
72	73991.5
73	56074.0
74	43628.5
75	33433.0
76	25062.5
77	18310.5
78	13322.5
79	9368.0
80	6734.0
81	5033.0
82	4013.5
83	3175.5
84	2310.5
85	1680.5
86	1203.5
87	845.0
88	617.5
89	473.0
90	345.0
91	238.0
92	175.5
93	138.0
94	107.0
95	67.5
96	43.5
97	32.5
98	18.5
99	9.0
100	5.5
>>END_MODULE
>>Per base N content	pass
#Base	N-Count
1	0.030717455791372267
2	0.25723047021889184
3	0.06543352816835257
4	0.037826437581387144
5	0.047181299117850524
6	0.038895904127315
7	0.044296710184250666
8	0.03723823098112682
9	0.03627868183019711
10-14	0.04654080748645595
15-19	0.043359144512320584
20-24	0.07503614945462256
25-29	0.035254370538430654
30-34	0.05647971658661214
35-39	0.04132537563081445
40-44	0.04565136780909262
45-49	0.04006102851429529
50-54	0.04067656592628488
55-59	0.043164858089810354
60-64	0.04453734015708443
65-69	0.03984654105702865
70-74	0.03484084347400522
75-79	0.039305866303254014
80-84	0.04822284070396803
85-89	0.05277639159729641
90-94	0.038454452103079226
95-99	0.040533970386827836
100	0.03915732928298626
>>END_MODULE
>>Sequence Length Distribution	pass
#Length	Count
100	3.3661642E7
>>END_MODULE
>>Sequence Duplication Levels	fail
#Total Duplicate Percentage	56.41831280501975
#Duplication Level	Relative count
1	100.0
2	31.013373717552206
3	14.181046434741804
4	8.358040227801123
5	5.708892349039098
6	4.276603459676215
7	3.3668920504233943
8	2.632084124309451
9	2.282277158031696
10++	41.47772113559286
>>END_MODULE
>>Overrepresented sequences	pass
>>END_MODULE
>>Kmer Content	fail
#Sequence	Count	Obs/Exp Overall	Obs/Exp Max	Max Obs/Exp Position
TTTTT	32539330	8.390415	11.647817	10-14
AAAAA	19707550	5.446921	6.4302382	70-74
CTCCT	7489345	2.492446	8.809891	1
TCCTC	7416055	2.4680548	5.297725	2
CTGCT	7361640	2.4114227	5.09196	1
CTCCA	7102700	2.3968124	8.051195	1
CTGGA	6917720	2.2615557	8.2044325	1
TCCAG	6804480	2.2600727	5.0858474	2
GAAGA	7224465	2.2303438	5.4695263	2
CTCTG	6804840	2.229034	6.4293127	1
CTTCA	6740690	2.0891964	5.280083	1
GGGGG	5580540	2.0338259	5.345216	1
GAAAA	6769535	1.9774301	5.0685396	2
CTTTT	6589770	1.8500386	7.002471	1
CTGAA	5900940	1.8253314	5.611021	1
GTTTT	6473170	1.7887286	7.0892096	1
GGAAG	5313110	1.7335595	5.122499	1
CTCAG	5140205	1.7072924	6.711057	1
GGAAA	5272080	1.6276016	5.8689146	1
CTGGG	4561720	1.5761471	7.0427155	1
GTGGA	4815090	1.5494074	5.1521764	1
GGGAG	4271475	1.4729623	5.1054997	1
CTCCC	3820115	1.3841846	5.065237	1
GTCAG	3882545	1.2692901	5.1215796	1
>>END_MODULE
