##FastQC	0.10.1
>>Basic Statistics	pass
#Measure	Value	
Filename	F_parvapinis_NA_FW_1_R2.fastq.gz	
File type	Conventional base calls	
Encoding	Sanger / Illumina 1.9	
Total Sequences	9554576	
Filtered Sequences	0	
Sequence length	100	
%GC	46	
>>END_MODULE
>>Per base sequence quality	pass
#Base	Mean	Median	Lower Quartile	Upper Quartile	10th Percentile	90th Percentile
1	29.387934325918806	31.0	30.0	34.0	25.0	34.0
2	29.294262560682967	31.0	30.0	34.0	23.0	34.0
3	29.381590663991787	31.0	30.0	34.0	23.0	34.0
4	32.75636804814782	37.0	33.0	37.0	25.0	37.0
5	32.703587370072725	37.0	33.0	37.0	25.0	37.0
6	32.61896446268259	36.0	33.0	37.0	25.0	37.0
7	32.60761053133075	36.0	33.0	37.0	25.0	37.0
8	32.54712485410132	36.0	33.0	37.0	23.0	37.0
9	33.913794500143176	38.0	34.0	39.0	23.0	39.0
10-14	34.016441085402434	38.2	34.0	39.4	22.8	39.4
15-19	34.61799548195545	39.0	34.0	41.0	20.6	41.0
20-24	34.28278127674111	39.0	34.0	41.0	18.0	41.0
25-29	33.98187467450152	38.8	33.4	40.8	16.6	41.0
30-34	33.59108772592316	38.0	33.0	40.0	12.4	41.0
35-39	33.15211048611681	38.0	32.4	40.0	8.6	41.0
40-44	32.69369562814718	38.0	31.8	40.0	5.0	41.0
45-49	32.27242975512466	37.6	31.0	40.0	2.0	41.0
50-54	31.434977753068267	36.4	30.4	39.6	2.0	40.6
55-59	31.444977317674795	36.0	30.8	40.0	2.0	41.0
60-64	30.692823082887195	35.0	29.8	39.0	2.0	41.0
65-69	29.848637176573824	35.0	29.0	37.6	2.0	40.0
70-74	29.132651956507544	34.6	28.8	36.4	2.0	39.2
75-79	28.34042471377066	34.0	27.6	35.2	2.0	38.0
80-84	27.632929184926677	34.0	26.6	35.0	2.0	36.4
85-89	27.012522816292424	34.0	25.6	35.0	2.0	35.6
90-94	26.445419681626902	33.4	24.6	35.0	2.0	35.0
95-99	25.74060916988886	33.0	21.8	35.0	2.0	35.0
100	24.40933810145003	32.0	15.0	35.0	2.0	35.0
>>END_MODULE
>>Per sequence quality scores	pass
#Quality	Count
2	482799.0
3	68019.0
4	46653.0
5	40501.0
6	42286.0
7	43064.0
8	44418.0
9	49218.0
10	56293.0
11	57831.0
12	54533.0
13	53373.0
14	54266.0
15	55331.0
16	55557.0
17	55428.0
18	55868.0
19	56629.0
20	57505.0
21	60889.0
22	66715.0
23	76890.0
24	91387.0
25	109119.0
26	130869.0
27	153199.0
28	178682.0
29	209315.0
30	245705.0
31	293666.0
32	359921.0
33	455193.0
34	598407.0
35	849102.0
36	1187323.0
37	1591811.0
38	1222169.0
39	244429.0
40	213.0
>>END_MODULE
>>Per base sequence content	fail
#Base	G	A	T	C
1	37.30840822476654	15.481433112079964	8.178721378950913	39.03143728420259
2	25.587217575958967	18.967074979878472	35.75250526265427	19.693202181508298
3	25.373055231727886	23.390255900718433	22.825757162380814	28.410931705172864
4	28.04116466241903	28.583846488577404	20.253539106387418	23.121449742616157
5	28.59315362408075	29.396494402541606	23.39119799536538	18.619153978012264
6	22.548183313064452	32.82110909440238	25.142949282073218	19.487758310459945
7	20.396939048182286	20.443451007263487	37.93505749389125	21.22455245066298
8	20.40590404358636	22.07603321914488	32.395639437547	25.122423299721763
9	20.972075873749244	21.01903418942304	34.06480812947387	23.94408180735385
10-14	22.870204135244876	27.440254621206183	27.571181536352103	22.118359707196838
15-19	23.137596125484492	26.116650316578134	28.083111012965205	22.662642544972165
20-24	23.046742758755176	26.50107044365769	27.809678153001265	22.64250864458587
25-29	22.986000222465982	26.482784768183077	27.786597915520556	22.74461709383039
30-34	22.92187923239253	26.704797369709514	27.496675557607915	22.87664784029004
35-39	22.987958674950608	26.655012859499795	27.48945058215112	22.867577883398475
40-44	23.275381847692493	26.586264959275386	27.28476377111119	22.853589421920926
45-49	23.117498767838697	26.580475126759328	27.31007418766981	22.991951917732166
50-54	23.05590206124255	26.816218912073776	27.13787237913541	22.990006647548263
55-59	23.327812252075933	26.581790617914624	27.057352482798663	23.033044647210783
60-64	23.2763916472329	26.574606468537233	27.04122843394056	23.107773450289308
65-69	23.180273087509175	26.55333378398108	27.075909267688196	23.190483860821548
70-74	23.394542565948985	26.585705911864594	26.878570782576773	23.141180739609645
75-79	23.342476656340196	26.518369476818194	26.946694047843934	23.192459818997676
80-84	23.374894603615036	26.598008779274622	26.858061747784056	23.169034869326282
85-89	23.41677693799228	26.67608261127972	26.727731520671146	23.179408930056848
90-94	23.393107221031766	26.64054730256737	26.719361060132048	23.246984416268816
95-99	23.338443001187752	26.729214149892616	26.765048347372755	23.167294501546877
100	23.654083024563775	26.333760940954548	26.440767549397894	23.57138848508378
>>END_MODULE
>>Per base GC content	fail
#Base	%GC
1	76.33984550896912
2	45.28041975746726
3	53.78398693690075
4	51.16261440503518
5	47.21230760209301
6	42.035941623524394
7	41.621491498845266
8	45.52832734330812
9	44.916157681103094
10-14	44.988563842441714
15-19	45.800238670456665
20-24	45.689251403341046
25-29	45.73061731629637
30-34	45.798527072682575
35-39	45.85553655834909
40-44	46.12897126961342
45-49	46.10945068557086
50-54	46.04590870879081
55-59	46.360856899286716
60-64	46.38416509752221
65-69	46.37075694833072
70-74	46.53572330555863
75-79	46.53493647533787
80-84	46.54392947294132
85-89	46.59618586804913
90-94	46.640091637300586
95-99	46.505737502734625
100	47.225471509647555
>>END_MODULE
>>Per sequence GC content	fail
#GC Content	Count
0	56346.0
1	39732.5
2	20977.5
3	18873.0
4	15689.0
5	10190.0
6	7511.0
7	6855.5
8	6533.5
9	6312.5
10	6051.0
11	5986.0
12	6075.0
13	6073.5
14	6132.5
15	6335.5
16	6698.5
17	7347.0
18	8186.0
19	9545.5
20	11649.0
21	14818.0
22	19067.0
23	24370.0
24	31239.0
25	40258.5
26	51424.5
27	64957.0
28	79392.0
29	92135.0
30	106981.0
31	127037.5
32	148706.0
33	167060.0
34	182499.5
35	201807.0
36	214767.5
37	218995.5
38	223533.5
39	227919.5
40	234862.5
41	240170.5
42	251974.5
43	261901.5
44	269646.5
45	279517.0
46	284943.0
47	290085.5
48	294233.0
49	297288.5
50	305185.0
51	312890.5
52	318014.0
53	328318.5
54	330044.0
55	328824.0
56	320395.5
57	299722.0
58	278144.5
59	254636.0
60	223762.5
61	187980.0
62	154530.0
63	127945.0
64	106212.0
65	86573.0
66	72773.0
67	62264.5
68	53619.0
69	42213.5
70	30882.5
71	23053.0
72	17605.0
73	16338.0
74	15630.0
75	13895.0
76	11403.5
77	8827.5
78	6373.5
79	4386.0
80	3656.0
81	3521.5
82	3550.5
83	3525.5
84	3533.5
85	3025.0
86	2262.5
87	1749.0
88	1300.0
89	1021.0
90	800.5
91	584.5
92	401.5
93	260.5
94	161.5
95	103.5
96	73.5
97	45.5
98	23.0
99	10.5
100	6.0
>>END_MODULE
>>Per base N content	pass
#Base	N-Count
1	0.03226726125785173
2	0.24845686506653983
3	0.06760111594695568
4	0.04039949025472193
5	0.04925388630536824
6	0.039886646984649034
7	0.04546512582033991
8	0.03870396760672583
9	0.037175903985692295
10-14	0.04725693740883949
15-19	0.043633542712936714
20-24	0.07367569215002319
25-29	0.03613765801852432
30-34	0.05710143495640204
35-39	0.04237760001071738
40-44	0.04585028158235384
45-49	0.04059206813572889
50-54	0.04173078951907442
55-59	0.04471993315035644
60-64	0.04564514427432468
65-69	0.04060044108707702
70-74	0.03572529016462897
75-79	0.03957684778476826
80-84	0.0489336209163023
85-89	0.05338175131999578
90-94	0.038781417406696016
95-99	0.04105467369771301
100	0.03939473609294646
>>END_MODULE
>>Sequence Length Distribution	pass
#Length	Count
100	9554576.0
>>END_MODULE
>>Sequence Duplication Levels	fail
#Total Duplicate Percentage	53.842695676145645
#Duplication Level	Relative count
1	100.0
2	23.52616877389003
3	9.848206409879447
4	5.881542193472508
5	4.198213760658629
6	3.2435313143193176
7	2.6407674213466628
8	2.240149955895325
9	1.8762863863569539
10++	30.314613349014994
>>END_MODULE
>>Overrepresented sequences	warn
#Sequence	Count	Percentage	Possible Source
TTTTTTTTTTTTTTTTTTTTTTTTTTTTTTTTTTTTTTTTTTTTTTTTTT	53173	0.5565186775425722	No Hit
CTTTTTTTTTTTTTTTTTTTTTTTTTTTTTTTTTTTTTTTTTTTTTTTTT	20784	0.21752927602438876	No Hit
AAAAAAAAAAAAAAAAAAAAAAAAAAAAAAAAAAAAAAAAAAAAAAAAAA	16774	0.17555985739189264	No Hit
>>END_MODULE
>>Kmer Content	fail
#Sequence	Count	Obs/Exp Overall	Obs/Exp Max	Max Obs/Exp Position
TTTTT	19502780	14.387632	18.961494	10-14
AAAAA	9280125	7.970976	10.549202	95-96
GGGGG	1646975	2.561009	6.824223	1
GGAGG	1733995	2.394521	5.323837	1
GAAGA	1950965	2.1247787	5.06476	2
CTCCA	1671165	2.0707583	5.3033166	1
CTGGA	1627470	1.9625441	6.1691003	1
CTTTT	2062090	1.7900641	7.433599	1
GTTTT	2010530	1.7217481	6.383501	1
GGAAG	1353570	1.6599623	5.482894	1
GGAAA	1523760	1.6595135	6.415428	1
GCCAG	1112790	1.5790203	5.1272454	1
CTGGG	1151110	1.5630633	6.7017465	1
GGGAG	1099860	1.5188267	5.554961	1
GGGGA	1077490	1.4879355	5.692441	1
GGGAA	1180095	1.4472197	5.630937	1
GTGGA	1204180	1.4325044	5.009068	1
CGGGG	868235	1.3685582	5.048138	1
GTGGG	876350	1.1739118	5.590797	1
>>END_MODULE
