##FastQC	0.10.1
>>Basic Statistics	pass
#Measure	Value	
Filename	F_olivaceous_NA_FW_2_R2.fastq.gz	
File type	Conventional base calls	
Encoding	Sanger / Illumina 1.9	
Total Sequences	9787700	
Filtered Sequences	0	
Sequence length	100	
%GC	49	
>>END_MODULE
>>Per base sequence quality	fail
#Base	Mean	Median	Lower Quartile	Upper Quartile	10th Percentile	90th Percentile
1	28.780066818557987	31.0	30.0	34.0	16.0	34.0
2	28.802126444414927	31.0	30.0	34.0	16.0	34.0
3	28.836122888932028	31.0	30.0	34.0	16.0	34.0
4	32.05427117708961	37.0	33.0	37.0	17.0	37.0
5	31.978041725839574	37.0	33.0	37.0	17.0	37.0
6	31.851252592539616	37.0	33.0	37.0	16.0	37.0
7	31.890876201763437	37.0	33.0	37.0	17.0	37.0
8	31.826025930504613	37.0	33.0	37.0	16.0	37.0
9	33.132260285869	38.0	33.0	39.0	15.0	39.0
10-14	33.161208394209055	38.2	33.0	39.4	11.0	39.4
15-19	33.769162561173715	39.0	33.0	41.0	9.6	41.0
20-24	33.430091339129724	39.0	33.0	41.0	6.6	41.0
25-29	33.16600071518334	39.0	32.8	41.0	2.0	41.0
30-34	32.80791783565087	38.0	32.0	40.4	2.0	41.0
35-39	32.3362492107441	38.0	31.2	40.0	2.0	41.0
40-44	31.831895664967256	38.0	30.6	40.0	2.0	41.0
45-49	31.32939013251326	37.2	30.0	40.0	2.0	41.0
50-54	30.620070741849464	36.0	29.4	39.6	2.0	40.6
55-59	30.567865157289255	35.6	29.4	39.8	2.0	41.0
60-64	29.792663281465515	35.0	28.2	38.8	2.0	40.8
65-69	29.039538420670844	35.0	28.0	37.4	2.0	40.0
70-74	28.297021343114316	34.2	26.6	36.2	2.0	39.0
75-79	27.56731865504664	34.0	26.0	35.0	2.0	37.6
80-84	26.894542762855416	34.0	25.0	35.0	2.0	36.2
85-89	26.328736332335485	33.8	23.8	35.0	2.0	35.4
90-94	25.78212521838634	33.0	21.2	35.0	2.0	35.0
95-99	25.120104845877993	33.0	11.0	35.0	2.0	35.0
100	23.907130071416166	32.0	2.0	35.0	2.0	35.0
>>END_MODULE
>>Per sequence quality scores	pass
#Quality	Count
2	719239.0
3	95644.0
4	61646.0
5	48714.0
6	46031.0
7	46303.0
8	48664.0
9	52524.0
10	55486.0
11	56066.0
12	54192.0
13	53026.0
14	53031.0
15	53742.0
16	53601.0
17	52993.0
18	53158.0
19	53290.0
20	54888.0
21	58051.0
22	63676.0
23	75065.0
24	88797.0
25	105653.0
26	124485.0
27	145677.0
28	169937.0
29	198844.0
30	234432.0
31	279931.0
32	346130.0
33	438354.0
34	579836.0
35	819229.0
36	1234807.0
37	1652560.0
38	1225464.0
39	234238.0
40	296.0
>>END_MODULE
>>Per base sequence content	fail
#Base	G	A	T	C
1	35.02227281336825	14.909307499956812	7.4617170208370585	42.60670266583788
2	24.538792502423803	17.725248074349313	39.04056655041408	18.695392872812803
3	25.154430938729533	22.77393027889057	22.977831250913603	29.093807531466293
4	27.16746668160455	29.219244845050476	19.44678246387973	24.166506009465248
5	29.10788053664122	30.100117051791354	21.693476000702862	19.098526410864565
6	22.45938035355067	33.14964064414903	23.409645021289236	20.981333981011062
7	20.611667709991426	18.839848763568163	37.66739024748263	22.88109327895778
8	20.759976323375025	20.925949832416634	30.541466341915445	27.772607502292896
9	22.061273933533013	20.266450630219886	31.60330392647946	26.068971509767643
10-14	24.294961922355952	26.581354057175677	25.261113876135333	23.862570144333038
15-19	24.648876759091543	25.184463344339054	25.808483004783273	24.358176891786133
20-24	24.536235493994145	25.721000990454606	25.62079228518289	24.12197123036836
25-29	24.539495912714642	25.664763089114125	25.614873127874503	24.18086787029673
30-34	24.468504932610642	25.68288965943617	25.536885954545397	24.31171945340779
35-39	24.625599664226055	25.68782900811646	25.433717210291228	24.252854117366258
40-44	24.812760695141368	25.63469542544803	25.28147789174307	24.271065987667534
45-49	24.75154132579957	25.632004768119653	25.247881021444655	24.36857288463612
50-54	24.67381742567973	25.724477521772855	25.28020277688737	24.321502275660045
55-59	24.98428050652333	25.41459358795184	25.14681923059005	24.45430667493478
60-64	24.894386146991383	25.397943214730322	25.118410605506746	24.58926003277155
65-69	24.76334008113517	25.45146454633208	25.227522320248653	24.5576730522841
70-74	24.987064993439255	25.452195642730786	25.07679418928262	24.48394517454734
75-79	24.945022927637808	25.321995713887308	25.12223857874798	24.610742779726905
80-84	24.979619491582444	25.323080805632873	25.097957531728294	24.599342171056385
85-89	25.072820112843903	25.40705122535559	24.891833474624235	24.628295187176274
90-94	25.010793046652786	25.38894631732007	24.972603367087075	24.62765726894007
95-99	24.938483650195835	25.421602929097602	25.055103795855693	24.58480962485087
100	25.41665610141334	24.993824439025946	24.585664846171277	25.003854613389436
>>END_MODULE
>>Per base GC content	fail
#Base	%GC
1	77.62897547920613
2	43.234185375236606
3	54.24823847019583
4	51.333972691069796
5	48.20640694750578
6	43.44071433456173
7	43.49276098894921
8	48.53258382566792
9	48.13024544330066
10-14	48.157532066688994
15-19	49.00705365087767
20-24	48.6582067243625
25-29	48.72036378301137
30-34	48.780224386018425
35-39	48.87845378159231
40-44	49.0838266828089
45-49	49.12011421043569
50-54	48.995319701339774
55-59	49.43858718145811
60-64	49.48364617976293
65-69	49.321013133419264
70-74	49.4710101679866
75-79	49.55576570736471
80-84	49.57896166263883
85-89	49.70111530002017
90-94	49.638450315592856
95-99	49.52329327504671
100	50.42051071480278
>>END_MODULE
>>Per sequence GC content	warn
#GC Content	Count
0	5521.0
1	3716.0
2	1742.0
3	1533.0
4	1380.5
5	1156.0
6	1015.0
7	990.0
8	993.0
9	1001.0
10	1015.5
11	1042.0
12	1133.5
13	1218.0
14	1314.5
15	1493.0
16	1739.0
17	2145.0
18	2823.5
19	3812.5
20	5385.0
21	7766.0
22	11083.0
23	15308.5
24	20851.5
25	28006.5
26	36235.0
27	46168.5
28	57077.5
29	68234.0
30	81440.0
31	97591.5
32	113393.0
33	127440.5
34	141336.0
35	152862.0
36	163190.0
37	174115.0
38	184530.5
39	194811.0
40	205487.5
41	217382.0
42	233546.0
43	251266.0
44	269868.0
45	283606.5
46	298481.0
47	313104.0
48	325036.5
49	339642.5
50	350929.0
51	365720.0
52	382726.5
53	387493.0
54	382837.5
55	380816.0
56	363072.5
57	335132.0
58	315349.5
59	289141.5
60	258147.0
61	228401.0
62	196620.5
63	168598.0
64	147897.5
65	127332.0
66	106008.0
67	91081.0
68	78304.5
69	64382.5
70	51650.0
71	39118.5
72	28415.0
73	22433.0
74	20088.0
75	19770.0
76	18182.0
77	14302.0
78	10190.0
79	7099.0
80	6694.5
81	7880.5
82	7686.5
83	5791.0
84	3725.5
85	2356.0
86	1454.5
87	955.5
88	642.0
89	410.0
90	231.5
91	140.5
92	84.0
93	47.5
94	30.5
95	19.0
96	11.5
97	11.5
98	9.5
99	7.0
100	5.0
>>END_MODULE
>>Per base N content	pass
#Base	N-Count
1	0.04798880227223965
2	0.05672425595390133
3	0.051186693503070174
4	0.05073714968787356
5	0.049562205625427826
6	0.0516668880329393
7	0.04977676062813531
8	0.043023386495295114
9	0.055171286410494805
10-14	0.040665324846491005
15-19	0.04579829786364519
20-24	0.0481992705129908
25-29	0.030303339906208815
30-34	0.04621719096416931
35-39	0.04061015356008051
40-44	0.08987811232465237
45-49	0.06883537501149402
50-54	0.06365336085086384
55-59	0.08298987504725318
60-64	0.08045812601530493
65-69	0.07387843926560887
70-74	0.0663199730273711
75-79	0.06766247433002645
80-84	0.08437120058849372
85-89	0.07806737027085014
90-94	0.05594777118219806
95-99	0.07034952031631538
100	0.07368431807268305
>>END_MODULE
>>Sequence Length Distribution	pass
#Length	Count
100	9787700.0
>>END_MODULE
>>Sequence Duplication Levels	warn
#Total Duplicate Percentage	39.10000993865141
#Duplication Level	Relative count
1	100.0
2	17.10890384030503
3	6.505596890369194
4	3.5777073890821693
5	2.3537353401529595
6	1.6519913654335456
7	1.4101641606148048
8	1.1223452788059967
9	0.8953540988227614
10++	13.734449991469285
>>END_MODULE
>>Overrepresented sequences	pass
>>END_MODULE
>>Kmer Content	warn
#Sequence	Count	Obs/Exp Overall	Obs/Exp Max	Max Obs/Exp Position
TTTTT	5380810	5.5106006	9.29236	2
AAAAA	4346570	4.4412885	6.8920007	2
CTCCT	1983400	2.2334957	6.928452	1
CTCCA	1956625	2.2023413	6.9015303	1
GAAGA	1984905	2.1114647	5.3388157	2
CTGGA	1911830	2.1010199	7.078441	1
CTCTG	1887715	2.100454	5.465709	1
GAAAA	1932675	2.0149395	5.2609553	2
CTTCA	1792405	1.9546633	5.0004144	1
CTGCA	1751995	1.9485512	5.116298	1
CTTTT	1842250	1.9473367	6.316421	1
GTTTT	1800435	1.8804936	8.304318	1
CTGAA	1704840	1.8362154	5.579588	1
CTTTG	1591450	1.7156496	5.2587495	1
GGAAA	1546000	1.6445746	6.2422194	1
CTCAG	1470010	1.6349303	5.9035444	1
CTGGG	1385650	1.5537294	6.137545	1
GTTTG	1293285	1.3776275	5.151199	1
>>END_MODULE
