##FastQC	0.10.1
>>Basic Statistics	pass
#Measure	Value	
Filename	F_catanatus_NA_FW_1_R2.fastq.gz	
File type	Conventional base calls	
Encoding	Sanger / Illumina 1.9	
Total Sequences	7719420	
Filtered Sequences	0	
Sequence length	100	
%GC	50	
>>END_MODULE
>>Per base sequence quality	fail
#Base	Mean	Median	Lower Quartile	Upper Quartile	10th Percentile	90th Percentile
1	28.239071329193127	31.0	29.0	34.0	15.0	34.0
2	28.12247992724842	31.0	28.0	34.0	10.0	34.0
3	28.202728702415467	31.0	28.0	34.0	10.0	34.0
4	31.42367768562923	35.0	32.0	37.0	16.0	37.0
5	31.348383686857304	35.0	32.0	37.0	10.0	37.0
6	31.230780291783578	35.0	32.0	37.0	10.0	37.0
7	31.218634690171022	35.0	32.0	37.0	10.0	37.0
8	31.12764637757759	35.0	32.0	37.0	10.0	37.0
9	32.35667692650484	37.0	32.0	39.0	10.0	39.0
10-14	32.40441709351221	37.2	32.0	39.4	8.4	39.4
15-19	32.908524785540884	38.0	32.0	41.0	3.0	41.0
20-24	32.60774063336365	38.0	31.6	40.0	2.0	41.0
25-29	32.30542799847657	38.0	31.0	40.0	2.0	41.0
30-34	31.88283034217597	38.0	30.2	40.0	2.0	41.0
35-39	31.383051809591915	37.8	30.0	40.0	2.0	41.0
40-44	30.84415290267922	37.0	29.2	40.0	2.0	41.0
45-49	30.35637371719637	36.2	28.0	40.0	2.0	41.0
50-54	29.49291488220618	35.0	27.4	39.0	2.0	40.4
55-59	29.431076065300243	35.0	27.2	39.0	2.0	41.0
60-64	28.6500860168251	34.8	26.0	38.0	2.0	40.2
65-69	27.816507431905507	34.0	25.4	36.6	2.0	39.6
70-74	27.13139510481357	34.0	24.2	35.4	2.0	38.6
75-79	26.403446450640075	33.2	22.4	35.0	2.0	36.8
80-84	25.761902526355605	33.0	19.8	35.0	2.0	35.8
85-89	25.18892453059945	33.0	16.8	35.0	2.0	35.0
90-94	24.62874236665449	33.0	5.6	35.0	2.0	35.0
95-99	23.905284231198717	32.2	2.0	35.0	2.0	35.0
100	22.534359446694182	31.0	2.0	34.0	2.0	35.0
>>END_MODULE
>>Per sequence quality scores	pass
#Quality	Count
2	623752.0
3	83910.0
4	54176.0
5	44069.0
6	43042.0
7	43576.0
8	46296.0
9	49223.0
10	51975.0
11	52882.0
12	50936.0
13	49806.0
14	49485.0
15	49696.0
16	49763.0
17	49980.0
18	49331.0
19	49533.0
20	50722.0
21	53680.0
22	58807.0
23	67852.0
24	81431.0
25	97596.0
26	114949.0
27	133772.0
28	154479.0
29	178522.0
30	208277.0
31	246282.0
32	298431.0
33	371627.0
34	481735.0
35	654154.0
36	944962.0
37	1149037.0
38	755627.0
39	125829.0
40	218.0
>>END_MODULE
>>Per base sequence content	fail
#Base	G	A	T	C
1	40.58848044437326	12.266929264058628	10.420713056108033	36.72387723546009
2	29.082117657086787	19.638940516581847	27.53763970661611	23.741302119715264
3	29.02629114882848	25.263179181961824	20.13932775311928	25.571201916090413
4	31.898434362304634	29.281223428306824	17.76163588254406	21.05870632684448
5	30.24826752945754	30.127081754515984	20.500615196022203	19.124035520004274
6	23.105476675268136	32.95395887286919	22.620323704015604	21.320240747847073
7	22.515101357660882	18.199055769038104	35.90615339093798	23.37968948236303
8	23.413948551667026	20.65922914977868	28.254218189193374	27.672604109360915
9	22.68422672563218	20.129322382595454	30.386859114545366	26.799591777227
10-14	25.49687629320611	25.615157829859776	24.424513884114837	24.463451992819273
15-19	25.391613961989385	24.641715768269982	25.28459748090695	24.682072788833683
20-24	25.267668318337737	25.21994477096276	25.135323899332253	24.37706301136725
25-29	25.227101946823606	25.078930114774074	25.06105401056113	24.632913927841187
30-34	25.06386652880594	25.191138138044405	25.140433257507166	24.604562075642484
35-39	25.213347709098326	25.15275373522437	24.935893820342613	24.69800473533469
40-44	25.36861276907153	25.062469612171405	24.887731740364163	24.681185878392903
45-49	25.267973777602514	24.989454504604844	24.87876633074354	24.8638053870491
50-54	25.130705287822234	25.16958522827683	24.928469981549654	24.77123950235128
55-59	25.496182557098212	24.77731399467437	24.76985918047797	24.95664426774945
60-64	25.30472625209443	24.92216142852403	24.79963482307271	24.97347749630883
65-69	25.27459712798943	24.9194066763747	24.84290156545434	24.963094630181537
70-74	25.418515006647596	24.963589585792143	24.67663467415997	24.941260733400295
75-79	25.32901048789577	24.792709506170706	24.8343157357627	25.043964270170825
80-84	25.33918314945211	24.923406117406184	24.706218058988107	25.0311926741536
85-89	25.487735656637582	24.87050816110701	24.57938742521012	25.062368757045295
90-94	25.364075181764466	24.844502274701213	24.660679159809575	25.130743383724745
95-99	25.306120153209893	24.89829258867925	24.692928583507282	25.102658674603575
100	25.92640927542603	24.334346740118896	24.16576672221634	25.573477262238736
>>END_MODULE
>>Per base GC content	fail
#Base	%GC
1	77.31235767983334
2	52.82341977680205
3	54.597493064918886
4	52.95714068914912
5	49.37230304946181
6	44.42571742311521
7	45.894790840023916
8	51.08655266102794
9	49.48381850285918
10-14	49.96032828602539
15-19	50.073686750823065
20-24	49.64473132970499
25-29	49.86001587466479
30-34	49.66842860444842
35-39	49.911352444433014
40-44	50.04979864746443
45-49	50.13177916465161
50-54	49.901944790173516
55-59	50.45282682484766
60-64	50.27820374840326
65-69	50.23769175817097
70-74	50.35977574004789
75-79	50.37297475806659
80-84	50.370375823605706
85-89	50.550104413682874
90-94	50.49481856548921
95-99	50.408778827813464
100	51.499886537664764
>>END_MODULE
>>Per sequence GC content	warn
#GC Content	Count
0	6023.0
1	3827.5
2	1460.0
3	1232.5
4	1102.0
5	1019.5
6	979.0
7	952.5
8	980.5
9	1007.0
10	1018.0
11	1065.0
12	1116.0
13	1164.0
14	1255.0
15	1412.0
16	1627.5
17	1861.5
18	2263.0
19	2973.0
20	3948.5
21	5308.0
22	7227.0
23	9771.0
24	13395.0
25	18076.0
26	23344.0
27	29348.0
28	36883.5
29	45512.5
30	55226.0
31	66490.5
32	77725.0
33	87224.5
34	96724.5
35	105922.0
36	113452.0
37	122440.0
38	131840.5
39	141348.5
40	150077.5
41	157979.5
42	166529.0
43	176611.0
44	191454.5
45	205481.5
46	217464.5
47	230048.0
48	241570.5
49	252043.5
50	265022.0
51	280558.5
52	292240.5
53	301697.5
54	305547.0
55	305320.5
56	301407.5
57	292388.5
58	279537.0
59	258211.0
60	234250.0
61	207922.0
62	183283.0
63	160692.5
64	137300.0
65	118692.5
66	103458.5
67	88861.0
68	75962.5
69	61311.0
70	46997.0
71	36540.0
72	28675.5
73	23542.5
74	20498.0
75	18799.5
76	15612.5
77	11848.0
78	8702.0
79	6577.5
80	5756.0
81	5710.0
82	5709.5
83	5165.5
84	3969.5
85	2617.5
86	1752.0
87	1308.0
88	904.5
89	701.0
90	609.5
91	503.0
92	411.0
93	342.0
94	248.0
95	166.5
96	106.5
97	75.5
98	57.0
99	34.5
100	19.0
>>END_MODULE
>>Per base N content	pass
#Base	N-Count
1	0.03451036476833752
2	0.3017325135826267
3	0.06968140093426708
4	0.04232183246927878
5	0.05172668412911851
6	0.042710462703156454
7	0.048229012024219434
8	0.040611859440217016
9	0.039445968738583984
10-14	0.05310243515704548
15-19	0.04904513551536255
20-24	0.08634845623116763
25-29	0.038521028781955124
30-34	0.059341245844895085
35-39	0.04496710892787282
40-44	0.04856064315712838
45-49	0.04312759248751849
50-54	0.04351104098494447
55-59	0.04664340066999852
60-64	0.0480346969072806
65-69	0.04319236419316477
70-74	0.038168670703239364
75-79	0.04233219594218218
80-84	0.051643776345891276
85-89	0.05621147702806687
90-94	0.041425392063134274
95-99	0.04358876703172
100	0.04149275463700641
>>END_MODULE
>>Sequence Length Distribution	pass
#Length	Count
100	7719420.0
>>END_MODULE
>>Sequence Duplication Levels	warn
#Total Duplicate Percentage	35.77844931075878
#Duplication Level	Relative count
1	100.0
2	16.197556329050464
3	5.639350837236618
4	3.0209273344506036
5	2.02899173506367
6	1.4968558864394883
7	1.2182544798246744
8	1.0370561356767365
9	0.8802085571455173
10++	11.720596450517812
>>END_MODULE
>>Overrepresented sequences	warn
#Sequence	Count	Percentage	Possible Source
TTTTTTTTTTTTTTTTTTTTTTTTTTTTTTTTTTTTTTTTTTTTTTTTTT	11681	0.1513196587308373	No Hit
>>END_MODULE
>>Kmer Content	warn
#Sequence	Count	Obs/Exp Overall	Obs/Exp Max	Max Obs/Exp Position
TTTTT	4717985	6.887673	9.929052	2
AAAAA	3300095	4.733988	9.0475445	2
GGAGG	1792345	2.276785	5.0261955	1
GAAGA	1591240	2.1480093	5.1718917	2
CTGGA	1540745	2.0830197	5.6999965	1
GAAAA	1441050	2.0053015	6.266697	1
GGAGA	1479650	1.9375793	5.439649	1
AAAAT	1314285	1.8919659	5.5886025	3
GTTTT	1305460	1.8422831	6.7796316	1
GGAAA	1197610	1.61665	6.777353	1
GGGAG	1170295	1.4866055	5.1710587	1
>>END_MODULE
