##FastQC	0.10.1
>>Basic Statistics	pass
#Measure	Value	
Filename	F_chrysotus_NA_BW_1_R2.fastq.gz	
File type	Conventional base calls	
Encoding	Sanger / Illumina 1.9	
Total Sequences	13768147	
Filtered Sequences	0	
Sequence length	100	
%GC	47	
>>END_MODULE
>>Per base sequence quality	pass
#Base	Mean	Median	Lower Quartile	Upper Quartile	10th Percentile	90th Percentile
1	29.289616097213372	31.0	30.0	34.0	23.0	34.0
2	29.198210550773464	31.0	30.0	34.0	22.0	34.0
3	29.277209634673426	31.0	30.0	34.0	22.0	34.0
4	32.61523812899441	37.0	33.0	37.0	24.0	37.0
5	32.578417996263404	37.0	33.0	37.0	24.0	37.0
6	32.48658218132041	36.0	33.0	37.0	23.0	37.0
7	32.48173890066688	36.0	33.0	37.0	23.0	37.0
8	32.415522800562776	36.0	33.0	37.0	22.0	37.0
9	33.773349311276235	38.0	34.0	39.0	22.0	39.0
10-14	33.860732341105894	38.2	34.0	39.4	21.0	39.4
15-19	34.46503142361859	39.0	34.0	41.0	18.2	41.0
20-24	34.19611273761095	39.0	34.0	41.0	17.6	41.0
25-29	33.974914518271774	39.0	33.2	41.0	16.2	41.0
30-34	33.6321582998787	38.2	33.0	40.4	12.0	41.0
35-39	33.21547095625867	38.0	32.6	40.0	8.4	41.0
40-44	32.76695436212295	38.0	32.0	40.0	3.8	41.0
45-49	32.36977795196405	38.0	31.0	40.0	2.0	41.0
50-54	31.53672400505311	36.4	30.4	39.6	2.0	40.6
55-59	31.567987849054777	36.2	31.0	40.0	2.0	41.0
60-64	30.83283409161741	35.2	30.0	39.0	2.0	41.0
65-69	30.002450990681602	35.0	29.0	37.8	2.0	40.0
70-74	29.30213309024083	34.8	29.0	36.4	2.0	39.2
75-79	28.535018575847566	34.0	28.4	35.4	2.0	37.6
80-84	27.865121893309247	34.0	27.2	35.0	2.0	36.4
85-89	27.29838655848169	34.0	26.6	35.0	2.0	35.6
90-94	26.784209407409726	34.0	25.4	35.0	2.0	35.0
95-99	26.141784308374973	33.2	24.2	35.0	2.0	35.0
100	24.831379269846554	32.0	18.0	35.0	2.0	35.0
>>END_MODULE
>>Per sequence quality scores	pass
#Quality	Count
2	739227.0
3	103831.0
4	69659.0
5	58319.0
6	59764.0
7	58190.0
8	60465.0
9	65697.0
10	71508.0
11	74745.0
12	74536.0
13	75507.0
14	77727.0
15	78897.0
16	78799.0
17	76316.0
18	74812.0
19	74243.0
20	75155.0
21	79129.0
22	87702.0
23	102524.0
24	123665.0
25	150371.0
26	180340.0
27	212316.0
28	247038.0
29	289832.0
30	341286.0
31	409158.0
32	503003.0
33	633815.0
34	833602.0
35	1166779.0
36	1727294.0
37	2390010.0
38	1878042.0
39	364229.0
40	615.0
>>END_MODULE
>>Per base sequence content	fail
#Base	G	A	T	C
1	36.95336343500215	14.671032488790342	9.046259628128674	39.329344448078835
2	25.292749177015832	17.237775474252025	38.850624046987065	18.618851301745075
3	25.86259642743937	22.193118649806152	23.794919125349985	28.149365797404492
4	26.99963029822319	28.72558827487327	20.48708790386359	23.787693523039948
5	28.552920858265402	29.956606534177823	22.83277928194184	18.657693325614936
6	22.072410672874565	33.38231029468794	24.314696147498523	20.23058288493897
7	19.87810759612283	18.86693735943101	39.31058728344718	21.94436776099898
8	20.463198089415783	21.422275849460984	31.51617454164551	26.59835151947772
9	21.86784861172923	20.65193958274675	32.509510358670674	24.970701446853344
10-14	23.575110646845918	26.84790798991471	26.776984363082924	22.799997000156445
15-19	23.879366024552343	25.515446698283984	27.176993031184736	23.428194245978936
20-24	23.77910010020237	25.865569467874767	27.010701837815056	23.34462859410781
25-29	23.792701212298827	26.029220686132152	26.85203892222143	23.32603917934759
30-34	23.66874735163868	25.963969364423367	26.8978975014382	23.469385782499756
35-39	23.687074785246132	26.06617596621511	26.81056410225407	23.43618514628469
40-44	23.861618621521078	26.00300715977134	26.633560819223597	23.50181339948399
45-49	23.79494948945943	26.06274805743055	26.57482326055669	23.567479192553325
50-54	23.70353336058576	26.17491704488498	26.618590249667466	23.50295934486179
55-59	23.86864615630783	26.01320662541749	26.51558390664429	23.60256331163039
60-64	23.81437543340964	26.003452089845602	26.481233648698225	23.700938828046525
65-69	23.74993313223132	26.1581028861604	26.4435739431234	23.64839003848488
70-74	23.860290504470214	26.146729070574988	26.348151129961217	23.64482929499358
75-79	23.79308943205808	26.139345958889415	26.33222389849851	23.735340710554
80-84	23.819910104459076	26.165889705047196	26.31056291136388	23.703637279129847
85-89	23.953749448398604	26.189673091664105	26.154736580347066	23.701840879590225
90-94	23.874957734870705	26.123254076137208	26.153000065961724	23.848788123030367
95-99	23.898906375013958	26.268263686952093	26.149576379903433	23.683253558130513
100	24.30704955568977	26.02682980421518	25.68240726800507	23.983713372089984
>>END_MODULE
>>Per base GC content	fail
#Base	%GC
1	76.28270788308097
2	43.9116004787609
3	54.011962224843856
4	50.78732382126314
5	47.21061418388034
6	42.30299355781354
7	41.82247535712181
8	47.06154960889351
9	46.83855005858257
10-14	46.37510764700236
15-19	47.307560270531276
20-24	47.12372869431019
25-29	47.11874039164641
30-34	47.138133134138435
35-39	47.12325993153082
40-44	47.36343202100507
45-49	47.362428682012755
50-54	47.206492705447545
55-59	47.47120946793822
60-64	47.51531426145617
65-69	47.3983231707162
70-74	47.5051197994638
75-79	47.52843014261208
80-84	47.52354738358892
85-89	47.655590327988826
90-94	47.72374585790107
95-99	47.582159933144474
100	48.29076292777975
>>END_MODULE
>>Per sequence GC content	warn
#GC Content	Count
0	56528.0
1	34025.5
2	10115.0
3	8336.0
4	7840.5
5	7418.5
6	7135.5
7	7129.5
8	7127.0
9	7077.5
10	7041.0
11	7103.5
12	7081.0
13	7067.5
14	7229.0
15	7310.0
16	7351.0
17	7831.5
18	8834.5
19	10407.0
20	12765.0
21	16239.0
22	21373.5
23	28778.5
24	37637.5
25	48386.0
26	61940.5
27	76353.5
28	92538.0
29	111855.0
30	133370.0
31	156923.5
32	182137.0
33	204175.5
34	224125.5
35	242027.0
36	257740.0
37	273822.5
38	290965.5
39	305030.0
40	315564.0
41	330924.5
42	348508.5
43	365018.5
44	385677.5
45	407685.0
46	428062.0
47	446750.0
48	469851.0
49	492143.5
50	503689.5
51	514241.5
52	527613.5
53	532205.0
54	526255.5
55	514456.0
56	494353.0
57	461975.0
58	420653.5
59	376976.5
60	330905.5
61	287736.5
62	246037.0
63	206407.0
64	172213.5
65	142092.5
66	116515.0
67	96236.5
68	78381.0
69	60774.5
70	46321.0
71	34893.0
72	24881.0
73	18231.5
74	14454.5
75	11585.0
76	8740.5
77	6743.5
78	5378.0
79	3923.5
80	3209.5
81	2790.0
82	1982.5
83	1345.5
84	1033.5
85	787.5
86	544.5
87	394.5
88	317.0
89	232.0
90	159.5
91	123.0
92	91.5
93	59.5
94	41.5
95	29.0
96	17.5
97	10.0
98	6.0
99	5.0
100	4.5
>>END_MODULE
>>Per base N content	pass
#Base	N-Count
1	0.03318529356201673
2	0.3284537853931978
3	0.07266046767222924
4	0.04142169603505831
5	0.0514884101687758
6	0.04280895606358648
7	0.0484161013097841
8	0.04107306524254861
9	0.04010706742163633
10-14	0.05396078353899039
15-19	0.04989487692134607
20-24	0.09140227802622967
25-29	0.03815473498358203
30-34	0.059726265270119504
35-39	0.044739499077108925
40-44	0.0478655551832792
45-49	0.04292952421266275
50-54	0.0431837341655344
55-59	0.046614842215150665
60-64	0.048140101932380594
65-69	0.04293388209756912
70-74	0.03780900944767659
75-79	0.0418676529238103
80-84	0.05130683163101033
85-89	0.05634454658277545
90-94	0.040815950033072715
95-99	0.04309948172401123
100	0.04133453833693089
>>END_MODULE
>>Sequence Length Distribution	pass
#Length	Count
100	1.3768147E7
>>END_MODULE
>>Sequence Duplication Levels	warn
#Total Duplicate Percentage	44.39681681793615
#Duplication Level	Relative count
1	100.0
2	21.530920060331827
3	8.985252220546338
4	5.275682922741746
5	3.5503603150661975
6	2.498743086978381
7	2.1057482822188707
8	1.710239651416122
9	1.44880174291939
10++	20.482654600301657
>>END_MODULE
>>Overrepresented sequences	warn
#Sequence	Count	Percentage	Possible Source
TTTTTTTTTTTTTTTTTTTTTTTTTTTTTTTTTTTTTTTTTTTTTTTTTT	96487	0.7007987349350643	No Hit
>>END_MODULE
>>Kmer Content	fail
#Sequence	Count	Obs/Exp Overall	Obs/Exp Max	Max Obs/Exp Position
TTTTT	18650220	10.620025	16.28064	2
AAAAA	8906525	5.873047	7.7446027	95-96
GGAGG	2871935	2.5638597	5.143199	1
CTCCT	2960375	2.398481	7.3548503	1
CTCCA	2811320	2.3455384	7.017283	1
CTGGA	2743035	2.2321975	7.049286	1
GGGGG	2307980	2.2225053	6.026621	1
GAAGA	2844860	2.1827216	5.4677844	2
CTCTG	2707475	2.1663992	5.2029414	1
GGAGA	2484225	2.0559828	5.468338	1
GAAAA	2853245	2.0294826	5.1442947	2
GGAAG	2090620	1.7302293	5.6878204	1
GTTTT	2717420	1.7188269	7.0388474	1
CTCAG	2042615	1.6830744	5.340414	1
GGAAA	2192430	1.682144	6.342033	1
CTGGG	1829250	1.605704	6.2371554	1
GTGGA	1935275	1.5553513	5.0684605	1
GGGAG	1721070	1.5364492	5.8242326	1
GGGGA	1601475	1.4296832	5.688026	1
GGGAA	1673805	1.3852667	5.5041885	1
>>END_MODULE
