##FastQC	0.10.1
>>Basic Statistics	pass
#Measure	Value	
Filename	F_chrysotus_NA_FW_1_R1.fastq.gz	
File type	Conventional base calls	
Encoding	Sanger / Illumina 1.9	
Total Sequences	14275369	
Filtered Sequences	0	
Sequence length	100	
%GC	48	
>>END_MODULE
>>Per base sequence quality	pass
#Base	Mean	Median	Lower Quartile	Upper Quartile	10th Percentile	90th Percentile
1	30.14023196177976	31.0	30.0	34.0	26.0	34.0
2	30.450924946318377	31.0	30.0	34.0	26.0	34.0
3	30.01743513600244	31.0	30.0	34.0	25.0	34.0
4	31.792920939556797	35.0	32.0	37.0	17.0	37.0
5	32.85431164686531	35.0	33.0	37.0	19.0	37.0
6	33.26320671640782	36.0	33.0	37.0	28.0	37.0
7	33.40532080116458	36.0	35.0	37.0	28.0	37.0
8	33.39528596423672	37.0	35.0	37.0	28.0	37.0
9	34.84495413043263	39.0	35.0	39.0	27.0	39.0
10-14	34.915199964358195	39.0	35.2	39.4	27.0	39.4
15-19	35.09037416826143	39.0	34.6	41.0	22.8	41.0
20-24	35.32426228702039	39.0	35.0	41.0	25.4	41.0
25-29	35.005501055699504	39.0	34.2	41.0	24.4	41.0
30-34	34.617324119607694	39.0	34.0	41.0	23.0	41.0
35-39	34.24347231934951	38.0	33.2	40.0	21.0	41.0
40-44	34.01051377375954	38.0	33.0	40.0	19.4	41.0
45-49	33.54061453682914	38.0	33.0	40.0	16.4	41.0
50-54	32.90065859593542	37.2	32.0	40.0	10.8	41.0
55-59	31.561650518455945	35.8	30.6	39.6	6.0	41.0
60-64	31.350327070354535	35.0	30.6	38.8	2.0	40.6
65-69	30.630934850090387	35.0	30.0	37.4	2.0	40.0
70-74	29.849215344275866	34.4	29.4	36.2	2.0	39.0
75-79	28.77142260911084	33.8	28.2	35.0	2.0	37.0
80-84	28.721196376780178	34.0	29.0	35.0	2.0	36.2
85-89	28.210684921699748	34.0	29.0	35.0	2.0	35.4
90-94	27.161453115502656	34.0	26.2	35.0	2.0	35.0
95-99	26.938437934599097	33.6	26.8	35.0	2.0	35.0
100	25.778487056972047	33.0	23.0	35.0	2.0	35.0
>>END_MODULE
>>Per sequence quality scores	pass
#Quality	Count
2	408734.0
3	128775.0
4	73103.0
5	56174.0
6	53385.0
7	53396.0
8	56603.0
9	62291.0
10	68045.0
11	72124.0
12	75398.0
13	77749.0
14	79208.0
15	79189.0
16	78652.0
17	76995.0
18	75476.0
19	74289.0
20	74954.0
21	77958.0
22	86700.0
23	102362.0
24	124802.0
25	152766.0
26	187616.0
27	227553.0
28	272897.0
29	320547.0
30	381851.0
31	460987.0
32	566998.0
33	721322.0
34	966323.0
35	1360785.0
36	1997588.0
37	2531602.0
38	1729507.0
39	280235.0
40	430.0
>>END_MODULE
>>Per base sequence content	fail
#Base	G	A	T	C
1	38.614240326551226	14.85522615215211	9.793408658937727	36.73712486235894
2	24.16778407314504	19.571027997380853	35.25478443903276	21.00640349044135
3	25.475923004951106	23.247308471411273	23.792024091706303	27.48474443193132
4	27.217857152727042	29.81018189974024	19.75838093100656	23.21358001652616
5	28.4933435802662	30.397374562059216	22.041572936888187	19.067708920786398
6	23.122040376323696	33.69499962973506	23.176119375379503	20.006840618561743
7	20.611184771699858	19.617562007717137	37.38410367518658	22.38714954539643
8	22.18023657039486	22.308701735358678	29.246962649397858	26.264099044848603
9	23.06434821284002	21.211506772417472	30.67271981919574	25.051425195546763
10-14	24.16423015091845	27.09868228951498	25.597402664192938	23.139684895373634
15-19	24.298868744382442	25.793588864758092	26.254376649620298	23.653165741239164
20-24	24.17004919753645	26.013643294056248	26.16389040541136	23.65241710299594
25-29	24.195632268605095	26.07727038056454	26.008456958559396	23.718640392270974
30-34	24.002562883657482	26.075295391959003	26.054667611575294	23.867474112808218
35-39	24.095995115563618	26.113221267829438	25.942610142550866	23.84817347405608
40-44	24.13477142711289	26.06479885768382	25.901484715927126	23.898944999276168
45-49	24.096952019667008	26.00966046521605	25.952431416319687	23.940956098797248
50-54	24.136414464170713	26.03969754716825	25.856799090230975	23.967088898430063
55-59	24.19218987385622	25.90330838453528	25.858488211710593	24.04601352989791
60-64	24.177799174564857	25.848728245981007	25.88402341754493	24.0894491619092
65-69	24.11212986304166	26.131384916209054	25.73088409193039	24.025601128818895
70-74	24.193595141981866	26.07797393041705	25.679928645455824	24.04850228214526
75-79	24.128430353896402	25.958222369426863	25.744972718570875	24.168374558105857
80-84	24.16213256105095	25.977668581204327	25.7523491879521	24.10784966979262
85-89	24.2271034497813	25.954520251622053	25.626980832661538	24.191395465935106
90-94	24.124980350351795	25.9231684501188	25.63360786697284	24.318243332556566
95-99	24.113031447555354	25.99335565414911	25.66504058579377	24.22857231250177
100	24.45983806227879	25.767111669299638	25.267102807496343	24.505947460925228
>>END_MODULE
>>Per base GC content	fail
#Base	%GC
1	75.35136518891017
2	45.174187563586386
3	52.960667436882424
4	50.4314371692532
5	47.5610525010526
6	43.128880994885435
7	42.99833431709628
8	48.44433561524347
9	48.11577340838678
10-14	47.30391504629208
15-19	47.95203448562161
20-24	47.82246630053239
25-29	47.914272660876065
30-34	47.8700369964657
35-39	47.94416858961969
40-44	48.033716426389056
45-49	48.03790811846426
50-54	48.103503362600776
55-59	48.23820340375413
60-64	48.26724833647406
65-69	48.13773099186056
70-74	48.24209742412713
75-79	48.29680491200226
80-84	48.269982230843574
85-89	48.418498915716405
90-94	48.44322368290836
95-99	48.341603760057126
100	48.96578552320402
>>END_MODULE
>>Per sequence GC content	warn
#GC Content	Count
0	16682.0
1	14251.5
2	10343.0
3	8281.0
4	6431.5
5	4341.0
6	3369.5
7	3091.0
8	2997.5
9	2978.5
10	2947.0
11	2931.0
12	2950.5
13	3082.5
14	3323.0
15	3555.5
16	3941.5
17	4703.0
18	5738.5
19	7617.5
20	10494.0
21	14119.0
22	19555.5
23	27511.5
24	36652.0
25	47019.0
26	60370.0
27	75105.0
28	91315.5
29	110736.0
30	133690.5
31	158708.5
32	181597.0
33	200581.0
34	220000.0
35	239198.0
36	258639.5
37	277936.5
38	294230.0
39	308756.5
40	320600.5
41	335484.5
42	353353.0
43	374859.0
44	400541.0
45	423225.0
46	442192.0
47	460660.5
48	483565.0
49	503221.5
50	515790.5
51	531708.5
52	549757.5
53	556474.5
54	553819.0
55	545101.0
56	526724.5
57	497686.5
58	459071.0
59	415437.5
60	367250.5
61	320343.0
62	275287.0
63	232506.0
64	195383.5
65	162167.0
66	133379.0
67	108613.5
68	86687.0
69	67706.0
70	51505.5
71	38119.0
72	27331.0
73	20353.5
74	16198.0
75	12700.5
76	9410.0
77	6745.0
78	5051.0
79	3933.5
80	3478.0
81	3142.5
82	2169.0
83	1350.0
84	1051.0
85	831.5
86	591.0
87	397.0
88	268.5
89	202.5
90	162.5
91	119.0
92	79.0
93	56.5
94	41.0
95	24.5
96	14.5
97	8.0
98	5.0
99	4.0
100	1.5
>>END_MODULE
>>Per base N content	pass
#Base	N-Count
1	0.12097060328177857
2	0.003488526286080591
3	0.004069947333760689
4	3.6779924918228035
5	0.008258980906202845
6	0.012651161591689853
7	0.013617861646868812
8	0.015684358141635428
9	0.018885676440307777
10-14	0.022026751112353034
15-19	0.17172095516410119
20-24	0.005266413778866242
25-29	0.005801601345646477
30-34	0.0167000937068597
35-39	0.017111991991240298
40-44	0.019286366608106592
45-49	0.008053031764012546
50-54	0.009305538792027022
55-59	0.9134544963426164
60-64	0.0023018669429841006
65-69	0.0023971359339292737
70-74	0.0035781912187348715
75-79	0.0032013182986723497
80-84	0.003652444991089197
85-89	0.004834901290467518
90-94	0.9735902448476114
95-99	0.010214797249724333
100	0.004357155321168931
>>END_MODULE
>>Sequence Length Distribution	pass
#Length	Count
100	1.4275369E7
>>END_MODULE
>>Sequence Duplication Levels	warn
#Total Duplicate Percentage	39.62648977588433
#Duplication Level	Relative count
1	100.0
2	20.02967827487134
3	8.1441606415559
4	4.3870173333754305
5	3.029394121175765
6	2.1800902977299277
7	1.6599311716604048
8	1.3860385817573329
9	1.152401098727623
10++	15.894452688409686
>>END_MODULE
>>Overrepresented sequences	warn
#Sequence	Count	Percentage	Possible Source
GATCGGAAGAGCACACGTCTGAACTCCAGTCACTCCGGAGAATCTCGTAT	17073	0.11959760900050989	TruSeq Adapter, Index 6 (97% over 36bp)
>>END_MODULE
>>Kmer Content	fail
#Sequence	Count	Obs/Exp Overall	Obs/Exp Max	Max Obs/Exp Position
TTTTT	11907530	7.6095705	10.088993	10-14
AAAAA	7999075	5.0916963	7.469734	2
CTCCT	3071095	2.4442735	5.737534	1
CTCCA	2969885	2.3618538	5.5411015	1
CTGGA	2911910	2.25865	5.677737	1
GAAAA	2932555	1.9850138	5.4954014	1
CTTTT	2691995	1.8509104	5.6116824	1
GTTTT	2647340	1.7976273	7.0581303	1
GGAAA	2219590	1.5976615	6.0260334	1
>>END_MODULE
