##FastQC	0.10.1
>>Basic Statistics	pass
#Measure	Value	
Filename	L_parva_NA_FW_1_R2.fastq.gz	
File type	Conventional base calls	
Encoding	Sanger / Illumina 1.9	
Total Sequences	10801489	
Filtered Sequences	0	
Sequence length	100	
%GC	49	
>>END_MODULE
>>Per base sequence quality	pass
#Base	Mean	Median	Lower Quartile	Upper Quartile	10th Percentile	90th Percentile
1	29.433184443367022	31.0	30.0	34.0	23.0	34.0
2	29.482152321777118	31.0	30.0	34.0	23.0	34.0
3	29.516203275307692	31.0	30.0	34.0	23.0	34.0
4	32.79106537996752	37.0	35.0	37.0	25.0	37.0
5	32.72431587904223	37.0	35.0	37.0	25.0	37.0
6	32.65903923060978	37.0	35.0	37.0	23.0	37.0
7	32.680667730162014	37.0	35.0	37.0	24.0	37.0
8	32.60643342783574	37.0	35.0	37.0	23.0	37.0
9	33.998594453042536	39.0	35.0	39.0	23.0	39.0
10-14	34.04871261730675	39.2	35.0	39.4	21.0	39.4
15-19	34.72339863513262	39.8	35.0	41.0	18.2	41.0
20-24	34.42939178107759	39.0	34.0	41.0	17.0	41.0
25-29	34.12208257583747	39.0	34.0	41.0	13.6	41.0
30-34	33.273449077252224	38.6	32.6	40.8	8.6	41.0
35-39	33.072811868808095	38.0	32.8	40.0	5.0	41.0
40-44	32.68291103198827	38.0	32.0	40.0	2.0	41.0
45-49	32.27672440345957	37.8	31.6	40.0	2.0	41.0
50-54	31.430465744121015	36.0	30.6	39.6	2.0	40.6
55-59	31.333296289057927	35.8	31.0	39.8	2.0	41.0
60-64	30.590990538434102	35.0	30.0	38.8	2.0	41.0
65-69	29.803788551745043	35.0	29.0	37.4	2.0	40.0
70-74	29.102921254652948	34.8	29.0	36.2	2.0	39.0
75-79	28.38797895364241	34.0	28.4	35.0	2.0	37.4
80-84	27.74189310381189	34.0	27.0	35.0	2.0	36.2
85-89	27.18852704474355	34.0	26.2	35.0	2.0	35.4
90-94	26.640575720625186	34.0	24.8	35.0	2.0	35.0
95-99	25.995944596157067	33.4	23.0	35.0	2.0	35.0
100	24.72107715889911	32.0	17.0	35.0	2.0	35.0
>>END_MODULE
>>Per sequence quality scores	pass
#Quality	Count
2	633420.0
3	88175.0
4	56933.0
5	47957.0
6	48110.0
7	48292.0
8	50441.0
9	53028.0
10	55869.0
11	56832.0
12	55216.0
13	54078.0
14	53634.0
15	54151.0
16	55148.0
17	53893.0
18	54103.0
19	54473.0
20	56355.0
21	60185.0
22	66885.0
23	76606.0
24	91996.0
25	109904.0
26	129353.0
27	152662.0
28	179888.0
29	212037.0
30	251805.0
31	303861.0
32	378090.0
33	486587.0
34	657341.0
35	952483.0
36	1467693.0
37	1935578.0
38	1382960.0
39	275026.0
40	441.0
>>END_MODULE
>>Per base sequence content	fail
#Base	G	A	T	C
1	33.58087338420403	14.6256799147195	7.563272704034615	44.23017399704185
2	25.07447398579214	17.297416864245037	39.21326755909474	18.41484159086808
3	25.153494974974667	22.522484641703976	23.06301071410809	29.261009669213266
4	27.074537673932014	29.35473008203962	19.332026606983526	24.23870563704484
5	29.209060783183006	30.149364989006628	21.674132353559568	18.9674418742508
6	22.312261094557144	33.36341077649814	23.278246201360624	21.046081927584087
7	20.72397671228525	18.483458937486205	37.678995295204416	23.11356905502413
8	20.91279919529179	20.871359686415733	30.327246152905673	27.888594965386805
9	22.500582769094613	19.920848982277246	31.432180171366063	26.146388077262078
10-14	24.44623337863869	26.244020251403516	25.183587452602513	24.126158917355284
15-19	24.77209352800436	24.940478822606003	25.755962348310824	24.531465301078818
20-24	24.592433212042987	25.458508584115947	25.521776890753145	24.42728131308792
25-29	24.70099534985787	25.48338933847844	25.435687357120944	24.379927954542744
30-34	24.796274334759605	25.45119512776531	25.370507605530296	24.382022931944793
35-39	24.657684031237583	25.406771161482165	25.406094947940076	24.529449859340172
40-44	24.889389477657687	25.33807162916736	25.194390816111166	24.578148077063787
45-49	24.84528006100212	25.367269994740283	25.131313668830064	24.656136275427535
50-54	24.803881173774776	25.416358436575205	25.162014184877577	24.61774620477244
55-59	25.065859774754596	25.17978639629347	24.994289679169746	24.760064149782192
60-64	24.994429159333603	25.13987224316572	25.041556424051482	24.824142173449196
65-69	24.949607732396316	25.196100450952198	25.08901445045868	24.7652773661928
70-74	25.145863187186578	25.180170858763244	24.984817044248373	24.6891489098018
75-79	25.152022237580585	25.093757081896328	24.91326645478843	24.840954225734656
80-84	25.137446076032298	25.059679393311303	24.979572651021616	24.823301879634784
85-89	25.221552953529258	25.17332788577257	24.768184698693098	24.83693446200508
90-94	25.177630610105204	25.060706803880635	24.826751740022722	24.934910845991435
95-99	25.092170312720018	25.156405582240183	24.874590334353712	24.87683377068609
100	25.539331746881416	24.723372056629497	24.2763175506037	25.46097864588539
>>END_MODULE
>>Per base GC content	fail
#Base	%GC
1	77.81104738124588
2	43.489315576660225
3	54.414504644187936
4	51.31324331097685
5	48.1765026574338
6	43.358343022141234
7	43.83754576730938
8	48.80139416067859
9	48.64697084635669
10-14	48.57239229599397
15-19	49.30355882908317
20-24	49.01971452513091
25-29	49.08092330440061
30-34	49.1782972667044
35-39	49.187133890577755
40-44	49.46753755472147
45-49	49.501416336429656
50-54	49.421627378547214
55-59	49.82592392453679
60-64	49.818571332782795
65-69	49.714885098589114
70-74	49.835012096988386
75-79	49.992976463315244
80-84	49.96074795566708
85-89	50.05848741553434
90-94	50.112541456096636
95-99	49.96900408340611
100	51.0003103927668
>>END_MODULE
>>Per sequence GC content	warn
#GC Content	Count
0	9466.0
1	6378.5
2	2930.0
3	2529.0
4	2315.0
5	2066.5
6	1931.5
7	1856.0
8	1873.0
9	1910.0
10	1909.5
11	1937.5
12	1930.5
13	2000.0
14	2179.0
15	2335.5
16	2596.5
17	2965.0
18	3648.0
19	4946.0
20	6923.5
21	9805.0
22	13731.0
23	18888.5
24	25209.5
25	33214.0
26	43119.0
27	54775.5
28	68192.0
29	82682.5
30	97152.0
31	112450.0
32	128182.5
33	141498.5
34	154386.0
35	167299.5
36	178616.0
37	188693.5
38	198119.0
39	208111.0
40	218058.0
41	232026.0
42	245566.0
43	257870.0
44	277682.0
45	298560.0
46	318980.0
47	335926.5
48	347453.0
49	357639.5
50	372794.5
51	385552.0
52	395067.0
53	397964.0
54	385522.5
55	378806.5
56	374714.5
57	355550.5
58	336630.0
59	319263.0
60	298051.5
61	268705.0
62	232042.0
63	202303.5
64	181772.0
65	165218.0
66	142608.5
67	122924.5
68	108373.0
69	89896.0
70	71524.0
71	55896.5
72	44181.5
73	39778.5
74	35951.5
75	31420.0
76	26106.0
77	20864.5
78	17490.0
79	15161.5
80	15673.0
81	14115.0
82	9394.5
83	5534.5
84	3330.0
85	2065.0
86	1224.5
87	783.0
88	496.0
89	305.5
90	187.0
91	132.0
92	96.0
93	72.5
94	47.0
95	29.5
96	29.5
97	25.0
98	16.0
99	11.5
100	7.0
>>END_MODULE
>>Per base N content	pass
#Base	N-Count
1	0.03868911036246947
2	0.053446335037697114
3	0.03916126748821389
4	0.037244865036663
5	0.04613252858008743
6	0.03524514073939251
7	0.038957591865343755
8	0.04655839579154319
9	0.03612464911087722
10-14	0.03241775277464061
15-19	0.05013753196434306
20-24	0.04856922966824296
25-29	0.029582958423602524
30-34	0.05569232167898333
35-39	0.0563126065304515
40-44	0.09192991818072489
45-49	0.06825725601349962
50-54	0.06539653931045988
55-59	0.07290476340808198
60-64	0.06377268911721337
65-69	0.06641862061795369
70-74	0.0631283335103151
75-79	0.05886040341289983
80-84	0.06380601785550122
85-89	0.061919240949095074
90-94	0.054729491461779016
95-99	0.05138921124670867
100	0.05082632588895846
>>END_MODULE
>>Sequence Length Distribution	pass
#Length	Count
100	1.0801489E7
>>END_MODULE
>>Sequence Duplication Levels	warn
#Total Duplicate Percentage	43.613355857562475
#Duplication Level	Relative count
1	100.0
2	18.780433820274457
3	7.776829191171821
4	4.533453487636755
5	3.1050401568329855
6	2.261588566369443
7	1.7896667299057738
8	1.446594574084614
9	1.1881047239612976
10++	17.2160564092835
>>END_MODULE
>>Overrepresented sequences	warn
#Sequence	Count	Percentage	Possible Source
TTTTTTTTTTTTTTTTTTTTTTTTTTTTTTTTTTTTTTTTTTTTTTTTTT	17869	0.16543089568484493	No Hit
>>END_MODULE
>>Kmer Content	fail
#Sequence	Count	Obs/Exp Overall	Obs/Exp Max	Max Obs/Exp Position
TTTTT	7678165	7.284993	12.240337	2
AAAAA	5416810	5.258929	8.204288	2
CTCCT	2177830	2.1782806	6.9930773	1
CTCCA	2148995	2.1593432	6.9954033	1
GAAGA	2192290	2.1541243	5.831294	2
GAAAA	2119105	2.0697393	5.685748	2
CTGGA	2072620	2.0537097	6.993458	1
CTCTG	1959820	1.9465814	5.294332	1
CTTTT	1995810	1.9272153	6.456165	1
CTTCA	1946330	1.9216017	5.3976407	1
GTTTT	1957820	1.8773721	8.341544	1
CTGAA	1797560	1.7704891	5.5128517	1
CTTTG	1707250	1.66615	5.3083243	1
GGAAG	1654990	1.6359789	5.1467257	1
GGAAA	1661890	1.6329583	6.426694	1
CTCAG	1557130	1.5537376	5.6538997	1
CTGGG	1466445	1.4618226	6.237714	1
>>END_MODULE
