##FastQC	0.10.1
>>Basic Statistics	pass
#Measure	Value	
Filename	L_goodei_NA_transfer_1_R1.fastq.gz	
File type	Conventional base calls	
Encoding	Sanger / Illumina 1.9	
Total Sequences	9336735	
Filtered Sequences	0	
Sequence length	100	
%GC	50	
>>END_MODULE
>>Per base sequence quality	pass
#Base	Mean	Median	Lower Quartile	Upper Quartile	10th Percentile	90th Percentile
1	31.333859320201334	33.0	31.0	34.0	28.0	34.0
2	31.642146853262943	34.0	31.0	34.0	28.0	34.0
3	31.38369130108116	34.0	31.0	34.0	28.0	34.0
4	34.9243320068525	37.0	35.0	37.0	32.0	37.0
5	33.425214060375495	37.0	35.0	37.0	27.0	37.0
6	33.869496349634	37.0	35.0	37.0	26.0	37.0
7	34.50686315933782	37.0	35.0	37.0	31.0	37.0
8	34.645440509985555	37.0	35.0	37.0	32.0	37.0
9	36.2976409847768	39.0	37.0	39.0	32.0	39.0
10-14	36.45132837121328	39.2	37.2	39.4	32.0	39.4
15-19	37.31436402553997	40.0	38.0	41.0	31.4	41.0
20-24	37.10942456865275	40.0	37.2	41.0	31.0	41.0
25-29	36.80434445231658	40.0	37.0	41.0	30.2	41.0
30-34	36.40426958674526	40.0	36.2	41.0	29.8	41.0
35-39	36.02213947380964	39.6	35.4	41.0	28.4	41.0
40-44	35.74568060462249	39.0	35.0	41.0	27.6	41.0
45-49	35.20648442951417	38.8	34.8	41.0	26.4	41.0
50-54	34.5328167930224	37.8	34.0	40.0	25.2	41.0
55-59	33.755968205159505	36.4	33.2	39.8	23.4	41.0
60-64	32.9286092622314	35.2	33.0	39.0	22.2	40.8
65-69	32.19530641064569	35.0	32.2	37.4	20.6	40.0
70-74	31.46624756941265	35.0	32.0	36.2	19.0	39.0
75-79	30.485039898851152	34.6	30.4	35.0	16.8	37.0
80-84	30.47593298942296	35.0	31.0	35.0	13.0	36.0
85-89	30.03645949038931	34.8	31.0	35.0	5.0	35.4
90-94	29.59716425495636	34.0	31.0	35.0	2.0	35.0
95-99	29.097378837462987	34.0	30.2	35.0	2.0	35.0
100	27.920606721728742	34.0	28.0	35.0	2.0	35.0
>>END_MODULE
>>Per sequence quality scores	pass
#Quality	Count
2	139015.0
3	52225.0
4	29183.0
5	24173.0
6	24748.0
7	25008.0
8	25628.0
9	27762.0
10	30525.0
11	32146.0
12	33050.0
13	34532.0
14	34851.0
15	35543.0
16	35275.0
17	34962.0
18	34460.0
19	33964.0
20	34334.0
21	35631.0
22	39556.0
23	46431.0
24	55656.0
25	69083.0
26	86041.0
27	107199.0
28	131784.0
29	158351.0
30	193327.0
31	238418.0
32	303759.0
33	404861.0
34	579137.0
35	898932.0
36	1503097.0
37	2089844.0
38	1428018.0
39	245954.0
40	272.0
>>END_MODULE
>>Per base sequence content	fail
#Base	G	A	T	C
1	37.165176407474654	14.094365859372566	7.667492539241623	41.07296519391116
2	26.674668219564868	17.209065346717477	34.48449374236935	21.63177269134831
3	25.886710402999064	21.572751372339003	21.88591779354666	30.654620431115276
4	28.30903361949858	28.25433128023718	18.414079891550763	25.02255520871347
5	29.748364151765184	29.72760750026237	20.72837319993459	19.79565514803786
6	23.7518043362357	32.85012694641164	22.434124584059784	20.963944133292873
7	21.482483030811146	19.013581780431814	36.69204544090744	22.811889747849598
8	22.079530890339615	21.101576129588114	29.26529085741964	27.55360212265263
9	23.47062528570195	20.141866755362408	30.424307977109127	25.963199981826516
10-14	24.987946642891433	26.061734877580413	24.47125968726425	24.479058792263906
15-19	25.335621029586306	24.642256045116927	25.127505467627042	24.894617457669725
20-24	25.082983723968976	25.01706255969057	24.991954836781698	24.90799887955876
25-29	25.19588852697772	25.023445471850124	24.89175358116472	24.88891242000744
30-34	24.98051169068169	24.966729014825862	24.895513879386048	25.1572454151064
35-39	25.183265522936015	24.967292804314077	24.7699802143058	25.079461458444108
40-44	25.329062318620544	24.904943100222233	24.61934970672311	25.146644874434116
45-49	25.314692366210224	24.89255984003417	24.598823894860423	25.193923898895182
50-54	25.281037940384397	25.018243680034026	24.483751309386548	25.21696707019503
55-59	25.535759015225533	24.659225542753237	24.398425676665276	25.406589765355953
60-64	25.607966413236426	24.546089311426147	24.481007834262343	25.364936441075088
65-69	25.46698772407399	24.711373932057842	24.379800973539968	25.441837370328198
70-74	25.639446002187643	24.7235616928643	24.373216210048	25.26377609490006
75-79	25.637337267267647	24.561774028660192	24.395948809127074	25.404939894945084
80-84	25.648798116893488	24.526296067779978	24.397985208680108	25.426920606646426
85-89	25.60103272814952	24.645213375802864	24.2404048654909	25.51334903055672
90-94	25.541854627872052	24.604805348620364	24.271266371407243	25.58207365210034
95-99	25.391420379704233	24.659721198751487	24.334761518231613	25.614096903312667
100	25.63816996908319	24.315071904476536	23.825758366898395	26.220999759541876
>>END_MODULE
>>Per base GC content	fail
#Base	%GC
1	78.23814160138582
2	48.30644091091318
3	56.54133083411433
4	53.33158882821205
5	49.54401929980304
6	44.71574846952858
7	44.29437277866074
8	49.633133012992246
9	49.43382526752846
10-14	49.467005435155336
15-19	50.23023848725603
20-24	49.99098260352773
25-29	50.084800946985155
30-34	50.1377571057881
35-39	50.262726981380126
40-44	50.47570719305465
45-49	50.50861626510541
50-54	50.498005010579426
55-59	50.94234878058148
60-64	50.972902854311506
65-69	50.90882509440219
70-74	50.9032220970877
75-79	51.042277162212734
80-84	51.07571872353992
85-89	51.11438175870624
90-94	51.1239282799724
95-99	51.0055172830169
100	51.85916972862506
>>END_MODULE
>>Per sequence GC content	pass
#GC Content	Count
0	5676.0
1	3649.0
2	1388.5
3	1179.0
4	1160.5
5	1098.0
6	1076.5
7	1049.0
8	1051.5
9	1087.5
10	1116.5
11	1155.5
12	1193.0
13	1249.0
14	1337.0
15	1491.5
16	1654.5
17	1968.0
18	2471.5
19	3176.5
20	4227.0
21	5957.5
22	8636.5
23	11837.5
24	16021.0
25	21890.5
26	28658.5
27	36283.0
28	45425.0
29	55776.5
30	66611.0
31	78347.5
32	90041.0
33	100769.0
34	112019.5
35	122923.5
36	131357.5
37	140286.0
38	150751.0
39	159601.0
40	169004.0
41	181842.0
42	194642.5
43	210006.5
44	234450.5
45	255173.0
46	271184.0
47	289470.5
48	299652.5
49	311024.0
50	329234.5
51	346640.5
52	360532.5
53	359798.0
54	346013.5
55	348913.5
56	352417.5
57	332746.5
58	311798.0
59	292312.0
60	278404.5
61	258097.0
62	223659.0
63	195573.0
64	176686.0
65	158253.5
66	133975.0
67	114700.0
68	103204.0
69	85915.0
70	66886.5
71	53607.5
72	43440.0
73	38809.0
74	38169.5
75	34298.0
76	26026.5
77	17933.5
78	14562.0
79	13288.0
80	12195.0
81	11668.5
82	9040.5
83	4874.0
84	2464.5
85	1576.0
86	938.5
87	564.0
88	366.5
89	237.0
90	191.0
91	125.5
92	92.5
93	77.5
94	54.5
95	42.5
96	30.0
97	17.0
98	12.5
99	9.0
100	4.0
>>END_MODULE
>>Per base N content	pass
#Base	N-Count
1	0.016686775409176763
2	0.002292021782775242
3	0.005194535348813049
4	0.008075628150525854
5	3.4568508156223774
6	0.039232129861241645
7	0.04848590004964262
8	0.05371256654494317
9	0.04773617329826754
10-14	0.05242732068544304
15-19	0.031899802232793366
20-24	0.027367168501622893
25-29	0.027024436272422854
30-34	0.05066010762863035
35-39	0.048601572176997634
40-44	0.04012109158072924
45-49	0.030434621952963214
50-54	0.015502207142004136
55-59	0.004896786724695517
60-64	0.004691147387175496
65-69	9.318032481375984E-4
70-74	0.0031467102793428328
75-79	0.0042713004064054505
80-84	0.005383038074873068
85-89	0.002375562763642751
90-94	0.009153092596073466
95-99	0.01787776990564689
100	0.004177049043375442
>>END_MODULE
>>Sequence Length Distribution	pass
#Length	Count
100	9336735.0
>>END_MODULE
>>Sequence Duplication Levels	warn
#Total Duplicate Percentage	45.237536030746234
#Duplication Level	Relative count
1	100.0
2	19.12975670617592
3	7.429819089207736
4	4.185901434809732
5	2.880536494073612
6	2.1179039301310043
7	1.5845290081097942
8	1.368527760449158
9	1.1844978165938864
10++	16.076107298814723
>>END_MODULE
>>Overrepresented sequences	pass
>>END_MODULE
>>Kmer Content	warn
#Sequence	Count	Obs/Exp Overall	Obs/Exp Max	Max Obs/Exp Position
TTTTT	5246910	6.5644197	9.715787	2
AAAAA	4352380	5.346676	7.657985	2
GAAGA	1924185	2.2134237	5.19638	2
CTCCT	1887330	2.1562622	5.9065466	1
CTCCA	1870615	2.1293693	5.526861	1
GAAAA	1734310	2.061646	5.6713986	2
CTGGA	1771860	1.9919345	5.607257	1
GTTTT	1531720	1.8476313	7.1280427	1
GGAAA	1374585	1.5812092	6.5583634	1
CTGGG	1284990	1.3978988	5.090227	1
GGGAA	1198200	1.333759	5.12781	1
>>END_MODULE
