##FastQC	0.10.1
>>Basic Statistics	pass
#Measure	Value	
Filename	F_heteroclitus_MDPL_FW_2_R2.fastq.gz	
File type	Conventional base calls	
Encoding	Sanger / Illumina 1.9	
Total Sequences	9115151	
Filtered Sequences	0	
Sequence length	100	
%GC	50	
>>END_MODULE
>>Per base sequence quality	fail
#Base	Mean	Median	Lower Quartile	Upper Quartile	10th Percentile	90th Percentile
1	28.89824995768035	31.0	30.0	34.0	16.0	34.0
2	28.91061025758103	31.0	30.0	34.0	16.0	34.0
3	28.94651827490296	31.0	30.0	34.0	16.0	34.0
4	32.17163566462037	37.0	33.0	37.0	18.0	37.0
5	32.09048045391678	37.0	33.0	37.0	17.0	37.0
6	31.964156600367893	37.0	33.0	37.0	17.0	37.0
7	31.998171176758344	37.0	33.0	37.0	17.0	37.0
8	31.933464075362	37.0	33.0	37.0	17.0	37.0
9	33.23950947164781	38.0	34.0	39.0	17.0	39.0
10-14	33.2852053026878	38.2	33.2	39.4	12.8	39.4
15-19	33.913691391398785	39.0	33.4	41.0	10.0	41.0
20-24	33.57333891671131	39.0	33.0	41.0	8.0	41.0
25-29	33.308254838564935	39.0	33.0	41.0	3.0	41.0
30-34	32.94774895116932	38.2	32.2	40.6	2.0	41.0
35-39	32.48157826458388	38.0	31.6	40.0	2.0	41.0
40-44	31.961193731184483	38.0	30.8	40.0	2.0	41.0
45-49	31.42761661326291	37.2	30.0	40.0	2.0	41.0
50-54	30.67409783995899	36.0	29.4	39.4	2.0	40.6
55-59	30.57518836495413	35.4	29.6	39.6	2.0	41.0
60-64	29.77277194859416	35.0	28.8	38.6	2.0	40.6
65-69	29.020100292359388	35.0	28.0	36.8	2.0	39.8
70-74	28.304568865617263	34.0	27.0	35.6	2.0	38.8
75-79	27.61857803562442	34.0	26.2	35.0	2.0	37.0
80-84	26.997547797068854	34.0	25.4	35.0	2.0	36.0
85-89	26.477830109451833	33.8	24.4	35.0	2.0	35.0
90-94	25.962938189394777	33.0	22.6	35.0	2.0	35.0
95-99	25.309354063361102	33.0	14.8	35.0	2.0	35.0
100	24.066956543012836	32.0	2.0	35.0	2.0	35.0
>>END_MODULE
>>Per sequence quality scores	pass
#Quality	Count
2	657721.0
3	86726.0
4	55971.0
5	43879.0
6	41694.0
7	42351.0
8	44446.0
9	47456.0
10	50536.0
11	51289.0
12	50008.0
13	47761.0
14	47569.0
15	48041.0
16	47969.0
17	47738.0
18	47162.0
19	47822.0
20	49420.0
21	52166.0
22	58269.0
23	67585.0
24	80486.0
25	96279.0
26	113072.0
27	133550.0
28	156388.0
29	183812.0
30	217305.0
31	262496.0
32	325726.0
33	415956.0
34	557758.0
35	793387.0
36	1224110.0
37	1579914.0
38	1062792.0
39	178311.0
40	230.0
>>END_MODULE
>>Per base sequence content	fail
#Base	G	A	T	C
1	37.81495651593596	12.087902438339034	9.949745699011599	40.1473953467134
2	29.100499014112863	19.31333251807277	29.667474682097776	21.91869378571659
3	28.64560842265363	24.688702580367412	20.380066163942473	26.28562283303648
4	30.46854727206547	30.29380745536061	17.38185331558896	21.85579195698496
5	30.429195054833478	31.045705360190816	20.006124928789472	18.51897465618623
6	22.668613250859636	34.308370769403865	21.845899686881687	21.177116292854812
7	21.983874421893095	17.929955501149657	36.45204351247508	23.63412656448217
8	22.945535325321316	20.78339268276058	28.162954213004422	28.108117778913677
9	23.03567796185023	19.565482999812176	30.68104488964673	26.71779414869087
10-14	25.397645093106892	25.78262143610251	24.41943428962704	24.400299181163554
15-19	25.420101559562312	24.516375692976176	25.217928147082734	24.845594600378774
20-24	25.3967343088649	25.23401570314345	24.862661378368692	24.50658860962296
25-29	25.360566352279413	25.2668447698649	24.679713076752908	24.692875801102783
30-34	25.12694651060146	25.199285726798493	24.96276351304154	24.711004249558506
35-39	25.229615535235432	25.180955972611734	24.83556022485209	24.75386826730074
40-44	25.373066836184023	25.09302938219029	24.7434558457846	24.790447935841094
45-49	25.293927998863303	25.082920841619455	24.77651714174603	24.846634017771212
50-54	25.236710258361928	25.129252760248338	24.83867488055722	24.79536210083251
55-59	25.420008465370316	24.920486174202072	24.673449240477435	24.986056119950177
60-64	25.26364624190393	24.97026103638968	24.684065579023645	25.08202714268275
65-69	25.237873508668972	25.039372291888885	24.78258420705628	24.94016999238586
70-74	25.449938572207447	24.971980218478873	24.655106652801308	24.922974556512372
75-79	25.30217554093418	24.88518339477555	24.760071039576957	25.05257002471331
80-84	25.38132364250944	24.97901214559251	24.689273464913146	24.950390746984905
85-89	25.512758313793537	24.86904036115384	24.57204179509071	25.04615952996191
90-94	25.36274389700397	24.846009588807117	24.610682487891047	25.18056402629787
95-99	25.415604034501417	24.946232894774923	24.62686245989562	25.01130061082804
100	26.02895013835422	24.54874720346398	24.084832660181117	25.33746999800069
>>END_MODULE
>>Per base GC content	fail
#Base	%GC
1	77.96235186264937
2	51.01919279982945
3	54.931231255690115
4	52.32433922905043
5	48.94816971101971
6	43.84572954371445
7	45.618000986375264
8	51.053653104234996
9	49.7534721105411
10-14	49.79794427427044
15-19	50.265696159941086
20-24	49.90332291848786
25-29	50.0534421533822
30-34	49.83795076015996
35-39	49.98348380253617
40-44	50.16351477202511
45-49	50.14056201663452
50-54	50.03207235919444
55-59	50.4060645853205
60-64	50.345673384586675
65-69	50.17804350105484
70-74	50.37291312871982
75-79	50.3547455656475
80-84	50.331714389494344
85-89	50.558917843755445
90-94	50.54330792330184
95-99	50.42690464532945
100	51.366420136354904
>>END_MODULE
>>Per sequence GC content	warn
#GC Content	Count
0	3785.0
1	2496.5
2	1075.5
3	937.0
4	877.0
5	774.5
6	731.5
7	720.5
8	728.0
9	742.0
10	757.5
11	799.0
12	859.5
13	964.0
14	1077.0
15	1210.0
16	1483.0
17	1912.0
18	2509.0
19	3357.0
20	4518.0
21	6416.0
22	8887.5
23	12091.5
24	16410.5
25	21954.5
26	29135.0
27	37287.0
28	45728.0
29	54988.0
30	66055.5
31	76603.0
32	87382.0
33	99328.5
34	110537.0
35	120400.5
36	129663.5
37	141933.5
38	154448.0
39	163556.5
40	170685.0
41	178421.0
42	189498.0
43	203557.5
44	218925.5
45	234888.5
46	251778.0
47	271297.0
48	290113.0
49	305402.5
50	319917.5
51	336499.5
52	351444.5
53	361777.0
54	367821.0
55	370331.5
56	363637.0
57	351706.0
58	338403.0
59	316564.0
60	288375.5
61	257717.5
62	228610.5
63	200372.5
64	170873.5
65	143842.5
66	121383.0
67	102439.0
68	85498.5
69	70501.0
70	56316.0
71	43145.5
72	33148.5
73	25575.5
74	20119.0
75	15602.5
76	11883.5
77	8787.5
78	6356.5
79	4580.5
80	3391.0
81	2589.0
82	2167.5
83	1772.0
84	1289.5
85	913.0
86	595.5
87	418.0
88	311.0
89	224.5
90	167.5
91	107.5
92	66.0
93	45.5
94	24.0
95	9.5
96	9.0
97	11.0
98	9.5
99	4.5
100	2.5
>>END_MODULE
>>Per base N content	pass
#Base	N-Count
1	0.05141988322519287
2	0.06131549548658053
3	0.055435176005312475
4	0.055237702589896756
5	0.053109378001527346
6	0.056784577677319883
7	0.05516090737279065
8	0.048490694229859715
9	0.06180917902511982
10-14	0.04552420470050359
15-19	0.04998710388889882
20-24	0.05290312798987092
25-29	0.033522209341348266
30-34	0.04896682457591761
35-39	0.04492520200707591
40-44	0.093382984001033
45-49	0.07289840837524249
50-54	0.06649588141765288
55-59	0.0869958160868646
60-64	0.08490040373439782
65-69	0.0778484086549965
70-74	0.07029614758987536
75-79	0.0717289269261694
80-84	0.08753557675566757
85-89	0.08225425996782719
90-94	0.058836107048583185
95-99	0.0745330494250726
100	0.07688298306851966
>>END_MODULE
>>Sequence Length Distribution	pass
#Length	Count
100	9115151.0
>>END_MODULE
>>Sequence Duplication Levels	warn
#Total Duplicate Percentage	37.812394143550755
#Duplication Level	Relative count
1	100.0
2	17.852792761440753
3	6.955613893070865
4	4.145073800319259
5	2.7189989484116475
6	2.0751847845000415
7	1.606887525438603
8	1.3413425530144272
9	1.0909283482497485
10++	13.520853980526702
>>END_MODULE
>>Overrepresented sequences	pass
>>END_MODULE
>>Kmer Content	warn
#Sequence	Count	Obs/Exp Overall	Obs/Exp Max	Max Obs/Exp Position
TTTTT	4660940	5.841347	8.247535	2
AAAAA	4136745	4.9492307	9.835895	2
TCCAG	1925275	2.2643704	5.18678	7
GAAGA	1987260	2.2602034	5.9199033	2
CTGGA	1968595	2.2586539	6.578058	1
GGAGA	1819305	2.0174613	5.4440346	1
GAAAA	1720320	2.0067587	6.6207314	1
AAAAC	1573850	1.8819611	5.0389895	3
AAAAG	1608555	1.8763844	5.1440635	3
GTTTT	1539720	1.8640436	7.0466843	1
AAAAT	1541545	1.8615181	5.740657	3
GGAAG	1538745	1.706343	5.6435957	1
GGAAA	1401190	1.5936385	7.001053	1
CTGGG	1331780	1.4898162	5.0602636	1
GGGAG	1322695	1.4300998	5.4112153	1
GCCAG	1257815	1.4290465	5.0111547	1
GATCT	1095420	1.3010654	5.0018473	5
>>END_MODULE
