##FastQC	0.10.1
>>Basic Statistics	pass
#Measure	Value	
Filename	F_similis_NA_BW_3_R2.fastq.gz	
File type	Conventional base calls	
Encoding	Sanger / Illumina 1.9	
Total Sequences	10009516	
Filtered Sequences	0	
Sequence length	100	
%GC	50	
>>END_MODULE
>>Per base sequence quality	pass
#Base	Mean	Median	Lower Quartile	Upper Quartile	10th Percentile	90th Percentile
1	29.91526023835718	31.0	31.0	34.0	26.0	34.0
2	29.954876739294885	31.0	31.0	34.0	26.0	34.0
3	30.004580041632384	31.0	31.0	34.0	26.0	34.0
4	33.351325178959705	37.0	35.0	37.0	27.0	37.0
5	33.28353129162289	37.0	35.0	37.0	27.0	37.0
6	33.21636230962616	37.0	35.0	37.0	27.0	37.0
7	33.23123645538905	37.0	35.0	37.0	27.0	37.0
8	33.16633471588437	37.0	35.0	37.0	27.0	37.0
9	34.594636144245136	39.0	35.0	39.0	27.0	39.0
10-14	34.66350876505918	39.2	35.2	39.4	26.4	39.4
15-19	35.354825727837394	40.0	35.8	41.0	25.2	41.0
20-24	35.02459535506013	39.2	35.0	41.0	23.4	41.0
25-29	34.69231323472584	39.0	34.6	41.0	20.8	41.0
30-34	33.81813290472786	38.6	33.2	40.8	15.6	41.0
35-39	33.57867127641336	38.0	33.0	40.0	13.6	41.0
40-44	33.134550202027754	38.0	32.6	40.0	8.2	41.0
45-49	32.68499493881622	37.8	32.0	40.0	4.4	41.0
50-54	31.81523412320836	36.0	31.0	39.6	2.0	40.6
55-59	31.670643855307294	35.6	31.0	39.6	2.0	41.0
60-64	30.87651293029553	35.0	30.4	38.8	2.0	40.8
65-69	30.04880985254432	35.0	30.0	37.2	2.0	39.8
70-74	29.322780941655918	34.8	29.0	35.8	2.0	38.8
75-79	28.582670370875075	34.0	28.8	35.0	2.0	37.2
80-84	27.92119784812772	34.0	27.4	35.0	2.0	36.0
85-89	27.342122336384698	34.0	26.6	35.0	2.0	35.2
90-94	26.755640772241133	34.0	25.2	35.0	2.0	35.0
95-99	26.060919289204396	33.0	23.6	35.0	2.0	35.0
100	24.72121878820115	32.0	17.0	35.0	2.0	35.0
>>END_MODULE
>>Per sequence quality scores	pass
#Quality	Count
2	455626.0
3	68761.0
4	46013.0
5	40298.0
6	42267.0
7	42932.0
8	45415.0
9	48964.0
10	51533.0
11	53132.0
12	51267.0
13	51515.0
14	51280.0
15	52528.0
16	53253.0
17	52949.0
18	53268.0
19	54068.0
20	56235.0
21	60204.0
22	64801.0
23	74646.0
24	88397.0
25	105650.0
26	125427.0
27	148252.0
28	175148.0
29	207409.0
30	245719.0
31	298075.0
32	370941.0
33	479876.0
34	649288.0
35	938039.0
36	1431411.0
37	1797293.0
38	1170098.0
39	207257.0
40	281.0
>>END_MODULE
>>Per base sequence content	fail
#Base	G	A	T	C
1	36.25377112100098	13.663813138886887	7.6541251294101516	42.428290610701985
2	25.84676091746901	17.10725828199556	36.960618528137005	20.085362272398427
3	26.22665218056563	21.99087679455138	21.68367844093787	30.098792583945112
4	28.644387128135797	28.667463116395727	18.139555661802152	24.548594093666328
5	29.92595194187377	29.54458250406111	20.956568940394245	19.57289661367087
6	22.877685288517956	32.71167332428772	23.066206011456554	21.34443537573777
7	20.95885726095778	18.146882758474568	37.57101993065356	23.32324004991408
8	21.11552566381871	20.446799553676197	30.15296305195291	28.284711730552193
9	22.70724321121967	20.035234359056666	30.88148259339114	26.376039836332527
10-14	24.66845080129961	26.22522212708028	24.793488661428533	24.312838410191574
15-19	25.10187548932229	24.649057777537006	25.466858319251077	24.782208413889624
20-24	24.871034468062632	25.15645357790571	25.280174772078702	24.692337181952954
25-29	24.87258800200871	25.150919945824196	25.272894656612678	24.703597395554418
30-34	25.013868677651747	25.230555708102624	25.03359039807908	24.721985216166548
35-39	24.939038496307965	25.062158983219536	25.052163327731236	24.946639192741266
40-44	25.320364430751642	25.006412668336793	24.783684187853805	24.88953871305776
45-49	25.204486094933547	25.036673308039852	24.73833035634185	25.020510240684747
50-54	25.189215392410958	25.137300569987403	24.6565756322548	25.01690840534684
55-59	25.606777914891282	24.71000133705496	24.56873179307348	25.11448895498028
60-64	25.505891682404698	24.695693258764848	24.547462774787252	25.250952284043205
65-69	25.35965212042101	24.73852170212691	24.616463707855115	25.28536246959697
70-74	25.730520498010307	24.782425831052304	24.370158255624812	25.11689541531258
75-79	25.648513960847367	24.68659647616596	24.399058220549115	25.265831342437554
80-84	25.699092077098413	24.57695915864433	24.4277133112189	25.296235453038364
85-89	25.688487979090414	24.784431656340118	24.234509760203984	25.292570604365483
90-94	25.68032368539791	24.718811404956398	24.304484819600248	25.296380090045446
95-99	25.482451640689014	24.70170072109666	24.367452160047492	25.448395478166834
100	25.921770052784808	24.212943208127715	23.8993969063978	25.965889832689676
>>END_MODULE
>>Per base GC content	fail
#Base	%GC
1	78.68206173170296
2	45.93212318986743
3	56.32544476451075
4	53.19298122180213
5	49.49884855554464
6	44.222120664255726
7	44.28209731087186
8	49.4002373943709
9	49.08328304755219
10-14	48.98128921149119
15-19	49.88408390321191
20-24	49.56337165001558
25-29	49.57618539756313
30-34	49.7358538938183
35-39	49.88567768904923
40-44	50.2099031438094
45-49	50.2249963356183
50-54	50.2061237977578
55-59	50.72126686987156
60-64	50.756843966447896
65-69	50.64501459001798
70-74	50.84741591332289
75-79	50.914345303284925
80-84	50.99532753013677
85-89	50.9810585834559
90-94	50.976703775443355
95-99	50.93084711885585
100	51.88765988547449
>>END_MODULE
>>Per sequence GC content	warn
#GC Content	Count
0	11143.0
1	7145.5
2	2832.5
3	2419.5
4	2191.0
5	1982.5
6	1849.5
7	1814.0
8	1818.0
9	1840.5
10	1856.0
11	1860.0
12	1960.5
13	2104.5
14	2198.5
15	2332.5
16	2659.5
17	3138.5
18	3795.0
19	4857.0
20	6419.5
21	8404.0
22	11157.0
23	15165.5
24	21194.5
25	29312.5
26	37473.0
27	45032.5
28	53069.5
29	62498.0
30	73968.5
31	85711.5
32	97477.5
33	109608.5
34	120455.0
35	129811.5
36	138817.0
37	149189.0
38	159577.0
39	169845.5
40	179896.0
41	193169.5
42	207863.5
43	226322.0
44	262263.0
45	283745.5
46	293974.5
47	306769.5
48	317104.5
49	327624.5
50	337132.5
51	357582.5
52	380057.5
53	390899.5
54	386283.5
55	383498.0
56	381128.0
57	366187.5
58	348388.0
59	322282.5
60	293941.5
61	267743.5
62	230072.0
63	198001.0
64	174820.5
65	153295.0
66	132645.5
67	116417.0
68	106906.5
69	89106.5
70	69405.5
71	53688.0
72	40494.5
73	35018.5
74	34065.0
75	34250.0
76	28488.5
77	21945.0
78	16640.5
79	11341.5
80	9666.0
81	10047.0
82	11100.5
83	11981.5
84	9425.5
85	5453.5
86	3584.5
87	2055.0
88	1468.0
89	1285.0
90	942.5
91	577.0
92	472.0
93	306.0
94	127.5
95	55.0
96	37.0
97	19.5
98	8.5
99	12.5
100	14.5
>>END_MODULE
>>Per base N content	pass
#Base	N-Count
1	0.03535635489268412
2	0.04857377719362255
3	0.03599574644768039
4	0.03440725805323654
5	0.04252952890029847
6	0.031859682326298294
7	0.035186516510888236
8	0.04219984262975353
9	0.03370792353995938
10-14	0.029439984910359304
15-19	0.0460262014666843
20-24	0.0443537929306472
25-29	0.026850449112624426
30-34	0.05312744392436158
35-39	0.051646852854823344
40-44	0.08990244882969366
45-49	0.0645805451532322
50-54	0.06201298844020031
55-59	0.06928806547689219
60-64	0.060348572298600654
65-69	0.06232469182326099
70-74	0.05910175876635794
75-79	0.055549139438909934
80-84	0.06149747899898457
85-89	0.05907977968165494
90-94	0.05229024060703834
95-99	0.04860974296859109
100	0.04928310219994653
>>END_MODULE
>>Sequence Length Distribution	pass
#Length	Count
100	1.0009516E7
>>END_MODULE
>>Sequence Duplication Levels	warn
#Total Duplicate Percentage	46.25178909746755
#Duplication Level	Relative count
1	100.0
2	17.2497921989964
3	6.562663547086168
4	3.7588892651540804
5	2.5805806113967305
6	1.971031000831204
7	1.5154080596004065
8	1.2275651879444633
9	1.0674814518363451
10++	17.99325801188314
>>END_MODULE
>>Overrepresented sequences	warn
#Sequence	Count	Percentage	Possible Source
TTTTTTTTTTTTTTTTTTTTTTTTTTTTTTTTTTTTTTTTTTTTTTTTTT	21101	0.21080939378087812	No Hit
CTGCAAGTCATTTAGCACCACGTTCTCCACAAACATGCTATGCGTAATCG	10797	0.10786735342647936	No Hit
>>END_MODULE
>>Kmer Content	fail
#Sequence	Count	Obs/Exp Overall	Obs/Exp Max	Max Obs/Exp Position
TTTTT	7397940	8.290605	12.028264	2
AAAAA	5027915	5.6820993	7.6301813	2
AAGAA	2007095	2.2078257	5.1386924	2
GAAGA	1983725	2.1239986	5.1682963	2
CTCCA	1956920	2.0955498	6.0670376	1
GAAAA	1869925	2.0569372	5.5150547	2
CTCCT	1908465	2.040234	6.1086726	1
CTTTT	1743085	1.9229476	5.6706343	1
TTTAA	1702465	1.914308	5.2595315	7
CTGGA	1815495	1.9071419	6.120549	1
GTTTT	1678070	1.8335404	7.6466165	1
CTGAA	1649040	1.7796856	5.1357584	1
GGAAA	1540585	1.6495234	6.840077	1
GGGAG	1449880	1.4708104	5.042602	1
CTGGG	1403375	1.434953	5.9874616	1
GGGAA	1366290	1.4239396	5.309111	1
>>END_MODULE
