##FastQC	0.10.1
>>Basic Statistics	pass
#Measure	Value	
Filename	F_notatus_NA_transfer_3_R1.fastq.gz	
File type	Conventional base calls	
Encoding	Sanger / Illumina 1.9	
Total Sequences	14443443	
Filtered Sequences	0	
Sequence length	100	
%GC	48	
>>END_MODULE
>>Per base sequence quality	pass
#Base	Mean	Median	Lower Quartile	Upper Quartile	10th Percentile	90th Percentile
1	31.02620026263821	33.0	31.0	34.0	27.0	34.0
2	31.32836152709572	34.0	31.0	34.0	28.0	34.0
3	31.074176773501996	34.0	31.0	34.0	27.0	34.0
4	34.594261354442985	37.0	35.0	37.0	31.0	37.0
5	33.08144076173527	37.0	35.0	37.0	26.0	37.0
6	33.49671729933092	37.0	35.0	37.0	23.0	37.0
7	34.122737078686846	37.0	35.0	37.0	30.0	37.0
8	34.25535372694724	37.0	35.0	37.0	30.0	37.0
9	35.86611945642046	39.0	37.0	39.0	30.0	39.0
10-14	36.00536813833101	39.2	37.0	39.4	30.0	39.4
15-19	36.85394298298543	40.0	37.0	41.0	30.0	41.0
20-24	36.67712623645207	40.0	37.0	41.0	30.0	41.0
25-29	36.385384329761266	40.0	36.6	41.0	29.0	41.0
30-34	36.01955413262614	40.0	36.0	41.0	27.4	41.0
35-39	35.70449574938607	40.0	35.2	41.0	26.8	41.0
40-44	35.50065161056128	39.4	35.0	41.0	26.2	41.0
45-49	35.05553073460393	39.0	34.8	41.0	25.0	41.0
50-54	34.45737463013493	38.2	34.0	40.4	23.6	41.0
55-59	33.738995792069794	37.2	33.2	40.0	22.2	41.0
60-64	32.95705908902746	35.6	33.0	39.2	20.2	41.0
65-69	32.215622466194525	35.0	32.0	38.2	18.2	40.4
70-74	31.42827911599748	35.0	31.8	36.6	13.8	39.2
75-79	30.38584402624776	34.6	30.4	35.2	7.4	37.4
80-84	30.31464186205464	35.0	31.0	35.0	3.8	36.6
85-89	29.846036945623005	35.0	31.0	35.0	2.0	35.8
90-94	29.40091510036769	34.0	30.8	35.0	2.0	35.0
95-99	28.91993399357757	34.0	30.0	35.0	2.0	35.0
100	27.841331530162165	34.0	29.0	35.0	2.0	35.0
>>END_MODULE
>>Per sequence quality scores	pass
#Quality	Count
2	290443.0
3	99876.0
4	53355.0
5	41877.0
6	40768.0
7	41491.0
8	42527.0
9	46460.0
10	51747.0
11	53546.0
12	53622.0
13	55461.0
14	57006.0
15	56757.0
16	57031.0
17	56024.0
18	55787.0
19	55071.0
20	55705.0
21	58074.0
22	65293.0
23	76586.0
24	91658.0
25	111151.0
26	137429.0
27	168873.0
28	204296.0
29	239723.0
30	289408.0
31	355791.0
32	443974.0
33	581057.0
34	813381.0
35	1218445.0
36	2070600.0
37	3184698.0
38	2566370.0
39	501396.0
40	686.0
>>END_MODULE
>>Per base sequence content	fail
#Base	G	A	T	C
1	38.81267171542445	13.344790030416084	9.787110959567743	38.05542729459172
2	25.651180961434537	20.178050356900403	30.09091881558709	24.079849866077964
3	26.39770946177101	23.552469586924733	22.11911067438202	27.930710276922234
4	28.87727920066161	29.265921099788233	19.202672363987453	22.654127335562706
5	29.04458264960541	30.307803183982752	21.290225095434778	19.35738907097706
6	23.63490761136	33.66761062304862	22.727401807503547	19.970079958087837
7	21.4148848994667	20.253184460787267	36.00762926773854	22.3243013720075
8	22.273252232723635	22.415260964944487	29.171745499293007	26.13974130303888
9	21.940758079466995	21.205484640565388	31.62614378215713	25.227613497810488
10-14	24.39836341404273	26.722615782161018	25.199698560681842	23.679322243114406
15-19	24.35269753488778	25.512803795222496	25.9058031990851	24.228695470804627
20-24	24.165927113935986	26.05601211458774	25.824483274219673	23.953577497256603
25-29	24.300047401498812	25.882952467791448	25.62359813734257	24.193401993367168
30-34	24.10233377570066	26.08526722011834	25.67007802250209	24.14232098167891
35-39	24.187577321372906	25.991630935476053	25.60088248536695	24.21990925778409
40-44	24.29546560923329	26.027225355838034	25.539111410535487	24.138197624393186
45-49	24.300794176390696	25.870575305142722	25.540083549166926	24.288546969299652
50-54	24.308361309897325	26.074858873059085	25.462352507614643	24.154427309428947
55-59	24.432037205413604	25.718368721715585	25.491476485093656	24.358117587777155
60-64	24.33084018577446	25.83617151419099	25.530581736569115	24.302406563465436
65-69	24.33275286697751	25.95131044994806	25.45531953948678	24.26061714358764
70-74	24.423083093224925	25.99424670368458	25.37230622429713	24.210363978793367
75-79	24.335545537781538	25.804937432501916	25.509587872538614	24.349929157177925
80-84	24.344734295631483	25.90392877064967	25.421285513052723	24.330051420666127
85-89	24.512615423277385	25.7598042063232	25.314907326616677	24.412673043782736
90-94	24.369746339757018	25.79525350721787	25.339248365574086	24.495751787451027
95-99	24.30846645364315	25.876026882301666	25.47123344595	24.344273218105187
100	24.65869631912354	25.58227870625765	25.045595436835132	24.71342953778368
>>END_MODULE
>>Per base GC content	fail
#Base	%GC
1	76.86809901001618
2	49.731030827512505
3	54.32841973869324
4	51.53140653622431
5	48.40197172058247
6	43.60498756944784
7	43.7391862714742
8	48.41299353576251
9	47.16837157727748
10-14	48.07768565715714
15-19	48.581393005692405
20-24	48.119504611192596
25-29	48.49344939486598
30-34	48.24465475737957
35-39	48.407486579157
40-44	48.433663233626476
45-49	48.58934114569035
50-54	48.46278861932627
55-59	48.79015479319076
60-64	48.633246749239895
65-69	48.59337001056516
70-74	48.633447072018285
75-79	48.68547469495946
80-84	48.674785716297606
85-89	48.92528846706012
90-94	48.86549812720805
95-99	48.652739671748336
100	49.37212585690722
>>END_MODULE
>>Per sequence GC content	warn
#GC Content	Count
0	2450.0
1	1963.0
2	1349.5
3	1230.0
4	1125.5
5	961.0
6	952.0
7	1046.0
8	1109.0
9	1184.0
10	1325.5
11	1467.0
12	1628.5
13	1804.5
14	2055.5
15	2426.0
16	2903.5
17	3624.0
18	4571.5
19	6026.5
20	8431.0
21	12098.0
22	17169.0
23	24282.0
24	32644.5
25	42235.0
26	55558.0
27	70766.5
28	87422.0
29	107635.0
30	132180.0
31	157876.5
32	185717.5
33	208390.0
34	228282.0
35	250838.5
36	265946.0
37	280094.5
38	298581.5
39	316423.0
40	328027.0
41	337115.0
42	353669.5
43	373395.0
44	390776.5
45	407595.0
46	425251.5
47	441020.0
48	461093.0
49	486517.5
50	506912.0
51	522008.5
52	543009.5
53	556880.0
54	551458.0
55	551642.0
56	548965.5
57	523578.0
58	486899.0
59	444503.0
60	395225.5
61	344000.5
62	296091.5
63	251775.5
64	210464.0
65	174659.5
66	144702.5
67	119795.5
68	99152.5
69	79741.0
70	61027.0
71	45013.5
72	33070.5
73	26070.5
74	21054.5
75	17563.5
76	14449.0
77	10650.5
78	7905.5
79	5908.0
80	4727.0
81	4553.5
82	4113.0
83	3355.5
84	2202.0
85	1125.5
86	688.5
87	452.5
88	306.0
89	217.0
90	157.5
91	118.0
92	80.0
93	50.5
94	41.0
95	32.5
96	17.5
97	9.0
98	6.5
99	4.0
100	1.5
>>END_MODULE
>>Per base N content	pass
#Base	N-Count
1	0.01660961309571409
2	0.0023401622452485877
3	0.00501265522355023
4	0.007608989075527214
5	3.5480667594284823
6	0.038972702007409175
7	0.048001020255350475
8	0.05338754755358539
9	0.04783485488882395
10-14	0.05286412664902683
15-19	0.03108538594295003
20-24	0.026722160360240974
25-29	0.0264147544321669
30-34	0.050719208709446906
35-39	0.04807025582473653
40-44	0.03923302774830074
45-49	0.02930464709834075
50-54	0.015155666138606978
55-59	0.005037580028529208
60-64	0.00472463525490425
65-69	7.879007796132819E-4
70-74	0.003137756004575917
75-79	0.0043258383752405845
80-84	0.0053131375946857
85-89	0.002221077065904577
90-94	0.009478349448950643
95-99	0.017974938524007052
100	0.004569547579479491
>>END_MODULE
>>Sequence Length Distribution	pass
#Length	Count
100	1.4443443E7
>>END_MODULE
>>Sequence Duplication Levels	fail
#Total Duplicate Percentage	61.06930065018916
#Duplication Level	Relative count
1	100.0
2	44.701007890877776
3	19.37920439468355
4	10.135937245408627
5	6.473313004818324
6	4.741509741393357
7	3.684737319894788
8	2.8933218500500453
9	2.474337189544005
10++	38.28588720001862
>>END_MODULE
>>Overrepresented sequences	warn
#Sequence	Count	Percentage	Possible Source
GATCGGAAGAGCACACGTCTGAACTCCAGTCACGAATTCGTATCTCGTAT	23855	0.16516145077042918	TruSeq Adapter, Index 7 (97% over 35bp)
>>END_MODULE
>>Kmer Content	warn
#Sequence	Count	Obs/Exp Overall	Obs/Exp Max	Max Obs/Exp Position
TTTTT	7568380	5.139814	6.6749663	2
AAAAA	7336795	4.6937323	6.9985585	2
CTGGA	2845675	2.1502287	5.584348	1
GAAAA	2836035	1.9048619	5.481332	1
GTTTT	2555775	1.8006141	6.0739036	1
GGGGG	2145765	1.7510335	5.140895	1
GGAAA	2211350	1.5593715	5.8930907	1
GCCAG	1921645	1.5191715	5.4389653	1
>>END_MODULE
