##FastQC	0.10.1
>>Basic Statistics	pass
#Measure	Value	
Filename	F_heteroclitus_MDPP_FW_1_R1.fastq.gz	
File type	Conventional base calls	
Encoding	Sanger / Illumina 1.9	
Total Sequences	19393473	
Filtered Sequences	0	
Sequence length	100	
%GC	47	
>>END_MODULE
>>Per base sequence quality	pass
#Base	Mean	Median	Lower Quartile	Upper Quartile	10th Percentile	90th Percentile
1	30.201021807697877	31.0	30.0	34.0	26.0	34.0
2	30.52685076056259	31.0	30.0	34.0	27.0	34.0
3	30.085362224703125	31.0	30.0	34.0	26.0	34.0
4	31.77319183624305	35.0	32.0	37.0	16.0	37.0
5	32.86658006020892	35.0	33.0	37.0	19.0	37.0
6	33.289240921417225	36.0	33.0	37.0	28.0	37.0
7	33.44567303649016	36.0	35.0	37.0	28.0	37.0
8	33.43438047429669	37.0	35.0	37.0	28.0	37.0
9	34.906241960890654	39.0	35.0	39.0	28.0	39.0
10-14	34.97834876713418	39.2	35.2	39.4	27.0	39.4
15-19	35.11899496289293	39.2	34.6	41.0	22.8	41.0
20-24	35.30392887338952	39.0	35.0	41.0	25.4	41.0
25-29	34.92117554189495	39.0	34.2	41.0	24.0	41.0
30-34	34.48192015942683	39.0	34.0	41.0	21.6	41.0
35-39	34.06185392374022	38.0	33.0	40.2	18.4	41.0
40-44	33.791653676471455	38.0	33.0	40.0	16.2	41.0
45-49	33.29301332463762	38.0	32.8	40.0	12.4	41.0
50-54	32.618864748980236	37.2	31.8	40.0	7.2	41.0
55-59	31.242140837796306	35.4	29.6	39.4	2.0	41.0
60-64	31.03367132849284	35.0	30.0	38.8	2.0	40.6
65-69	30.318975389297215	35.0	29.8	37.4	2.0	40.0
70-74	29.55279202440945	34.4	29.0	36.2	2.0	39.0
75-79	28.462316244233307	33.4	28.2	35.0	2.0	37.0
80-84	28.393159430494997	34.0	29.0	35.0	2.0	36.2
85-89	27.87544612561144	34.0	28.0	35.0	2.0	35.4
90-94	26.80459794901099	33.8	25.2	35.0	2.0	35.0
95-99	26.582661218029386	33.4	25.0	35.0	2.0	35.0
100	25.46039793903856	33.0	20.0	35.0	2.0	35.0
>>END_MODULE
>>Per sequence quality scores	pass
#Quality	Count
2	535273.0
3	178385.0
4	102490.0
5	83115.0
6	84582.0
7	86141.0
8	87112.0
9	97782.0
10	111494.0
11	116709.0
12	114326.0
13	116230.0
14	116894.0
15	116158.0
16	113679.0
17	111633.0
18	109676.0
19	108818.0
20	108663.0
21	112890.0
22	125351.0
23	146092.0
24	174738.0
25	212297.0
26	257662.0
27	309158.0
28	369167.0
29	435466.0
30	517228.0
31	621194.0
32	761141.0
33	965951.0
34	1286744.0
35	1816510.0
36	2659660.0
37	3364948.0
38	2343759.0
39	413755.0
40	602.0
>>END_MODULE
>>Per base sequence content	fail
#Base	G	A	T	C
1	35.37418418272015	17.00820955381863	7.827225337665326	39.790380925795894
2	24.3094156263544	18.938070620484957	37.83529106011685	18.91722269304379
3	25.251113127682267	23.53957328378055	22.701297099406816	28.508016489130366
4	27.11129968261699	29.49678942707459	19.81376477826369	23.57814611204473
5	28.730422103173623	29.61399232070885	22.690310704049846	18.96527487206768
6	23.23805457120689	32.70889399950854	24.25362906854445	19.799422360740127
7	20.995447890232832	19.91242852469799	37.311632858260694	21.780490726808484
8	21.060200668378883	22.003136690809246	31.337862939989318	25.59879970082255
9	21.62908049393881	20.877314061751225	33.03439125005699	24.459214194252976
10-14	23.614666259626546	27.078958865746035	26.701725053254847	22.60464982137257
15-19	23.833718994574184	26.033594788330483	26.920333217594322	23.212352999501018
20-24	23.762138501398937	26.25066594083237	26.794425961400332	23.19276959636836
25-29	23.678052593908117	26.25239630452405	26.736938670692993	23.33261243087484
30-34	23.588223671659584	26.39272158865494	26.584368495767645	23.43468624391783
35-39	23.59873453171683	26.419854060469717	26.58715964165997	23.39425176615349
40-44	23.659093580580866	26.375801854414238	26.498132370656258	23.466972194348646
45-49	23.657703626525077	26.3546777351743	26.455228212268743	23.53239042603188
50-54	23.613323122858315	26.44088934268778	26.46360919664705	23.48217833780686
55-59	23.731568693809773	26.316564927584373	26.343129593540727	23.608736785065126
60-64	23.67754137062202	26.298382477144262	26.320987483711306	23.70308866852242
65-69	23.658565846579	26.415655171512654	26.325759960635743	23.600019021272608
70-74	23.792273873194063	26.344438125149814	26.26691455370932	23.5963734479468
75-79	23.683282703592184	26.262597959001805	26.320875007168866	23.733244330237145
80-84	23.66330313351023	26.39641347437523	26.299505156629927	23.640778235484614
85-89	23.746618190104765	26.39269595892333	26.188712727073515	23.671973123898393
90-94	23.616862759348194	26.383349767341613	26.151328962728904	23.84845851058129
95-99	23.616074974843222	26.50954544609756	26.170323175728466	23.704056403330757
100	23.979682603329657	26.235543357114516	25.784351611296696	24.00042242825913
>>END_MODULE
>>Per base GC content	fail
#Base	%GC
1	75.16456510851604
2	43.22663831939819
3	53.75912961681264
4	50.68944579466172
5	47.695696975241304
6	43.03747693194702
7	42.77593861704132
8	46.65900036920143
9	46.08829468819179
10-14	46.219316080999114
15-19	47.0460719940752
20-24	46.954908097767294
25-29	47.01066502478295
30-34	47.022909915577415
35-39	46.99298629787032
40-44	47.12606577492951
45-49	47.19009405255696
50-54	47.095501460665176
55-59	47.3403054788749
60-64	47.38063003914444
65-69	47.2585848678516
70-74	47.388647321140866
75-79	47.416527033829325
80-84	47.304081368994844
85-89	47.41859131400316
90-94	47.46532126992948
95-99	47.320131378173976
100	47.980105031588785
>>END_MODULE
>>Per sequence GC content	fail
#GC Content	Count
0	22678.0
1	21627.5
2	18615.5
3	16187.0
4	13302.5
5	9357.5
6	7500.5
7	7039.0
8	6971.5
9	7080.0
10	7286.5
11	7654.0
12	8097.0
13	8700.0
14	9547.5
15	10543.5
16	11753.0
17	13424.5
18	16037.0
19	19707.5
20	24971.0
21	32269.0
22	42015.0
23	54164.0
24	69190.0
25	88382.5
26	111965.0
27	138819.0
28	167474.0
29	198457.0
30	230212.5
31	260252.5
32	289148.0
33	316963.0
34	345062.5
35	373074.5
36	396810.5
37	415892.0
38	434477.5
39	450173.5
40	458825.0
41	470092.0
42	484750.0
43	501245.5
44	521074.5
45	536655.0
46	555236.0
47	582280.5
48	601017.0
49	615651.0
50	636464.5
51	658024.0
52	677311.5
53	686063.5
54	684680.0
55	683057.0
56	664074.5
57	632484.5
58	596170.5
59	544544.5
60	488440.5
61	429421.0
62	370882.5
63	313923.5
64	260137.0
65	216800.0
66	179157.0
67	147199.0
68	121509.5
69	98064.5
70	75526.0
71	55058.5
72	40726.0
73	31974.0
74	25565.0
75	19382.5
76	14465.0
77	10681.0
78	7635.5
79	5324.0
80	4218.5
81	3498.5
82	3050.0
83	2653.0
84	1957.0
85	1392.5
86	970.0
87	681.0
88	542.0
89	448.5
90	333.0
91	219.0
92	145.5
93	95.5
94	68.5
95	39.0
96	19.5
97	12.0
98	7.0
99	4.0
100	2.0
>>END_MODULE
>>Per base N content	pass
#Base	N-Count
1	0.12107166158428662
2	0.003392894093801559
3	0.004223070308242366
4	3.8692553932964975
5	0.008141914550323193
6	0.012777494778784594
7	0.013839707823348608
8	0.01533505628414261
9	0.018258720343695016
10-14	0.02096478542033188
15-19	0.19223065409687065
20-24	0.00507593456829522
25-29	0.005739044265047318
30-34	0.015581530961473482
35-39	0.015911538897648708
40-44	0.018275220740503778
45-49	0.007331332557092791
50-54	0.008368795006443663
55-59	0.9435772540586206
60-64	0.002186302577160883
65-69	0.0023141806524287836
70-74	0.003411457040211415
75-79	0.0030401981120142846
80-84	0.0036630880915450264
85-89	0.004633517678860305
90-94	1.0100521964271174
95-99	0.009697076949548954
100	0.004284946796275221
>>END_MODULE
>>Sequence Length Distribution	pass
#Length	Count
100	1.9393473E7
>>END_MODULE
>>Sequence Duplication Levels	warn
#Total Duplicate Percentage	44.07469666804402
#Duplication Level	Relative count
1	100.0
2	21.86426874218114
3	8.452347967725414
4	4.7715002980613415
5	3.1351015507585873
6	2.4088394079074416
7	1.8966776655499862
8	1.5247306952805555
9	1.3668841255048152
10++	22.501532287180005
>>END_MODULE
>>Overrepresented sequences	warn
#Sequence	Count	Percentage	Possible Source
TTTTTTTTTTTTTTTTTTTTTTTTTTTTTTTTTTTTTTTTTTTTTTTTTT	26974	0.13908803234985295	No Hit
>>END_MODULE
>>Kmer Content	fail
#Sequence	Count	Obs/Exp Overall	Obs/Exp Max	Max Obs/Exp Position
TTTTT	26014190	10.893381	15.41128	10-14
AAAAA	16400310	7.257404	8.90489	95-96
CTCCT	4013700	2.3678682	6.768397	1
CTCCA	3763895	2.2451503	6.2078934	1
CTGGA	3744750	2.1891565	6.9063206	1
CTCTG	3711690	2.1677406	5.1099653	1
GAAGA	4010395	2.1380203	5.175547	2
GGGGG	3032015	2.1374655	6.0816555	1
CTTTT	4103605	1.9263626	6.9952927	1
GTTTT	4009240	1.8631918	6.6836433	1
GGAAG	2938185	1.7192993	5.0178766	1
CTCAG	2786775	1.6456325	5.4219875	1
GGAAA	3035540	1.6183058	5.7658215	1
CTGGG	2452990	1.5739737	6.540606	1
GTGGA	2669530	1.5449407	5.0923243	1
GGGAG	2389965	1.5350113	5.198126	1
>>END_MODULE
