##FastQC	0.10.1
>>Basic Statistics	pass
#Measure	Value	
Filename	L_parva_NA_BW_2_R2.fastq.gz	
File type	Conventional base calls	
Encoding	Sanger / Illumina 1.9	
Total Sequences	10964790	
Filtered Sequences	0	
Sequence length	100	
%GC	49	
>>END_MODULE
>>Per base sequence quality	pass
#Base	Mean	Median	Lower Quartile	Upper Quartile	10th Percentile	90th Percentile
1	29.39828651529122	31.0	30.0	34.0	23.0	34.0
2	29.44857138166805	31.0	30.0	34.0	23.0	34.0
3	29.482086843432477	31.0	30.0	34.0	23.0	34.0
4	32.744640161827085	37.0	35.0	37.0	25.0	37.0
5	32.68323296661404	37.0	35.0	37.0	24.0	37.0
6	32.613848874442645	37.0	35.0	37.0	23.0	37.0
7	32.634157699326664	37.0	35.0	37.0	23.0	37.0
8	32.55509298399696	37.0	35.0	37.0	23.0	37.0
9	33.93782087937845	39.0	35.0	39.0	22.0	39.0
10-14	33.9887751429804	39.2	35.0	39.4	19.8	39.4
15-19	34.6522937146995	39.6	34.6	41.0	17.6	41.0
20-24	34.35138245237711	39.0	34.0	41.0	16.6	41.0
25-29	34.04511951437282	39.0	34.0	41.0	11.8	41.0
30-34	33.19313336598329	38.6	32.4	40.8	8.2	41.0
35-39	32.995233543004474	38.0	32.4	40.0	3.8	41.0
40-44	32.59144930272262	38.0	32.0	40.0	2.0	41.0
45-49	32.17632731680224	37.8	31.0	40.0	2.0	41.0
50-54	31.325545113039105	36.0	30.4	39.6	2.0	40.6
55-59	31.21696364453856	35.6	30.6	39.8	2.0	41.0
60-64	30.467282054649473	35.0	29.8	38.8	2.0	40.8
65-69	29.68161513353197	35.0	29.0	37.2	2.0	40.0
70-74	28.9906004036557	34.8	29.0	36.2	2.0	39.0
75-79	28.27359347511443	34.0	27.6	35.0	2.0	37.4
80-84	27.62708872673348	34.0	26.8	35.0	2.0	36.2
85-89	27.068518959323434	34.0	25.6	35.0	2.0	35.4
90-94	26.514869596225736	34.0	24.6	35.0	2.0	35.0
95-99	25.863314299681075	33.2	22.2	35.0	2.0	35.0
100	24.602392111476828	32.0	15.0	35.0	2.0	35.0
>>END_MODULE
>>Per sequence quality scores	pass
#Quality	Count
2	651699.0
3	91963.0
4	58675.0
5	49301.0
6	49905.0
7	49849.0
8	51756.0
9	54497.0
10	57974.0
11	59076.0
12	56935.0
13	55800.0
14	56012.0
15	57253.0
16	58040.0
17	57091.0
18	57422.0
19	56796.0
20	58920.0
21	62369.0
22	68806.0
23	79270.0
24	94456.0
25	112939.0
26	132970.0
27	156527.0
28	183660.0
29	216945.0
30	255240.0
31	308857.0
32	384049.0
33	492362.0
34	665308.0
35	961023.0
36	1483130.0
37	1946931.0
38	1391180.0
39	279387.0
40	417.0
>>END_MODULE
>>Per base sequence content	fail
#Base	G	A	T	C
1	33.79468086775854	14.648790122591715	7.9736437486473895	43.58288526100236
2	25.56116882552774	17.291274507334727	38.24151649177136	18.906040175366172
3	25.103246479528625	22.30439646064207	23.73735650326911	28.8550005565602
4	26.759515948985506	29.521099337935652	19.76133202985471	23.95805268322413
5	28.989776387912553	30.483069412234464	21.8021055290211	18.72504867083188
6	22.142868938408103	33.72332900477887	23.34474304161224	20.789059015200788
7	20.524694272617776	18.565646728386493	38.093586661451425	22.81607233754431
8	20.939652124322784	20.9861876247505	30.21394011976048	27.86022013116624
9	22.497497613940336	20.128334929513958	31.357116652748555	26.017050803797147
10-14	24.354567060769998	26.303002200932685	25.26530443407259	24.077126304224727
15-19	24.647589194163043	24.97396597787977	25.966072049558857	24.41237277839833
20-24	24.456413927486135	25.484313114950773	25.729272358610388	24.330000598952697
25-29	24.608790055878664	25.5722568137758	25.534775687079485	24.28417744326605
30-34	24.651866425511802	25.53706113494878	25.528238663014058	24.28283377652536
35-39	24.545422274266127	25.467726700266258	25.535921777426708	24.450929248040907
40-44	24.744992949580347	25.394068277727072	25.369513723611313	24.49142504908127
45-49	24.716587551077104	25.41991011378699	25.276030842120136	24.587471493015766
50-54	24.68979124209301	25.509858918826687	25.24649578657684	24.55385405250346
55-59	25.00066536441434	25.235474200380747	25.0820680000606	24.681792435144313
60-64	24.936177585200685	25.198791950919613	25.1291862486511	24.735844215228607
65-69	24.87375313982384	25.255990500512766	25.160785720980584	24.709470638682813
70-74	25.05798759076509	25.249003496850676	25.081246510158213	24.611762402226024
75-79	25.082130938246888	25.166071514940242	24.986998528014716	24.764799018798158
80-84	25.071984556072223	25.113335531782766	25.065523180922572	24.749156731222435
85-89	25.121591647908488	25.252063418081487	24.84475231910318	24.78159261490685
90-94	25.057171913937164	25.15965730232301	24.9143012159705	24.868869567769323
95-99	24.990733467365143	25.23279300246936	24.948993463841397	24.8274800663241
100	25.470100709729564	24.78101204673276	24.386936844124303	25.36195039941337
>>END_MODULE
>>Per base GC content	fail
#Base	%GC
1	77.3775661287609
2	44.46720900089392
3	53.95824703608882
4	50.71756863220964
5	47.71482505874444
6	42.93192795360889
7	43.340766610162085
8	48.79987225548902
9	48.51454841773749
10-14	48.43169336499473
15-19	49.059961972561375
20-24	48.78641452643883
25-29	48.89296749914471
30-34	48.93470020203716
35-39	48.99635152230704
40-44	49.236417998661615
45-49	49.30405904409287
50-54	49.24364529459647
55-59	49.68245779955865
60-64	49.67202180042929
65-69	49.58322377850665
70-74	49.669749992991115
75-79	49.84692995704504
80-84	49.821141287294665
85-89	49.90318426281533
90-94	49.9260414817065
95-99	49.818213533689246
100	50.83205110914294
>>END_MODULE
>>Per sequence GC content	warn
#GC Content	Count
0	13396.0
1	8966.0
2	3995.0
3	3375.5
4	3103.0
5	2809.0
6	2701.5
7	2632.5
8	2553.5
9	2551.0
10	2525.0
11	2526.0
12	2565.5
13	2563.0
14	2647.5
15	2871.0
16	3137.0
17	3616.5
18	4378.5
19	5579.0
20	7539.0
21	10369.0
22	14449.0
23	19853.5
24	26433.0
25	34861.0
26	45431.5
27	57946.5
28	71427.5
29	85662.5
30	101006.5
31	117664.5
32	134974.5
33	149999.5
34	163892.0
35	176827.5
36	188061.5
37	198330.5
38	207582.5
39	217749.5
40	227462.0
41	241223.0
42	253392.5
43	264409.5
44	285176.5
45	303946.0
46	320528.5
47	335312.5
48	342713.0
49	348898.0
50	364521.0
51	379437.5
52	391066.0
53	393658.0
54	381327.0
55	376948.5
56	374853.0
57	356850.0
58	337680.0
59	321145.5
60	301524.0
61	270937.5
62	232854.0
63	203952.5
64	183491.0
65	166546.0
66	144059.0
67	125062.5
68	111365.5
69	93003.5
70	74409.5
71	58386.5
72	46275.0
73	42210.5
74	38132.5
75	33084.5
76	27358.5
77	21358.5
78	17793.0
79	15654.0
80	16211.0
81	14590.5
82	9686.0
83	5613.0
84	3329.0
85	2044.0
86	1164.0
87	759.0
88	519.5
89	338.0
90	210.5
91	129.5
92	93.0
93	76.0
94	50.0
95	31.5
96	27.0
97	22.5
98	16.0
99	11.5
100	6.0
>>END_MODULE
>>Per base N content	pass
#Base	N-Count
1	0.041095178293428326
2	0.056854714043771015
3	0.042043668870995254
4	0.0399004449697623
5	0.04974103471201911
6	0.03867835134097416
7	0.042107509582946866
8	0.04938535074543152
9	0.038769552358047896
10-14	0.03548996378407612
15-19	0.05345291610692043
20-24	0.05162707174510411
25-29	0.03228516004410481
30-34	0.05845985194426888
35-39	0.05947218323378743
40-44	0.09490925042796078
45-49	0.07137391596191081
50-54	0.06861599720560084
55-59	0.07649941312145514
60-64	0.0670728759967131
65-69	0.06901180961970088
70-74	0.06633232373807432
75-79	0.06201669161014484
80-84	0.06721697360368963
85-89	0.06539660130289773
90-94	0.05791082182148496
95-99	0.054706018081513645
100	0.054428766989609474
>>END_MODULE
>>Sequence Length Distribution	pass
#Length	Count
100	1.096479E7
>>END_MODULE
>>Sequence Duplication Levels	warn
#Total Duplicate Percentage	41.82353280116303
#Duplication Level	Relative count
1	100.0
2	17.778234899737917
3	6.938349484975925
4	3.8291582860973974
5	2.591119644054367
6	1.986956786737368
7	1.5237398671298836
8	1.2357530322423356
9	1.0369049795818859
10++	15.45376973243128
>>END_MODULE
>>Overrepresented sequences	warn
#Sequence	Count	Percentage	Possible Source
TTTTTTTTTTTTTTTTTTTTTTTTTTTTTTTTTTTTTTTTTTTTTTTTTT	27817	0.25369386919402925	No Hit
>>END_MODULE
>>Kmer Content	fail
#Sequence	Count	Obs/Exp Overall	Obs/Exp Max	Max Obs/Exp Position
TTTTT	9012205	8.221585	13.675858	2
AAAAA	5705610	5.397371	8.3436985	2
CTCCT	2169130	2.1375604	6.3754544	1
GAAGA	2184470	2.1171234	5.5987024	2
CTCCA	2121355	2.1057038	6.5119076	1
GAAAA	2166945	2.074856	5.6300917	2
CTGGA	2028970	1.9885792	6.433475	1
CTTTT	2037655	1.9073244	6.097584	1
CTTCA	1931580	1.8686467	5.1149487	1
GTTTT	1999540	1.8597976	8.2611885	1
CTGAA	1813630	1.7561274	5.212973	1
GGAAA	1679875	1.628085	6.426888	1
GGAAG	1655320	1.6238354	5.0892053	1
CTCAG	1554950	1.5337058	5.3271527	1
CTGGG	1479595	1.4678109	5.7730412	1
GTTTG	1386405	1.3147308	5.0848646	1
>>END_MODULE
