##FastQC	0.10.1
>>Basic Statistics	pass
#Measure	Value	
Filename	F_grandis_NA_transfer_1_R1.fastq.gz	
File type	Conventional base calls	
Encoding	Sanger / Illumina 1.9	
Total Sequences	23696114	
Filtered Sequences	0	
Sequence length	100	
%GC	49	
>>END_MODULE
>>Per base sequence quality	pass
#Base	Mean	Median	Lower Quartile	Upper Quartile	10th Percentile	90th Percentile
1	29.832093397254926	31.0	30.0	34.0	25.0	34.0
2	30.14978447520973	31.0	30.0	34.0	26.0	34.0
3	29.71906672123539	31.0	30.0	34.0	24.0	34.0
4	31.31841415010073	35.0	32.0	37.0	10.0	37.0
5	32.395062793840374	35.0	32.0	37.0	19.0	37.0
6	32.78896577725782	35.0	33.0	37.0	26.0	37.0
7	32.933919249375656	35.0	33.0	37.0	26.0	37.0
8	32.91409321376492	36.0	35.0	37.0	26.0	37.0
9	34.34851317815233	39.0	35.0	39.0	26.0	39.0
10-14	34.39035491642216	38.6	35.0	39.4	25.4	39.4
15-19	34.520425576953244	39.0	33.6	41.0	19.4	41.0
20-24	34.73935354125997	39.0	34.0	41.0	22.2	41.0
25-29	34.38472200125303	39.0	34.0	41.0	18.2	41.0
30-34	33.96571773751595	38.8	33.2	41.0	16.0	41.0
35-39	33.5652272773502	38.0	33.0	40.0	12.0	41.0
40-44	33.3167285150637	38.0	33.0	40.0	8.6	41.0
45-49	32.828331025078626	38.0	32.0	40.0	3.8	41.0
50-54	32.157393874793144	36.8	31.2	40.0	2.0	41.0
55-59	30.778417178445373	35.2	29.0	39.4	2.0	41.0
60-64	30.562377172898476	35.0	29.8	38.6	2.0	40.4
65-69	29.853950998041284	35.0	29.0	37.2	2.0	39.8
70-74	29.09521891226553	34.2	29.0	35.8	2.0	38.8
75-79	28.028398420095378	33.4	27.4	35.0	2.0	37.0
80-84	27.98206031588133	34.0	27.6	35.0	2.0	36.0
85-89	27.504440863172753	34.0	27.0	35.0	2.0	35.2
90-94	26.47094790310344	33.4	23.2	35.0	2.0	35.0
95-99	26.28297552923657	33.4	24.8	35.0	2.0	35.0
100	25.19062906263871	32.0	19.0	35.0	2.0	35.0
>>END_MODULE
>>Per sequence quality scores	pass
#Quality	Count
2	928226.0
3	277683.0
4	146212.0
5	108808.0
6	101796.0
7	104744.0
8	107972.0
9	120362.0
10	132083.0
11	138361.0
12	138965.0
13	141536.0
14	141852.0
15	140154.0
16	137083.0
17	133467.0
18	130433.0
19	127958.0
20	128301.0
21	133271.0
22	147614.0
23	172465.0
24	209990.0
25	254892.0
26	309259.0
27	373678.0
28	442365.0
29	519482.0
30	616674.0
31	740905.0
32	906796.0
33	1151347.0
34	1538542.0
35	2184579.0
36	3252864.0
37	4138492.0
38	2759733.0
39	456609.0
40	561.0
>>END_MODULE
>>Per base sequence content	fail
#Base	G	A	T	C
1	35.047652430568874	15.100516198750464	6.404794768618132	43.447036602062525
2	24.054254036331105	17.42894795825492	38.68924792521467	19.827550080199302
3	25.10652914377996	21.91732074893441	22.810916778401864	30.16523332888376
4	26.930917854254638	29.040279564092806	19.05302668468785	24.975775896964706
5	28.878857848514173	29.815837020236575	21.970665432048225	19.334639699201027
6	23.345522520663163	32.46698515561262	23.647669176676953	20.53982314704727
7	21.17844392798379	19.48632433496499	36.85397069365288	22.48126104339834
8	21.26449839309006	21.585082655523614	30.435730630037938	26.71468832134839
9	22.36321194707263	20.294268495013903	31.942310597431717	25.400208960481752
10-14	24.374823852442322	26.208844469911135	25.633544277750165	23.782787399896375
15-19	24.592539287792647	25.249657883955575	25.882878136413368	24.274924691838415
20-24	24.463249419341004	25.43693369272787	25.877870991600627	24.221945896330503
25-29	24.478194905158734	25.492419655673288	25.682964992331375	24.346420446836607
30-34	24.39823003104858	25.477841634786163	25.636495328303155	24.4874330058621
35-39	24.355324002389654	25.600372857991843	25.659261655646798	24.3850414839717
40-44	24.486828465448365	25.477155794531924	25.51626542371281	24.519750316306904
45-49	24.509950584603466	25.494535278470636	25.422746275845252	24.572767861080642
50-54	24.46228077841857	25.52591461085664	25.49679938470503	24.515005226019763
55-59	24.511297111911627	25.42682282157884	25.421304305666947	24.640575760842587
60-64	24.5193736593339	25.365315013502975	25.3618620504019	24.753449276761224
65-69	24.441596408466506	25.609324545905448	25.34108008197455	24.607998963653497
70-74	24.58447774096645	25.500930332136317	25.316405982772704	24.598185944124534
75-79	24.48419279845835	25.391341306866323	25.33638363386292	24.78808226081241
80-84	24.45517051834471	25.500234447937252	25.339412270297636	24.705182763420403
85-89	24.58435896013112	25.47238732966343	25.19009416237758	24.75315954782787
90-94	24.43707473849158	25.445002528240547	25.172604063033287	24.945318670234588
95-99	24.445074389680084	25.608642683563776	25.216333657052743	24.7299492697034
100	24.872409010641082	25.317586360122203	24.67093233941552	25.139072289821197
>>END_MODULE
>>Per base GC content	fail
#Base	%GC
1	78.4946890326314
2	43.88180411653041
3	55.271762472663724
4	51.90669375121934
5	48.2134975477152
6	43.88534566771043
7	43.659704971382126
8	47.979186714438455
9	47.763420907554384
10-14	48.1576112523387
15-19	48.86746397963107
20-24	48.68519531567151
25-29	48.82461535199534
30-34	48.885663036910685
35-39	48.740365486361355
40-44	49.006578781755266
45-49	49.08271844568411
50-54	48.977286004438334
55-59	49.15187287275421
60-64	49.272822936095125
65-69	49.04959537212
70-74	49.18266368509098
75-79	49.27227505927076
80-84	49.16035328176511
85-89	49.33751850795899
90-94	49.382393408726166
95-99	49.175023659383484
100	50.01148130046228
>>END_MODULE
>>Per sequence GC content	warn
#GC Content	Count
0	9980.0
1	12741.5
2	14226.0
3	12795.0
4	10766.5
5	7631.0
6	6164.0
7	5809.5
8	5730.5
9	5785.0
10	5843.0
11	5944.5
12	6139.0
13	6486.0
14	6909.5
15	7635.0
16	8655.0
17	9978.5
18	11814.0
19	14458.0
20	18853.5
21	24564.0
22	31508.0
23	41284.0
24	54316.0
25	70941.5
26	91206.0
27	115429.5
28	140885.0
29	168197.0
30	201854.5
31	233472.5
32	262347.0
33	296488.5
34	325075.5
35	349591.5
36	375376.0
37	395576.0
38	420880.5
39	451489.5
40	477894.5
41	506567.5
42	534376.0
43	563914.0
44	602858.0
45	640961.5
46	679764.5
47	726739.0
48	771315.5
49	815751.5
50	864365.5
51	915595.0
52	951838.5
53	966047.5
54	968624.5
55	960611.5
56	935822.0
57	898125.5
58	846613.0
59	772087.0
60	684720.0
61	590525.5
62	508732.0
63	439104.0
64	368508.5
65	306235.5
66	255254.0
67	210340.0
68	170760.5
69	134208.0
70	100996.5
71	73908.5
72	53211.0
73	40426.0
74	31855.0
75	23762.5
76	17211.0
77	12459.0
78	8960.0
79	6090.5
80	4518.5
81	3447.5
82	2784.5
83	2340.0
84	1719.0
85	1201.5
86	828.5
87	580.0
88	447.5
89	337.0
90	266.0
91	219.0
92	172.5
93	117.5
94	59.0
95	28.5
96	26.5
97	21.0
98	12.5
99	7.5
100	2.5
>>END_MODULE
>>Per base N content	pass
#Base	N-Count
1	0.12021380383298291
2	0.003253698053613348
3	0.004030196681194224
4	4.044671628436629
5	0.007950670730230282
6	0.012592782090768131
7	0.013614046590086458
8	0.015812719334486657
9	0.019214120931389845
10-14	0.021265090132500206
15-19	0.21859111582599577
20-24	0.005173000096133906
25-29	0.00584737227378295
30-34	0.015321499550517018
35-39	0.01545485474960156
40-44	0.017937118297118252
45-49	0.0070771097742017945
50-54	0.008365928691936577
55-59	0.9538939591529649
60-64	0.0022088009873686464
65-69	0.002381825138079602
70-74	0.0034309423055611564
75-79	0.003323751734145101
80-84	0.003690900541751276
85-89	0.004949334730580719
90-94	1.025674505110838
95-99	0.009890229258687733
100	0.004485967614774305
>>END_MODULE
>>Sequence Length Distribution	pass
#Length	Count
100	2.3696114E7
>>END_MODULE
>>Sequence Duplication Levels	fail
#Total Duplicate Percentage	50.524599000055765
#Duplication Level	Relative count
1	100.0
2	25.425209200108945
3	11.124468195009252
4	6.412652497722513
5	4.326756013035679
6	3.2420147074015984
7	2.5169754970557023
8	2.1300374728814675
9	1.809780515979977
10++	30.846098218394584
>>END_MODULE
>>Overrepresented sequences	pass
>>END_MODULE
>>Kmer Content	fail
#Sequence	Count	Obs/Exp Overall	Obs/Exp Max	Max Obs/Exp Position
TTTTT	20298880	8.360655	11.944763	10-14
AAAAA	13854555	5.9332256	7.2117586	65-69
CTCCT	5581945	2.5374093	8.227619	1
TCCTC	5539025	2.5178988	5.085072	2
CTCCA	5315555	2.4352276	7.6939225	1
TCCAG	5050585	2.3233314	5.0383215	2
CTGGA	5024390	2.3207664	7.2956386	1
GAAGA	5070620	2.3019838	5.5299907	2
CTCTG	4948410	2.2586513	5.826105	1
CTTCA	4728090	2.0960312	5.307046	1
GAAAA	4501495	1.9848446	5.282303	2
CTTTT	4373030	1.8613565	6.743514	1
CTGAA	4130670	1.8530927	5.239616	1
GTTTT	4173485	1.7837113	6.523228	1
CTCAG	3716510	1.7096405	6.300506	1
GGAAA	3474390	1.5773201	5.8417125	1
CTGGG	3191835	1.5179588	6.0384407	1
>>END_MODULE
