##FastQC	0.10.1
>>Basic Statistics	pass
#Measure	Value	
Filename	F_olivaceous_NA_BW_3_R2.fastq.gz	
File type	Conventional base calls	
Encoding	Sanger / Illumina 1.9	
Total Sequences	18180511	
Filtered Sequences	0	
Sequence length	100	
%GC	48	
>>END_MODULE
>>Per base sequence quality	pass
#Base	Mean	Median	Lower Quartile	Upper Quartile	10th Percentile	90th Percentile
1	30.731027582228023	31.0	31.0	34.0	27.0	34.0
2	30.794459022631433	33.0	31.0	34.0	27.0	34.0
3	30.844127428541476	33.0	31.0	34.0	27.0	34.0
4	34.249024463613814	37.0	35.0	37.0	30.0	37.0
5	34.203335208784836	37.0	35.0	37.0	30.0	37.0
6	34.16664245575936	37.0	35.0	37.0	30.0	37.0
7	34.18073111366342	37.0	35.0	37.0	30.0	37.0
8	34.13778281589555	37.0	35.0	37.0	30.0	37.0
9	35.67787291567327	39.0	37.0	39.0	30.0	39.0
10-14	35.79776866557821	39.2	37.0	39.4	30.0	39.4
15-19	36.627802320847856	40.0	37.0	41.0	30.0	41.0
20-24	36.39906583483819	40.0	36.8	41.0	29.0	41.0
25-29	36.1714617372416	40.0	36.0	41.0	28.2	41.0
30-34	35.38070144453036	39.6	35.2	41.0	22.0	41.0
35-39	35.31685585735186	39.0	34.8	41.0	25.2	41.0
40-44	35.04260460005772	39.0	35.0	41.0	24.4	41.0
45-49	34.75413339042011	39.0	34.4	41.0	24.0	41.0
50-54	33.95264717256847	38.0	33.6	39.8	22.8	40.6
55-59	33.91390583025967	37.6	33.8	40.0	22.2	41.0
60-64	33.19774718103358	36.4	33.0	39.6	20.4	41.0
65-69	32.393737920787814	35.0	32.6	38.8	18.2	40.6
70-74	31.65470504101892	35.0	32.0	36.8	13.8	39.6
75-79	30.896027641907313	35.0	31.6	35.8	7.2	38.4
80-84	30.238114121214743	35.0	31.0	35.0	2.0	36.6
85-89	29.704793215108204	34.4	31.0	35.0	2.0	36.0
90-94	29.21756785604101	34.0	30.2	35.0	2.0	35.0
95-99	28.66695702887559	34.0	30.0	35.0	2.0	35.0
100	27.423475335759264	34.0	27.0	35.0	2.0	35.0
>>END_MODULE
>>Per sequence quality scores	pass
#Quality	Count
2	527319.0
3	80975.0
4	54051.0
5	47502.0
6	51007.0
7	49710.0
8	51287.0
9	55536.0
10	60783.0
11	64177.0
12	63599.0
13	64042.0
14	65033.0
15	66915.0
16	68574.0
17	67069.0
18	66658.0
19	67235.0
20	69015.0
21	73996.0
22	82189.0
23	96355.0
24	115584.0
25	139513.0
26	168276.0
27	202187.0
28	243371.0
29	292743.0
30	357431.0
31	444948.0
32	570067.0
33	755204.0
34	1054155.0
35	1578757.0
36	2614101.0
37	3901812.0
38	3191810.0
39	656503.0
40	1022.0
>>END_MODULE
>>Per base sequence content	fail
#Base	G	A	T	C
1	35.12582172179294	14.42287301506075	8.182585523169982	42.268719739976326
2	24.605486278964424	17.444410587153484	39.02031259518923	18.92979053869286
3	25.44288548616364	22.250590595601764	23.15089638526824	29.15562753296636
4	26.600336646257812	29.15638754387937	19.68340659469451	24.559869215168305
5	28.71994592645384	30.31328417826551	22.17308146189855	18.793688433382105
6	21.998114706860136	33.82442255744658	23.665386438324493	20.51207629736879
7	19.840127076051285	18.815084492500254	39.07874154739348	22.266046884054987
8	20.37139461259514	21.54417713036946	31.082602468586607	27.001825788448798
9	21.79742515492616	20.576272596527527	32.288709970462435	25.337592278083886
10-14	23.745286856948404	27.098383122178927	26.097100438818053	23.059229582054613
15-19	24.109900849710726	25.655093187765175	26.484393016543677	23.75061294598042
20-24	23.990485892789177	26.0506097384545	26.3357692524467	23.623135116309623
25-29	24.01054689219783	26.191060888464683	26.182984054844916	23.615408164492575
30-34	24.110990933049752	26.097262163202245	26.170332826431082	23.62141407731692
35-39	23.878651557417736	26.151580229299736	26.212634867102807	23.757133346179717
40-44	24.043900619646518	26.087029528842066	26.127655372518426	23.74141447899299
45-49	24.000847891152016	26.161988402503784	26.04362115086407	23.79354255548013
50-54	23.96679880173051	26.189358400794728	26.092388488205575	23.751454309269185
55-59	24.106513185892748	26.086006002451523	25.950900974301366	23.85657983735436
60-64	24.01929580910333	26.03067774615798	25.964027626165976	23.985998818572714
65-69	23.96282315768758	26.134309755069452	26.027076569294078	23.875790517948893
70-74	24.09015186736771	26.08046882248636	25.983942622019963	23.84543668812597
75-79	24.056979115575395	26.027716089116975	25.944527755934804	23.970777039372823
80-84	24.04898935675161	26.08757438630524	25.92643659966655	23.9369996572766
85-89	24.20151226773345	26.063688810070744	25.792713230840153	23.94208569135565
90-94	24.081712202174444	25.977386528615277	25.85207324678654	24.08882802242374
95-99	24.16516453767455	26.080822143286348	25.865649216068892	23.888364102970204
100	24.584106940046045	25.75661570630472	25.45596156769178	24.203315785957454
>>END_MODULE
>>Per base GC content	fail
#Base	%GC
1	77.39454146176928
2	43.535276817657284
3	54.59851301913
4	51.16020586142612
5	47.51363435983594
6	42.51019100422893
7	42.106173960106275
8	47.37322040104394
9	47.13501743301004
10-14	46.80451643900302
15-19	47.86051379569115
20-24	47.6136210090988
25-29	47.62595505669041
30-34	47.732405010366676
35-39	47.635784903597454
40-44	47.78531509863951
45-49	47.79439044663214
50-54	47.7182531109997
55-59	47.96309302324711
60-64	48.005294627676044
65-69	47.83861367563647
70-74	47.93558855549368
75-79	48.02775615494822
80-84	47.98598901402821
85-89	48.1435979590891
90-94	48.17054022459818
95-99	48.05352864064476
100	48.7874227260035
>>END_MODULE
>>Per sequence GC content	warn
#GC Content	Count
0	23041.0
1	15009.5
2	6053.5
3	5070.5
4	4695.5
5	4146.5
6	3830.5
7	3733.5
8	3747.0
9	3752.0
10	3760.0
11	3798.0
12	3821.0
13	3884.0
14	4068.5
15	4401.0
16	4876.0
17	5655.0
18	6864.0
19	8858.5
20	12002.5
21	17011.5
22	24352.5
23	33302.0
24	44874.0
25	59877.0
26	77396.0
27	97173.0
28	118808.5
29	142529.5
30	170481.5
31	205069.5
32	239473.0
33	270608.0
34	295719.5
35	315746.0
36	336115.0
37	355944.0
38	377843.5
39	399385.0
40	419551.5
41	442347.0
42	472251.5
43	501915.0
44	531416.5
45	551867.0
46	565474.5
47	595003.0
48	625563.5
49	651760.0
50	676182.5
51	695132.5
52	712198.0
53	716993.5
54	705505.0
55	684164.5
56	652216.0
57	610819.0
58	564041.0
59	509109.5
60	450119.5
61	391174.0
62	331679.0
63	279144.0
64	233827.5
65	192969.0
66	158017.0
67	129465.0
68	105316.5
69	81989.0
70	61529.0
71	46254.0
72	34093.0
73	25068.0
74	19005.0
75	14291.0
76	10469.0
77	7393.5
78	5184.0
79	3585.5
80	2745.5
81	2357.0
82	1850.5
83	1297.5
84	897.5
85	635.5
86	436.5
87	308.5
88	193.5
89	125.5
90	101.5
91	72.0
92	42.0
93	27.5
94	24.0
95	15.0
96	12.0
97	11.5
98	6.0
99	5.5
100	4.5
>>END_MODULE
>>Per base N content	pass
#Base	N-Count
1	0.03729818155276274
2	0.05208874492031605
3	0.03799673177503097
4	0.035961585458186514
5	0.04523525218845609
6	0.03382193162777438
7	0.037551199743505556
8	0.04448719840712948
9	0.03503201862697918
10-14	0.03104203176687388
15-19	0.048647697526213646
20-24	0.04678856386379899
25-29	0.02789580556894138
30-34	0.05434830737155847
35-39	0.05446051543875746
40-44	0.09187640545417013
45-49	0.0667814012488428
50-54	0.063674777898157
55-59	0.07077578842530884
60-64	0.06216216914915098
65-69	0.06432822487772757
70-74	0.061294206746994075
75-79	0.057286618621445795
80-84	0.06237448441355691
85-89	0.06037784086486898
90-94	0.05352764837027958
95-99	0.04994359069445298
100	0.05023511165335232
>>END_MODULE
>>Sequence Length Distribution	pass
#Length	Count
100	1.8180511E7
>>END_MODULE
>>Sequence Duplication Levels	fail
#Total Duplicate Percentage	50.16507832439647
#Duplication Level	Relative count
1	100.0
2	27.434102335197107
3	12.255791006906922
4	7.073250951463609
5	4.97956115209322
6	3.5737443029648075
7	2.715782549452615
8	2.140675656627355
9	1.9226612789550346
10++	25.847859794201945
>>END_MODULE
>>Overrepresented sequences	warn
#Sequence	Count	Percentage	Possible Source
TTTTTTTTTTTTTTTTTTTTTTTTTTTTTTTTTTTTTTTTTTTTTTTTTT	37978	0.20889401843545544	No Hit
>>END_MODULE
>>Kmer Content	fail
#Sequence	Count	Obs/Exp Overall	Obs/Exp Max	Max Obs/Exp Position
TTTTT	14013420	6.6494536	10.658673	2
AAAAA	9385925	4.655072	6.2636127	2
CTCCT	4035700	2.478685	8.55179	1
TCCTC	3992695	2.4522717	5.376769	2
CTCCA	3784970	2.345343	7.7253265	1
TCCAG	3685345	2.267022	5.2073483	7
CTGGA	3707875	2.2643123	7.7019944	1
CTCTG	3689315	2.2494783	5.891506	1
GAAGA	3797655	2.1659884	5.4719396	2
CTTTT	3610790	1.8672295	5.1592655	1
CTGAA	3273400	1.8640804	5.2611537	1
GTTTT	3565885	1.8306123	7.1437974	1
CTCAG	2827230	1.7391567	6.1103344	1
GGAAG	2764340	1.6907437	5.352207	1
GGAAA	2930400	1.6713505	5.9773726	1
CTGGG	2454860	1.6076207	6.5608907	1
GGGAG	2241865	1.47042	5.003388	1
CTCCC	2092490	1.400617	5.2740736	1
GTCAG	2106115	1.286155	5.02741	1
>>END_MODULE
