##FastQC	0.10.1
>>Basic Statistics	pass
#Measure	Value	
Filename	F_catanatus_NA_transfer_1_R2.fastq.gz	
File type	Conventional base calls	
Encoding	Sanger / Illumina 1.9	
Total Sequences	30075547	
Filtered Sequences	0	
Sequence length	100	
%GC	48	
>>END_MODULE
>>Per base sequence quality	pass
#Base	Mean	Median	Lower Quartile	Upper Quartile	10th Percentile	90th Percentile
1	29.89905221008948	31.0	30.0	34.0	26.0	34.0
2	29.805227183399193	31.0	30.0	34.0	25.0	34.0
3	29.89390753225536	31.0	30.0	34.0	25.0	34.0
4	33.320729661209484	37.0	35.0	37.0	27.0	37.0
5	33.28776470798686	37.0	35.0	37.0	27.0	37.0
6	33.20635401909731	37.0	35.0	37.0	27.0	37.0
7	33.194917552122995	37.0	35.0	37.0	27.0	37.0
8	33.140813964248096	37.0	35.0	37.0	26.0	37.0
9	34.545705486254334	38.0	35.0	39.0	27.0	39.0
10-14	34.6556146426863	38.2	35.0	39.4	26.8	39.4
15-19	35.30518015183564	39.0	35.0	41.0	25.4	41.0
20-24	35.05571330090855	39.0	34.4	41.0	24.4	41.0
25-29	34.830839991039895	39.0	34.0	41.0	23.8	41.0
30-34	34.47824888438438	39.0	34.0	40.8	22.0	41.0
35-39	34.054666470405344	38.0	33.0	40.0	18.8	41.0
40-44	33.59756696694494	38.0	33.0	40.0	16.0	41.0
45-49	33.18360096326761	38.0	32.0	40.0	12.2	41.0
50-54	32.327391092836976	37.0	31.4	39.6	8.2	40.6
55-59	32.34576341371281	36.4	31.6	40.0	4.8	41.0
60-64	31.583809724225468	35.2	31.0	39.0	2.0	41.0
65-69	30.73101116332149	35.0	30.0	37.8	2.0	40.0
70-74	30.02570435044789	35.0	30.0	36.4	2.0	39.2
75-79	29.250950747462714	34.0	29.0	35.4	2.0	37.6
80-84	28.575246322203213	34.0	29.0	35.0	2.0	36.4
85-89	27.999131580216975	34.0	28.2	35.0	2.0	35.6
90-94	27.46977763031209	34.0	27.0	35.0	2.0	35.0
95-99	26.791110898165876	34.0	25.8	35.0	2.0	35.0
100	25.398456427076788	32.0	20.0	35.0	2.0	35.0
>>END_MODULE
>>Per sequence quality scores	pass
#Quality	Count
2	1125923.0
3	174937.0
4	122047.0
5	106854.0
6	114336.0
7	112208.0
8	117762.0
9	129484.0
10	143149.0
11	153111.0
12	154146.0
13	156300.0
14	159877.0
15	160789.0
16	159893.0
17	156767.0
18	154948.0
19	155839.0
20	159781.0
21	169228.0
22	186790.0
23	218846.0
24	264659.0
25	322385.0
26	389723.0
27	464416.0
28	545356.0
29	644590.0
30	769103.0
31	929832.0
32	1153947.0
33	1470164.0
34	1941286.0
35	2710627.0
36	4043746.0
37	5375324.0
38	4004456.0
39	751810.0
40	1108.0
>>END_MODULE
>>Per base sequence content	fail
#Base	G	A	T	C
1	36.50322915305776	14.107399007147189	9.052461364444886	40.336910475350166
2	25.300505230247406	17.77992737846528	37.98457655024206	18.934990841045252
3	25.75736392117823	22.589846359829963	23.409799618295214	28.242990100696595
4	26.826987865212548	29.534404671490194	19.783170491836106	23.855436971461152
5	28.544101788637565	30.598398850977766	22.161098434495123	18.69640092588955
6	21.79507512382042	33.86352977178458	23.840102848285476	20.501292256109526
7	19.863212511759045	18.26170016858515	39.38377936767929	22.49130795197652
8	20.76633419808294	21.331687787804988	30.579935054969376	27.322042959142696
9	22.09281351252312	20.60959598212333	31.735338998698033	25.56225150665552
10-14	23.85276392853023	26.83909782391769	26.115929021545796	23.192209226006284
15-19	24.174853478182463	25.41587058975074	26.601873120954995	23.8074028111118
20-24	24.049741223617666	25.86185970921396	26.4161185561135	23.67228051105488
25-29	24.072910325555693	26.019053599288345	26.223175880298626	23.684860194857336
30-34	23.88919941789551	25.96373678589956	26.33058552090605	23.816478275298874
35-39	23.96033211552178	26.041771474735988	26.213396365288755	23.78450004445348
40-44	24.10663954734723	25.93207081511443	26.1065126084943	23.85477702904405
45-49	24.06660299173456	25.9746496014336	26.05463743458133	23.904109972250506
50-54	24.034493036958406	26.032622512546638	26.068535490218665	23.86434896027629
55-59	24.166512126561113	25.911466232723594	25.961586790638048	23.96043485007725
60-64	24.128466446499573	25.849002039618608	25.955190289602104	24.067341224279716
65-69	24.06109220011289	25.962978930206937	25.999424576047275	23.976504293632903
70-74	24.1960437012396	25.979339074430662	25.846914744478504	23.977702479851235
75-79	24.144467431264932	25.928005017452843	25.836845248518742	24.090682302763486
80-84	24.157226796029434	25.970263177491766	25.844488718491093	24.02802130798771
85-89	24.280344905443023	25.967864975985545	25.705230751399526	24.04655936717191
90-94	24.1761553445305	25.88217384104351	25.751101564137286	24.1905692502887
95-99	24.241267554206274	25.990657253251403	25.754762830204058	24.01331236233826
100	24.676198962261363	25.67651721843044	25.327007548472196	24.320276270836
>>END_MODULE
>>Per base GC content	fail
#Base	%GC
1	76.84013962840793
2	44.23549607129266
3	54.00035402187483
4	50.682424836673704
5	47.24050271452712
6	42.29636737992995
7	42.35452046373556
8	48.088377157225636
9	47.655065019178636
10-14	47.044973154536514
15-19	47.98225628929426
20-24	47.722021734672545
25-29	47.757770520413025
30-34	47.70567769319439
35-39	47.74483215997526
40-44	47.96141657639127
45-49	47.970712963985065
50-54	47.89884199723469
55-59	48.12694697663836
60-64	48.19580767077929
65-69	48.03759649374579
70-74	48.173746181090834
75-79	48.23514973402842
80-84	48.18524810401714
85-89	48.32690427261493
90-94	48.366724594819196
95-99	48.254579916544536
100	48.996475233097364
>>END_MODULE
>>Per sequence GC content	warn
#GC Content	Count
0	49519.0
1	30938.5
2	11123.0
3	9848.0
4	9588.0
5	9377.5
6	9505.0
7	9662.5
8	9778.0
9	9851.0
10	9906.5
11	10069.0
12	10250.0
13	10371.5
14	10707.0
15	11182.0
16	11867.0
17	13431.5
18	15780.5
19	18985.0
20	24383.5
21	31567.0
22	41915.0
23	56172.5
24	74624.5
25	98295.5
26	125731.5
27	158623.5
28	197382.5
29	240428.0
30	287523.5
31	338719.0
32	390581.0
33	434347.0
34	476003.0
35	514604.0
36	543805.0
37	577576.0
38	613751.0
39	649436.0
40	681244.5
41	712379.5
42	751384.0
43	796489.0
44	843837.5
45	885809.5
46	928611.5
47	974015.0
48	1012855.0
49	1045720.0
50	1077661.0
51	1115781.5
52	1151526.5
53	1162501.0
54	1149264.0
55	1125540.5
56	1081185.5
57	1028519.0
58	966373.5
59	870764.0
60	769908.0
61	667386.5
62	573522.0
63	493677.0
64	411309.0
65	339381.5
66	280720.0
67	229427.0
68	186776.0
69	147154.0
70	110836.5
71	83694.5
72	63761.0
73	49677.0
74	40100.5
75	33488.5
76	25683.5
77	18379.5
78	12931.5
79	9090.0
80	7214.5
81	6156.0
82	5254.0
83	4259.5
84	3328.0
85	2419.5
86	1682.5
87	1234.5
88	810.0
89	588.0
90	493.0
91	374.0
92	301.5
93	243.5
94	150.5
95	86.0
96	53.0
97	34.0
98	23.5
99	16.5
100	7.0
>>END_MODULE
>>Per base N content	pass
#Base	N-Count
1	0.031450799548217695
2	0.26703421221233314
3	0.06951494514796357
4	0.03873578758185179
5	0.04824517406117335
6	0.03939080476242045
7	0.045176235697392306
8	0.037748274370537634
9	0.036940309015826046
10-14	0.04743654371440027
15-19	0.044337015715790636
20-24	0.07749418489379428
25-29	0.03598671039964793
30-34	0.05706762374097469
35-39	0.04208801256382801
40-44	0.045980876091796435
45-49	0.04064697476657698
50-54	0.0409635109878467
55-59	0.043995874788245744
60-64	0.04539302310943838
65-69	0.04039095282290294
70-74	0.035507251123312905
75-79	0.039388809786235976
80-84	0.04852713069524554
85-89	0.05301981706267886
90-94	0.03831551259898947
95-99	0.04050666144160237
100	0.03895191000183638
>>END_MODULE
>>Sequence Length Distribution	pass
#Length	Count
100	3.0075547E7
>>END_MODULE
>>Sequence Duplication Levels	fail
#Total Duplicate Percentage	57.67376522035386
#Duplication Level	Relative count
1	100.0
2	30.408415295726194
3	15.602258192563843
4	9.625986856613594
5	6.842940942971817
6	5.104088563489613
7	4.095179288140079
8	3.3156176950557934
9	2.7389405901292285
10++	42.79319013804966
>>END_MODULE
>>Overrepresented sequences	warn
#Sequence	Count	Percentage	Possible Source
TTTTTTTTTTTTTTTTTTTTTTTTTTTTTTTTTTTTTTTTTTTTTTTTTT	99285	0.3301186841256786	No Hit
>>END_MODULE
>>Kmer Content	fail
#Sequence	Count	Obs/Exp Overall	Obs/Exp Max	Max Obs/Exp Position
TTTTT	28838510	8.295651	13.700713	2
AAAAA	17163680	5.2879715	6.753634	2
CTCCT	6526280	2.407344	7.121938	1
CTCCA	6024960	2.253133	6.3719573	1
GAAGA	6382465	2.21924	5.726235	2
CTCTG	5960075	2.179489	5.0718846	1
CTGGA	5925320	2.1777372	6.917879	1
TCCAG	5831755	2.1620336	5.144691	7
GAAAA	6143145	2.0106573	5.130504	2
GGAGA	5400210	1.9947803	5.336902	1
GTTTT	5831835	1.8068068	7.331496	1
GGAAG	4628020	1.7095416	5.7472005	1
GGAAA	4837710	1.6821151	6.3306813	1
CTCAG	4400445	1.6313974	5.301944	1
CTGGG	3977160	1.5528706	5.970024	1
GGGAG	3859210	1.5144376	5.542247	1
GTTTG	4236255	1.4135702	5.1932764	1
GGGAA	3696685	1.3655162	5.313802	1
GGGGA	3465735	1.3600295	5.241151	1
GTCAG	3411435	1.2538073	5.0301723	1
>>END_MODULE
