##FastQC	0.10.1
>>Basic Statistics	pass
#Measure	Value	
Filename	F_similis_NA_BW_3_R1.fastq.gz	
File type	Conventional base calls	
Encoding	Sanger / Illumina 1.9	
Total Sequences	10009516	
Filtered Sequences	0	
Sequence length	100	
%GC	50	
>>END_MODULE
>>Per base sequence quality	pass
#Base	Mean	Median	Lower Quartile	Upper Quartile	10th Percentile	90th Percentile
1	31.25998739599397	33.0	31.0	34.0	27.0	34.0
2	31.572896631565403	34.0	31.0	34.0	28.0	34.0
3	31.318272531858682	34.0	31.0	34.0	27.0	34.0
4	34.8512681332444	37.0	35.0	37.0	32.0	37.0
5	33.356982595362254	37.0	35.0	37.0	27.0	37.0
6	33.7927865842864	37.0	35.0	37.0	26.0	37.0
7	34.426546298542306	37.0	35.0	37.0	31.0	37.0
8	34.56362615335247	37.0	35.0	37.0	32.0	37.0
9	36.20844754131968	39.0	37.0	39.0	32.0	39.0
10-14	36.353251545828996	39.2	37.2	39.4	31.6	39.4
15-19	37.19089380545473	40.0	37.4	41.0	31.0	41.0
20-24	36.965326854964815	40.0	37.0	41.0	30.6	41.0
25-29	36.63594649331696	40.0	36.8	41.0	30.0	41.0
30-34	36.21763909463755	40.0	36.0	41.0	29.0	41.0
35-39	35.815325036695086	39.4	35.2	41.0	27.4	41.0
40-44	35.52521804251075	39.0	35.0	41.0	26.6	41.0
45-49	34.97730048086241	38.6	34.6	40.8	25.6	41.0
50-54	34.29407879461904	37.6	33.8	40.0	23.6	41.0
55-59	33.50903674063761	36.4	33.0	39.8	22.2	41.0
60-64	32.66988817441323	35.2	32.6	39.0	20.2	40.8
65-69	31.917318060133976	35.0	32.0	37.4	18.6	40.0
70-74	31.162617693003334	35.0	31.4	36.2	14.6	39.0
75-79	30.16413197201543	34.2	30.4	35.0	8.2	37.0
80-84	30.12667441662514	35.0	31.0	35.0	3.8	36.0
85-89	29.662450212377898	34.4	31.0	35.0	2.0	35.4
90-94	29.19365192083214	34.0	30.0	35.0	2.0	35.0
95-99	28.66962868134683	34.0	30.0	35.0	2.0	35.0
100	27.488219710123847	33.0	27.0	35.0	2.0	35.0
>>END_MODULE
>>Per sequence quality scores	pass
#Quality	Count
2	160256.0
3	58545.0
4	33103.0
5	27844.0
6	29388.0
7	29680.0
8	29633.0
9	32602.0
10	35693.0
11	38250.0
12	39116.0
13	40418.0
14	41535.0
15	42594.0
16	42355.0
17	41491.0
18	40610.0
19	40663.0
20	40876.0
21	42146.0
22	46001.0
23	53093.0
24	64068.0
25	78338.0
26	97095.0
27	119948.0
28	145508.0
29	175750.0
30	213895.0
31	261859.0
32	329720.0
33	438464.0
34	620748.0
35	948654.0
36	1565719.0
37	2198750.0
38	1506453.0
39	258350.0
40	305.0
>>END_MODULE
>>Per base sequence content	fail
#Base	G	A	T	C
1	35.43024996567641	14.45930501072475	7.825668930325008	42.284776093273834
2	24.820843703296454	17.797049677014634	36.78615348541158	20.59595313427733
3	25.208319491658777	22.523892187300962	22.26653445265648	30.00125386838378
4	27.69777351307433	29.264369295254205	18.649630544086726	24.388226647584737
5	29.090394857196415	30.255464311569053	20.957501856385583	19.69663897484895
6	22.786414412761292	32.82872757775545	23.19950172068074	21.185356288802517
7	20.80350067608251	18.219634059845497	37.716938125856096	23.259927138215893
8	21.15032760489574	20.429924699054112	30.18846027898095	28.2312874170692
9	22.67080565302082	19.98905714751781	30.971880827258857	26.368256372202513
10-14	24.55593186482158	26.279394806311057	24.80101190676939	24.363661422097973
15-19	25.01481606009547	24.737392817540233	25.40781766305416	24.839973459310137
20-24	24.772704592748184	25.14997116867277	25.293645134179144	24.7836791043999
25-29	24.80527688382576	25.114126531162235	25.28914619464241	24.791450390369597
30-34	24.665280213921275	25.26106839891296	25.1442221384371	24.929429248728663
35-39	24.91400002782705	25.08041856998079	25.04080500771721	24.964776394474956
40-44	25.151294031083047	25.079811468013098	24.802122668923555	24.966771831980296
45-49	25.06439881207299	25.075319742517877	24.81465648027406	25.045624965135072
50-54	25.066706261732513	25.149292349775642	24.70031867566495	25.083682712826892
55-59	25.465337683261573	24.719822672552272	24.635970592225796	25.178869051960355
60-64	25.40528454171738	24.7083826803804	24.63970278074565	25.24662999715657
65-69	25.294080435122112	24.79408435142575	24.627175886311463	25.284659327140673
70-74	25.65128474192835	24.796655069430855	24.400790223082424	25.15126996555837
75-79	25.554657396503643	24.664492834911407	24.497263274689324	25.283586493895626
80-84	25.525037291960356	24.579197960937893	24.520810473476367	25.374954273625388
85-89	25.45883463250609	24.815480462934623	24.334401500749443	25.391283403809844
90-94	25.470626109808887	24.751915668942303	24.403269246866937	25.374188974381873
95-99	25.237436538918377	24.741203010731347	24.47030489717177	25.551055553178507
100	25.469767980905356	24.36798949754673	24.10202126267223	26.060221258875682
>>END_MODULE
>>Per base GC content	fail
#Base	%GC
1	77.71502605895024
2	45.416796837573784
3	55.20957336004256
4	52.086000160659076
5	48.78703383204536
6	43.97177070156381
7	44.06342781429841
8	49.38161502196494
9	49.03906202522334
10-14	48.91959328691956
15-19	49.85478951940561
20-24	49.556383697148085
25-29	49.59672727419536
30-34	49.59470946264994
35-39	49.878776422302
40-44	50.11806586306334
45-49	50.110023777208056
50-54	50.1503889745594
55-59	50.64420673522193
60-64	50.65191453887395
65-69	50.57873976226278
70-74	50.80255470748673
75-79	50.83824389039927
80-84	50.899991565585744
85-89	50.85011803631594
90-94	50.844815084190756
95-99	50.78849209209688
100	51.52998923978104
>>END_MODULE
>>Per sequence GC content	warn
#GC Content	Count
0	7581.0
1	5018.0
2	2166.0
3	1885.0
4	1794.5
5	1615.0
6	1533.0
7	1582.5
8	1639.5
9	1682.0
10	1773.0
11	1859.5
12	1927.0
13	2001.5
14	2181.0
15	2493.5
16	2792.0
17	3268.0
18	3959.5
19	4977.0
20	6538.5
21	8613.5
22	11673.5
23	15825.5
24	21607.0
25	30048.0
26	38363.0
27	45810.0
28	54337.0
29	64216.5
30	75923.0
31	87173.5
32	98680.0
33	110898.0
34	121576.5
35	130780.0
36	139716.5
37	150252.5
38	160648.0
39	170519.5
40	180529.5
41	193627.5
42	208724.5
43	228096.0
44	264135.0
45	285799.0
46	296751.5
47	309357.5
48	317803.5
49	327987.0
50	339663.5
51	361997.0
52	385182.5
53	394963.5
54	389033.5
55	387731.5
56	384763.0
57	367751.5
58	349655.5
59	322271.5
60	294017.5
61	267730.5
62	230450.0
63	199918.5
64	173727.5
65	147920.5
66	125448.0
67	109694.0
68	101679.5
69	85392.0
70	65370.0
71	48384.0
72	35472.5
73	30810.5
74	32623.5
75	34279.0
76	27082.0
77	20308.5
78	15484.5
79	10134.0
80	8873.5
81	9915.0
82	11773.5
83	12573.0
84	8894.5
85	4298.5
86	2436.5
87	1318.0
88	1090.0
89	1050.5
90	834.0
91	514.5
92	437.0
93	315.5
94	146.0
95	63.5
96	37.0
97	26.5
98	14.0
99	8.5
100	6.0
>>END_MODULE
>>Per base N content	pass
#Base	N-Count
1	0.018202678331299935
2	0.002387727838189179
3	0.004905332085986975
4	0.007432926826831587
5	3.4255602368785865
6	0.038793084500789055
7	0.04815417648565625
8	0.053868738508435376
9	0.04807425254128172
10-14	0.052691858427520374
15-19	0.03141610443501963
20-24	0.02690040157785851
25-29	0.02637889784081468
30-34	0.050831628622203105
35-39	0.04856978099640382
40-44	0.039951981694219776
45-49	0.03039707414424434
50-54	0.015335406826863556
55-59	0.004615607787629292
60-64	0.004735493704191092
65-69	7.752622604329719E-4
70-74	0.0029152258710610983
75-79	0.004000193415945387
80-84	0.005217035469047654
85-89	0.0022338742452682027
90-94	0.009225221279430493
95-99	0.017665189805381197
100	0.0042559500379438925
>>END_MODULE
>>Sequence Length Distribution	pass
#Length	Count
100	1.0009516E7
>>END_MODULE
>>Sequence Duplication Levels	warn
#Total Duplicate Percentage	48.73462543447647
#Duplication Level	Relative count
1	100.0
2	18.84596452785849
3	7.3230759459502375
4	4.202194382254402
5	2.7620317883739025
6	2.117372457485829
7	1.6775433080868225
8	1.393321583384938
9	1.146413883993077
10++	19.31516854824624
>>END_MODULE
>>Overrepresented sequences	warn
#Sequence	Count	Percentage	Possible Source
TTTTTTTTTTTTTTTTTTTTTTTTTTTTTTTTTTTTTTTTTTTTTTTTTT	14911	0.14896824182108306	No Hit
CTGCAAGTCATTTAGCACCACGTTCTCCACAAACATGCTATGCGTAATCG	11479	0.11468086968440831	No Hit
AAAGAAACTAACCAGGATTCCCTCAGTAGCGGCGAGCGAAGAGGGAAGAG	10226	0.10216278189674706	No Hit
>>END_MODULE
>>Kmer Content	fail
#Sequence	Count	Obs/Exp Overall	Obs/Exp Max	Max Obs/Exp Position
TTTTT	7043760	7.7997713	11.481695	2
AAAAA	5246715	5.8568273	7.857018	2
AAGAA	1979225	2.1727452	5.226498	2
GAAGA	1979085	2.1365678	5.248558	2
CTCCA	1965470	2.0819066	6.0482216	1
GAAAA	1873625	2.0568202	5.552167	2
CTCCT	1936475	2.0478926	6.0384874	1
CTGGA	1816400	1.9248813	5.8427925	1
CTTTT	1745340	1.9032534	5.6196094	1
TTTAA	1699870	1.8883919	5.197776	7
GTTTT	1670195	1.8217245	7.5975075	1
CTGAA	1667780	1.7971841	5.185945	1
GGAAA	1494900	1.6138548	6.648469	1
CTGGG	1354270	1.4113553	5.3990083	1
>>END_MODULE
