##FastQC	0.10.1
>>Basic Statistics	pass
#Measure	Value	
Filename	F_chrysotus_NA_BW_2_R1.fastq.gz	
File type	Conventional base calls	
Encoding	Sanger / Illumina 1.9	
Total Sequences	23276982	
Filtered Sequences	0	
Sequence length	100	
%GC	50	
>>END_MODULE
>>Per base sequence quality	pass
#Base	Mean	Median	Lower Quartile	Upper Quartile	10th Percentile	90th Percentile
1	30.009738204033496	31.0	30.0	34.0	25.0	34.0
2	30.267650634433622	31.0	30.0	34.0	26.0	34.0
3	28.864141408022743	31.0	30.0	34.0	16.0	34.0
4	32.55364088866847	37.0	33.0	37.0	19.0	37.0
5	33.25614871378085	37.0	33.0	37.0	27.0	37.0
6	30.627283597160492	37.0	32.0	37.0	10.0	37.0
7	31.455119439453103	36.0	32.0	37.0	17.0	37.0
8	32.600849714967346	36.0	32.0	37.0	25.0	37.0
9	34.30899181861291	38.0	34.0	39.0	27.0	39.0
10-14	33.945402561208326	38.8	34.2	39.4	21.0	39.4
15-19	35.122158413835606	39.4	34.4	41.0	25.0	41.0
20-24	35.10066155483558	40.0	34.8	41.0	24.4	41.0
25-29	34.75193907870015	39.0	34.0	41.0	22.2	41.0
30-34	34.34936213809849	39.0	33.6	41.0	18.4	41.0
35-39	34.051953857248336	39.0	33.0	41.0	16.0	41.0
40-44	33.80178633982704	38.6	33.0	41.0	14.6	41.0
45-49	33.37980079204426	38.0	33.0	40.2	10.0	41.0
50-54	32.70858792604643	37.2	32.0	40.0	5.0	41.0
55-59	32.026226424026966	36.0	31.2	39.8	2.0	41.0
60-64	31.212866281376172	35.0	30.8	38.8	2.0	40.6
65-69	30.489719388879543	35.0	30.0	37.2	2.0	39.8
70-74	29.716917090024815	34.8	29.8	35.8	2.0	38.8
75-79	28.719001071530663	33.8	28.6	35.0	2.0	36.8
80-84	28.64112743653795	34.0	29.0	35.0	2.0	36.0
85-89	28.194737754232914	34.0	29.0	35.0	2.0	35.2
90-94	27.799058297162407	34.0	28.2	35.0	2.0	35.0
95-99	27.264515253738654	34.0	27.0	35.0	2.0	35.0
100	26.221498302486122	33.0	25.0	35.0	2.0	35.0
>>END_MODULE
>>Per sequence quality scores	pass
#Quality	Count
2	923325.0
3	268021.0
4	130875.0
5	91558.0
6	89039.0
7	90989.0
8	94607.0
9	100246.0
10	106116.0
11	110992.0
12	112277.0
13	115156.0
14	117238.0
15	116777.0
16	116402.0
17	113011.0
18	109886.0
19	106152.0
20	104211.0
21	106926.0
22	117954.0
23	137276.0
24	166528.0
25	209735.0
26	272798.0
27	365333.0
28	460294.0
29	478478.0
30	578500.0
31	672602.0
32	784540.0
33	1028530.0
34	1430161.0
35	2079758.0
36	3291535.0
37	4484181.0
38	3104589.0
39	489716.0
40	670.0
>>END_MODULE
>>Per base sequence content	fail
#Base	G	A	T	C
1	42.0308641264392	13.642327551931968	7.98958687684173	36.337221444787104
2	25.789143277491117	18.980167415809408	30.532690025209725	24.697999281489754
3	26.51522179256467	22.485100265304176	20.731432465549993	30.268245476581164
4	30.387140112647966	26.5387420454377	18.770651035126924	24.303466806787405
5	29.825106119629393	27.67592286125909	21.71423596939066	20.784735049720865
6	24.38700897361207	33.26271797107943	22.35302954953894	19.99724350576956
7	22.815426922426372	20.908737432841075	34.13752865470377	22.138306990028784
8	22.71874093911381	22.085474300635493	29.380909330823513	25.814875429427186
9	22.331153953820053	20.64361958005367	31.913608148130766	25.11161831799551
10-14	25.13705582065023	25.99296662666993	24.957648366596157	23.91232918608369
15-19	25.184830747430702	24.74372132181349	25.399500683927457	24.671947246828353
20-24	25.010158723060133	25.24600179859134	25.313335323212733	24.430504155135793
25-29	25.032122064179024	25.088260430182626	25.22456613933852	24.655051366299826
30-34	24.878513080436704	25.301231630561734	25.17457740028062	24.645677888720947
35-39	24.88559074510082	25.213555762463614	25.137191957222587	24.763661535212982
40-44	24.92682184349773	25.315148094547226	25.015094920479974	24.742935141475076
45-49	24.920824857518088	25.11749909203577	25.046159628640847	24.915516421805293
50-54	24.821163183782968	25.389208174675947	25.03808580724617	24.751542834294916
55-59	24.98267125359351	25.111672448872945	24.948509978710575	24.957146318822968
60-64	24.918216469517247	25.208587808170797	24.97472601612912	24.898469706182837
65-69	24.86211895307816	25.21115608312631	24.982839595631816	24.94388536816372
70-74	25.002836146321624	25.219034572956616	24.858590728237054	24.919538552484706
75-79	24.84627515001718	25.10045210557818	24.99119911475081	25.062073629653835
80-84	24.87409688003119	25.237210283540822	24.88364908155372	25.00504375487427
85-89	24.93659499302538	25.16844962316158	24.847556291706198	25.047399092106843
90-94	24.854765818666298	25.19140329308815	24.816629050493464	25.137201837752087
95-99	24.763688013321687	25.266202562702766	24.930319992923305	25.039789431052238
100	25.18178486576943	24.916477165770413	24.415389573925157	25.486348394535003
>>END_MODULE
>>Per base GC content	fail
#Base	%GC
1	78.3680855712263
2	50.48714255898087
3	56.78346726914584
4	54.69060691943537
5	50.609841169350254
6	44.38425247938163
7	44.95373391245515
8	48.533616368541
9	47.44277227181556
10-14	49.04938500673392
15-19	49.856777994259055
20-24	49.44066287819593
25-29	49.68717343047885
30-34	49.52419096915765
35-39	49.6492522803138
40-44	49.6697569849728
45-49	49.836341279323385
50-54	49.57270601807788
55-59	49.93981757241648
60-64	49.816686175700085
65-69	49.80600432124188
70-74	49.92237469880633
75-79	49.908348779671016
80-84	49.879140634905454
85-89	49.983994085132224
90-94	49.99196765641838
95-99	49.803477444373925
100	50.66813326030443
>>END_MODULE
>>Per sequence GC content	warn
#GC Content	Count
0	2140.0
1	1857.5
2	1502.5
3	1421.0
4	1262.0
5	1041.0
6	1014.0
7	1103.0
8	1197.0
9	1306.5
10	1458.5
11	1620.5
12	1812.5
13	2059.0
14	2372.0
15	2844.5
16	3424.0
17	4317.0
18	5678.5
19	7645.0
20	10549.5
21	14730.5
22	20702.0
23	28864.5
24	38931.5
25	51467.0
26	68304.5
27	86450.5
28	106547.5
29	130427.0
30	156170.5
31	186059.0
32	219658.5
33	250454.5
34	278163.5
35	307024.5
36	334909.5
37	364186.0
38	396426.5
39	424896.5
40	451292.0
41	485128.5
42	521475.5
43	557401.5
44	601530.0
45	650415.0
46	699849.5
47	745913.5
48	796690.5
49	844659.5
50	880946.5
51	921081.0
52	959861.5
53	983260.5
54	991366.5
55	981535.5
56	953268.5
57	907355.5
58	844134.0
59	772741.5
60	690414.5
61	607006.5
62	528252.5
63	451298.0
64	383483.5
65	323064.0
66	268317.5
67	221247.0
68	178615.0
69	137429.0
70	103930.5
71	77422.5
72	55332.5
73	41099.5
74	32306.5
75	25769.0
76	19688.5
77	14733.5
78	11150.5
79	8194.0
80	6966.0
81	6155.0
82	4184.5
83	2718.0
84	2257.0
85	1781.5
86	1146.0
87	694.5
88	453.0
89	316.0
90	217.0
91	161.0
92	118.5
93	77.0
94	56.0
95	38.0
96	24.0
97	16.5
98	6.0
99	3.5
100	2.5
>>END_MODULE
>>Per base N content	pass
#Base	N-Count
1	0.02891268292427257
2	0.004485117529411674
3	3.395371444631439
4	0.007805994780594838
5	0.01699103431879614
6	2.373439133990824
7	0.02923918573292706
8	0.03145167187051998
9	0.03031320812981683
10-14	0.975657411257181
15-19	0.02177859655517197
20-24	0.016667968381811695
25-29	0.014672864377349262
30-34	0.03691286095422508
35-39	0.03819481408715271
40-44	0.026807599026368627
45-49	0.019716473553143616
50-54	0.015526926987356006
55-59	0.003946387895131766
60-64	0.005450878468694954
65-69	0.0018584883555780557
70-74	0.002918763265787635
75-79	0.003928344318864017
80-84	0.002888690638674722
85-89	0.002520945369979665
90-94	0.010010747956930155
95-99	0.021904042371128696
100	0.017205838798174094
>>END_MODULE
>>Sequence Length Distribution	pass
#Length	Count
100	2.3276982E7
>>END_MODULE
>>Sequence Duplication Levels	warn
#Total Duplicate Percentage	49.09077002504924
#Duplication Level	Relative count
1	100.0
2	31.004920372596153
3	13.02020733173077
4	6.97021484375
5	4.524113581730769
6	3.2508263221153846
7	2.435772235576923
8	1.9371619591346154
9	1.6808143028846154
10++	22.97644981971154
>>END_MODULE
>>Overrepresented sequences	pass
>>END_MODULE
>>Kmer Content	warn
#Sequence	Count	Obs/Exp Overall	Obs/Exp Max	Max Obs/Exp Position
TTTTT	9910340	4.6111894	6.2665706	2
AAAAA	9416660	4.3258605	6.8510623	2
CTGGA	4988750	2.2828526	5.354093	1
GAAAA	4314075	1.9700826	5.308125	1
GTTTT	3913110	1.8053352	6.0694504	1
GGAAA	3517470	1.5967919	5.704934	1
GGGGG	3567190	1.5907707	5.2201505	1
>>END_MODULE
