##FastQC	0.10.1
>>Basic Statistics	pass
#Measure	Value	
Filename	F_parvapinis_NA_transfer_1_R2.fastq.gz	
File type	Conventional base calls	
Encoding	Sanger / Illumina 1.9	
Total Sequences	27260921	
Filtered Sequences	0	
Sequence length	100	
%GC	43	
>>END_MODULE
>>Per base sequence quality	fail
#Base	Mean	Median	Lower Quartile	Upper Quartile	10th Percentile	90th Percentile
1	29.139574888170507	31.0	30.0	34.0	23.0	34.0
2	29.074668717172102	31.0	30.0	34.0	20.0	34.0
3	29.15070191502334	31.0	30.0	34.0	20.0	34.0
4	32.472531430614545	37.0	33.0	37.0	22.0	37.0
5	32.44515058753884	37.0	33.0	37.0	22.0	37.0
6	32.370358286867855	37.0	33.0	37.0	22.0	37.0
7	32.36925307842681	36.0	33.0	37.0	22.0	37.0
8	32.30761579918742	36.0	33.0	37.0	21.0	37.0
9	33.660461838394966	38.0	34.0	39.0	21.0	39.0
10-14	33.73389156587923	38.2	33.8	39.4	18.6	39.4
15-19	34.250966502562406	39.0	33.6	41.0	17.4	41.0
20-24	33.876764273664854	39.0	33.0	41.0	15.6	41.0
25-29	33.63278020577515	38.4	33.0	41.0	11.2	41.0
30-34	33.24936070208339	38.0	33.0	40.2	8.2	41.0
35-39	32.763779154783506	38.0	32.0	40.0	2.0	41.0
40-44	32.2804163072847	38.0	31.2	40.0	2.0	41.0
45-49	31.888473063694363	38.0	31.0	40.0	2.0	41.0
50-54	31.080850166434214	36.4	29.8	39.6	2.0	40.6
55-59	31.136065645030847	36.4	30.0	40.0	2.0	41.0
60-64	30.435673747046184	35.2	29.2	39.2	2.0	41.0
65-69	29.61941775921657	35.0	28.6	38.4	2.0	40.4
70-74	28.912917637668954	34.8	28.2	36.8	2.0	39.6
75-79	28.112701819575356	34.0	27.2	35.6	2.0	38.4
80-84	27.389903760038045	34.0	26.0	35.0	2.0	36.8
85-89	26.770018804573773	34.0	25.2	35.0	2.0	36.0
90-94	26.2227066576364	34.0	24.0	35.0	2.0	35.0
95-99	25.57312219935636	33.0	19.6	35.0	2.0	35.0
100	24.369412390725905	32.0	2.0	35.0	2.0	35.0
>>END_MODULE
>>Per sequence quality scores	pass
#Quality	Count
2	1567837.0
3	209260.0
4	144163.0
5	128139.0
6	143851.0
7	129870.0
8	124503.0
9	137210.0
10	157702.0
11	172595.0
12	183080.0
13	195685.0
14	198309.0
15	189448.0
16	179075.0
17	169577.0
18	164875.0
19	164652.0
20	164597.0
21	170303.0
22	185694.0
23	214367.0
24	252645.0
25	301635.0
26	357920.0
27	414910.0
28	478421.0
29	553716.0
30	647677.0
31	774538.0
32	942469.0
33	1179653.0
34	1545211.0
35	2202023.0
36	3125105.0
37	4507848.0
38	3954938.0
39	926230.0
40	1190.0
>>END_MODULE
>>Per base sequence content	fail
#Base	G	A	T	C
1	32.453953428158236	15.668617113580021	11.545722482004152	40.33170697625759
2	21.27135377428827	17.73059367100708	44.474840366502676	16.52321218820198
3	22.29620229029281	22.621429316891824	28.526578586350688	26.55578980646468
4	23.42683536730099	29.689834673123926	24.663069442807313	22.220260516767773
5	25.610199111500766	31.040108718646458	26.294289349621558	17.055402820231215
6	19.702419830672845	33.937671412899185	28.01167605933695	18.348232697091028
7	17.755656336438577	19.013363783885833	42.93175211445587	20.299227765219722
8	18.21506980933507	21.70271452327309	35.232486528155036	24.849729139236796
9	19.85351408543533	20.746207925492236	36.23187852679003	23.16839946228241
10-14	21.49277651865479	27.29902109041651	30.131142727995474	21.077059662933223
15-19	21.875233878526537	26.047245833259076	30.517005980214286	21.560514308000105
20-24	21.91187798537733	26.388234422577423	30.163562709439418	21.53632488260583
25-29	21.88970316701449	26.786424471319002	29.82895354543799	21.494918816228516
30-34	21.76847859763999	26.725256211437397	29.819831835039594	21.68643335588302
35-39	21.8516730130072	26.995983348380335	29.537735137717046	21.614608500895418
40-44	22.23632456380987	26.962718511610113	29.081108509668386	21.71984841491163
45-49	22.008687039602066	27.112233628704562	29.069573588966357	21.809505742727016
50-54	21.944546431141386	27.17777521558195	29.039101284916413	21.838577068360244
55-59	22.16656063502281	27.13489115134584	28.853597610553816	21.84495060307753
60-64	22.10303666214854	27.130954110498156	28.73968795620549	22.02632127114781
65-69	22.03614156896082	27.364164593559003	28.618207842510447	21.98148599496973
70-74	22.138737656889056	27.542311872028186	28.342391840833308	21.97655863024945
75-79	22.100462026826182	27.641502412888308	28.24868713187398	22.009348428411528
80-84	22.134682972915382	27.749904594924253	28.160292858899798	21.955119573260564
85-89	22.288898669235383	27.76287782216159	27.996255949077316	21.951967559525716
90-94	22.266523659764978	27.712197636645907	27.929764894545716	22.09151380904339
95-99	22.33892032898909	27.898307071433475	27.86891314968811	21.89385944988932
100	22.69331103485009	27.5182069987889	27.680740981749295	22.107740984611713
>>END_MODULE
>>Per base GC content	fail
#Base	%GC
1	72.78566040441584
2	37.794565962490246
3	48.85199209675749
4	45.64709588406876
5	42.665601931731985
6	38.05065252776387
7	38.054884101658295
8	43.06479894857187
9	43.02191354771774
10-14	42.56983618158801
15-19	43.43574818652664
20-24	43.44820286798316
25-29	43.38462198324301
30-34	43.45491195352301
35-39	43.466281513902615
40-44	43.956172978721504
45-49	43.81819278232908
50-54	43.78312349950163
55-59	44.01151123810034
60-64	44.12935793329635
65-69	44.01762756393055
70-74	44.115296287138506
75-79	44.109810455237714
80-84	44.089802546175946
85-89	44.2408662287611
90-94	44.35803746880837
95-99	44.23277977887841
100	44.8010520194618
>>END_MODULE
>>Per sequence GC content	fail
#GC Content	Count
0	356617.0
1	214453.0
2	62581.0
3	51182.0
4	48088.0
5	45822.0
6	44944.5
7	44464.0
8	44041.0
9	43525.5
10	42514.5
11	42101.5
12	42069.0
13	41390.5
14	40794.0
15	40488.5
16	40664.5
17	42020.5
18	44264.5
19	48302.0
20	55229.5
21	66088.5
22	80232.0
23	98939.5
24	123712.5
25	156580.5
26	197816.0
27	242649.5
28	288620.0
29	331180.5
30	383058.5
31	454375.5
32	525310.0
33	577696.0
34	616939.5
35	665945.5
36	695067.0
37	694609.5
38	694479.5
39	695064.0
40	709117.0
41	724767.0
42	754350.0
43	766788.0
44	763335.0
45	769509.5
46	767127.0
47	779865.5
48	800107.0
49	809194.0
50	823575.5
51	842002.5
52	856316.0
53	875449.5
54	876725.0
55	866612.0
56	830257.5
57	767498.5
58	702119.0
59	632512.0
60	547919.0
61	448828.5
62	364340.0
63	299338.5
64	239386.5
65	183912.0
66	144865.0
67	116697.0
68	89714.5
69	66138.5
70	48527.5
71	34802.0
72	24834.5
73	19623.5
74	16909.0
75	14189.0
76	10368.5
77	6940.0
78	4706.5
79	3046.0
80	2275.5
81	1984.0
82	1707.5
83	1360.0
84	1230.5
85	1069.0
86	832.5
87	652.0
88	495.0
89	392.0
90	317.0
91	237.0
92	163.0
93	112.5
94	63.0
95	36.0
96	26.0
97	18.0
98	14.0
99	7.0
100	2.5
>>END_MODULE
>>Per base N content	pass
#Base	N-Count
1	0.03381397128879102
2	0.34310652967300703
3	0.07318168010537868
4	0.04177775211629864
5	0.051638020593654924
6	0.042768180869604516
7	0.04860070575018357
8	0.04081666940012775
9	0.040090354981036774
10-14	0.05492330945091694
15-19	0.050880892835572206
20-24	0.09477962978580218
25-29	0.03851447278688787
30-34	0.059413253132570246
35-39	0.04513567241546975
40-44	0.04755451952632121
45-49	0.0431981003136321
50-54	0.04300808472318305
55-59	0.04682893875815861
60-64	0.04840041904673727
65-69	0.04304036536403154
70-74	0.0377646815380889
75-79	0.041895136264838595
80-84	0.05114647447164386
85-89	0.05631284430925867
90-94	0.04086655766325723
95-99	0.043101992042015015
100	0.0412128409014501
>>END_MODULE
>>Sequence Length Distribution	pass
#Length	Count
100	2.7260921E7
>>END_MODULE
>>Sequence Duplication Levels	fail
#Total Duplicate Percentage	67.67655216556433
#Duplication Level	Relative count
1	100.0
2	30.012295347181777
3	16.061606160616062
4	10.456222092797516
5	7.881964667054941
6	6.132142626027308
7	5.074742768394486
8	4.223128195172459
9	3.653659483595418
10++	75.35365301236006
>>END_MODULE
>>Overrepresented sequences	fail
#Sequence	Count	Percentage	Possible Source
TTTTTTTTTTTTTTTTTTTTTTTTTTTTTTTTTTTTTTTTTTTTTTTTTT	588320	2.158107570907087	No Hit
>>END_MODULE
>>Kmer Content	fail
#Sequence	Count	Obs/Exp Overall	Obs/Exp Max	Max Obs/Exp Position
TTTTT	93630025	17.000092	25.254217	2
AAAAA	31922750	8.722122	14.031699	95-96
GGGGG	4752190	3.4801233	5.227188	1
GAAGA	5471610	2.2177296	5.554968	2
CTGCA	4763705	2.1945932	5.551011	1
CTCCA	4704845	2.1811876	8.004152	1
CTCCT	4967115	2.122046	7.8230443	1
CTGGA	4536510	2.0767896	7.563149	1
CTCTG	4594530	1.9505323	5.6677313	1
GGAAG	3791225	1.8715817	5.771013	1
GGCAG	3059270	1.8510637	5.202284	1
CTGAA	4750950	1.785728	5.9583287	1
CCCAG	2893440	1.7729445	5.472126	1
GGAAA	4366615	1.7698576	5.9252768	1
CTGGG	3038980	1.6944716	6.9253945	1
GGGGA	2799035	1.6829585	5.199395	1
CTCAG	3626145	1.6705302	7.0228686	1
GGGAA	3088915	1.5248784	5.0101	1
GTTTT	6276410	1.5061922	6.202452	1
CTCCC	2527815	1.4363731	5.715159	1
GTCAG	2750210	1.259031	5.367808	1
>>END_MODULE
