##FastQC	0.10.1
>>Basic Statistics	pass
#Measure	Value	
Filename	F_catanatus_NA_BW_2_R2.fastq.gz	
File type	Conventional base calls	
Encoding	Sanger / Illumina 1.9	
Total Sequences	15643177	
Filtered Sequences	0	
Sequence length	100	
%GC	50	
>>END_MODULE
>>Per base sequence quality	pass
#Base	Mean	Median	Lower Quartile	Upper Quartile	10th Percentile	90th Percentile
1	30.03699414767218	31.0	31.0	34.0	26.0	34.0
2	30.03015391310857	31.0	31.0	34.0	26.0	34.0
3	30.094265761999626	31.0	31.0	34.0	26.0	34.0
4	33.48165132952213	37.0	35.0	37.0	28.0	37.0
5	33.409203897648155	37.0	35.0	37.0	27.0	37.0
6	33.28482724449132	37.0	35.0	37.0	27.0	37.0
7	33.312059308668566	37.0	35.0	37.0	27.0	37.0
8	33.271273603821015	37.0	35.0	37.0	27.0	37.0
9	34.69493274927465	39.0	35.0	39.0	27.0	39.0
10-14	34.78751201242561	39.2	35.2	39.4	27.0	39.4
15-19	35.498498866310854	40.0	36.0	41.0	25.8	41.0
20-24	35.166372227329525	39.0	35.0	41.0	24.4	41.0
25-29	34.90339599174771	39.0	35.0	41.0	23.2	41.0
30-34	34.547981730309644	39.0	34.0	41.0	20.8	41.0
35-39	34.09593574246459	38.4	33.4	40.4	17.6	41.0
40-44	33.595441437503396	38.0	33.0	40.0	14.4	41.0
45-49	33.088814963865715	38.0	32.6	40.0	9.4	41.0
50-54	32.32540598370778	37.0	31.4	39.6	7.0	40.6
55-59	32.257973543353756	36.4	31.8	40.0	2.6	41.0
60-64	31.446816385188253	35.0	31.0	39.0	2.0	41.0
65-69	30.669743607708334	35.0	30.2	37.4	2.0	40.0
70-74	29.9226729327425	35.0	30.0	36.2	2.0	39.0
75-79	29.211004721099812	34.2	29.2	35.0	2.0	37.2
80-84	28.56829012418641	34.0	29.0	35.0	2.0	36.2
85-89	28.042289568161255	34.0	28.8	35.0	2.0	35.2
90-94	27.536583150596584	34.0	27.0	35.0	2.0	35.0
95-99	26.89850461961787	34.0	26.4	35.0	2.0	35.0
100	25.599459495983456	33.0	23.0	35.0	2.0	35.0
>>END_MODULE
>>Per sequence quality scores	pass
#Quality	Count
2	632275.0
3	103189.0
4	73857.0
5	60301.0
6	59057.0
7	60501.0
8	64073.0
9	69796.0
10	75151.0
11	77073.0
12	74327.0
13	73190.0
14	73313.0
15	74423.0
16	74787.0
17	72811.0
18	73823.0
19	75139.0
20	77347.0
21	82449.0
22	92257.0
23	107531.0
24	128922.0
25	156248.0
26	185569.0
27	219301.0
28	260003.0
29	309404.0
30	371179.0
31	453677.0
32	567872.0
33	731274.0
34	995765.0
35	1428704.0
36	2242051.0
37	2972383.0
38	2057485.0
39	336256.0
40	414.0
>>END_MODULE
>>Per base sequence content	fail
#Base	G	A	T	C
1	41.8918063313044	13.708058238903629	6.5695856255115554	37.830549804280416
2	27.341169857862013	18.07633860422468	32.01153303698041	22.570958500932893
3	27.35424113214452	21.366079883977598	19.75716827258511	31.522510711292774
4	31.12609757610682	25.382515146534285	18.448667431161855	25.04271984619704
5	31.13547584807111	26.285391804267793	21.836148288035208	20.742984059625886
6	25.824934796484445	30.062920273272763	23.221341471994148	20.890803458248644
7	22.956538133987827	20.57597953628158	34.21329727265541	22.254185057075183
8	22.328379719451398	21.897093125800748	29.687328730811295	26.08719842393656
9	22.354001013109016	20.47159457219169	32.128213295265	25.046191119434297
10-14	25.277115007482788	25.628672246599237	25.123288491194028	23.97092425472395
15-19	25.369420269669956	24.398549177989594	25.440481237145647	24.791549315194807
20-24	25.28539229585882	24.990852882774192	25.252158889145175	24.47159593222181
25-29	25.164776239876296	24.859247960117077	25.260633891283142	24.71534190872349
30-34	25.10189820110695	25.01912613821819	25.16511307457846	24.713862586096404
35-39	25.084555642628448	24.953542566888082	25.125739439403343	24.836162351080127
40-44	25.267661768752898	24.967988178896235	24.958182387313947	24.806167665036924
45-49	25.24098665177058	24.836000246096063	24.921688653452954	25.001324448680407
50-54	25.096189726873074	25.118097766555632	24.96676022668252	24.818952279888773
55-59	25.300804728027632	24.819121533322132	24.87899445731777	25.001079281332473
60-64	25.24564116332136	24.874982683620825	24.851416926040766	25.02795922701705
65-69	25.14924030132832	24.877244822465997	24.980310477144453	24.993204399061227
70-74	25.33563992645764	24.908361818839015	24.803606151543853	24.952392103159486
75-79	25.264956587455845	24.745236523086305	24.84828065093287	25.141526238524982
80-84	25.28127623254621	24.891463434841498	24.77721596780066	25.05004436481163
85-89	25.404870352244323	24.828290470718798	24.71781856380712	25.049020613229757
90-94	25.33471349935663	24.81244380336881	24.67082285619406	25.1820198410805
95-99	25.26422272448741	24.896348953057515	24.770489252081003	25.068939070374068
100	25.867949103988465	24.51391555675565	24.111704952927337	25.50643038632855
>>END_MODULE
>>Per base GC content	fail
#Base	%GC
1	79.72235613558482
2	49.9121283587949
3	58.87675184343729
4	56.16881742230386
5	51.87845990769699
6	46.71573825473309
7	45.21072319106301
8	48.415578143387954
9	47.40019213254331
10-14	49.24803926220674
15-19	50.160969584864766
20-24	49.75698822808064
25-29	49.880118148599784
30-34	49.81576078720335
35-39	49.92071799370857
40-44	50.07382943378982
45-49	50.24231110045099
50-54	49.915142006761855
55-59	50.3018840093601
60-64	50.273600390338416
65-69	50.14244470038955
70-74	50.288032029617135
75-79	50.406482825980824
80-84	50.331320597357845
85-89	50.45389096547408
90-94	50.51673334043713
95-99	50.33316179486148
100	51.37437949031701
>>END_MODULE
>>Per sequence GC content	warn
#GC Content	Count
0	4846.0
1	3410.5
2	1871.0
3	1747.5
4	1550.0
5	1218.0
6	1075.0
7	1112.0
8	1171.0
9	1213.0
10	1270.0
11	1355.0
12	1438.0
13	1560.5
14	1772.5
15	2025.0
16	2312.0
17	2869.5
18	3722.5
19	4902.5
20	6629.0
21	9061.0
22	12735.0
23	17586.5
24	23597.5
25	31542.0
26	41244.0
27	52707.0
28	66684.0
29	82475.5
30	100285.5
31	122152.5
32	144588.5
33	163778.5
34	183232.5
35	201637.0
36	217920.5
37	236584.0
38	256465.5
39	278202.0
40	298058.5
41	317464.0
42	340790.0
43	366195.0
44	393842.5
45	421235.0
46	451791.0
47	481827.5
48	509193.0
49	537545.5
50	564138.5
51	593160.5
52	622947.0
53	644521.0
54	653284.5
55	654870.0
56	642260.5
57	618437.0
58	589173.5
59	542393.5
60	486687.5
61	427554.0
62	372554.0
63	323794.5
64	275537.0
65	233355.5
66	197179.5
67	165587.0
68	138529.5
69	109664.5
70	83129.0
71	63218.0
72	48474.5
73	38799.0
74	31677.5
75	26375.5
76	20831.0
77	15883.5
78	11550.0
79	8048.5
80	6442.0
81	5716.0
82	5125.5
83	4365.5
84	3367.0
85	2318.0
86	1626.5
87	1110.5
88	658.0
89	464.5
90	375.0
91	281.0
92	232.0
93	183.0
94	94.0
95	45.0
96	30.5
97	22.0
98	14.0
99	10.5
100	8.5
>>END_MODULE
>>Per base N content	pass
#Base	N-Count
1	0.044946112928339305
2	0.05395323469139293
3	0.04843005995521242
4	0.04850037815208509
5	0.046557038893058615
6	0.04805289871744084
7	0.0467232455402122
8	0.039908773006915414
9	0.052016287995718516
10-14	0.03804214450811366
15-19	0.04311656129697951
20-24	0.04540765600235809
25-29	0.027889475392370744
30-34	0.04464182691278121
35-39	0.038094563527600565
40-44	0.08718305750807524
45-49	0.06556980081475777
50-54	0.06166778014465987
55-59	0.07930230540765473
60-64	0.07685395364381545
65-69	0.07035271671476964
70-74	0.0629424572770608
75-79	0.06436544187922952
80-84	0.08020109981495448
85-89	0.07473929368695374
90-94	0.05333315604624303
95-99	0.06732775573657448
100	0.07075289118060865
>>END_MODULE
>>Sequence Length Distribution	pass
#Length	Count
100	1.5643177E7
>>END_MODULE
>>Sequence Duplication Levels	fail
#Total Duplicate Percentage	50.206478073995
#Duplication Level	Relative count
1	100.0
2	30.783262811471555
3	12.443817583450869
4	6.438175834508698
5	4.215326751292901
6	3.0314997649271276
7	2.413728255759285
8	1.9172543488481428
9	1.6379877762106252
10++	25.17724494593324
>>END_MODULE
>>Overrepresented sequences	pass
>>END_MODULE
>>Kmer Content	warn
#Sequence	Count	Obs/Exp Overall	Obs/Exp Max	Max Obs/Exp Position
TTTTT	7470790	5.2048893	6.861129	2
AAAAA	5938735	4.3538795	6.42057	2
GGAGG	3737230	2.386561	5.152064	1
CTGGA	3358855	2.247285	5.858329	1
GGGGG	2958985	1.8254737	5.535927	1
GTTTT	2651210	1.8027134	6.2474074	1
GGAAA	2373310	1.6238915	5.3383713	1
GTGGA	2326365	1.5221697	5.1376057	1
CTGGG	2329465	1.5056816	5.41143	1
>>END_MODULE
