##FastQC	0.10.1
>>Basic Statistics	pass
#Measure	Value	
Filename	F_similis_NA_BW_1_R1.fastq.gz	
File type	Conventional base calls	
Encoding	Sanger / Illumina 1.9	
Total Sequences	15041589	
Filtered Sequences	0	
Sequence length	100	
%GC	50	
>>END_MODULE
>>Per base sequence quality	pass
#Base	Mean	Median	Lower Quartile	Upper Quartile	10th Percentile	90th Percentile
1	30.48010007453335	31.0	30.0	34.0	26.0	34.0
2	30.77922605118382	31.0	31.0	34.0	27.0	34.0
3	30.343583846094983	31.0	30.0	34.0	26.0	34.0
4	32.091047628013236	37.0	33.0	37.0	19.0	37.0
5	33.16277715073853	37.0	33.0	37.0	22.0	37.0
6	33.607491801564315	37.0	33.0	37.0	28.0	37.0
7	33.76023164839832	37.0	35.0	37.0	29.0	37.0
8	33.754366044704454	37.0	35.0	37.0	29.0	37.0
9	35.27126455855163	39.0	35.0	39.0	29.0	39.0
10-14	35.35781244920334	39.2	35.2	39.4	28.6	39.4
15-19	35.5386946950884	39.2	35.4	41.0	24.0	41.0
20-24	35.743389465035904	39.0	35.4	41.0	27.0	41.0
25-29	35.37779786430808	39.0	35.0	41.0	25.8	41.0
30-34	34.9381034277695	39.0	34.4	41.0	24.4	41.0
35-39	34.514808468706335	38.4	34.0	40.4	23.0	41.0
40-44	34.234629160522864	38.0	33.4	40.0	21.8	41.0
45-49	33.70111737529858	38.0	33.0	40.0	19.2	41.0
50-54	32.97945411219519	36.8	32.4	40.0	15.0	41.0
55-59	31.55229775258452	35.2	30.6	39.2	7.4	41.0
60-64	31.3093278642303	35.0	30.8	38.4	4.8	40.2
65-69	30.582003031727567	35.0	30.0	36.8	2.0	39.6
70-74	29.83668164314289	34.4	29.8	35.6	2.0	38.6
75-79	28.798526777988684	33.6	28.6	35.0	2.0	36.2
80-84	28.79659028045508	34.0	29.0	35.0	2.0	36.0
85-89	28.324653758323006	34.0	29.0	35.0	2.0	35.0
90-94	27.27861313056752	34.0	26.6	35.0	2.0	35.0
95-99	27.070020926645448	33.6	27.0	35.0	2.0	35.0
100	25.877681008303046	33.0	24.0	35.0	2.0	35.0
>>END_MODULE
>>Per sequence quality scores	pass
#Quality	Count
2	346981.0
3	118966.0
4	70829.0
5	56920.0
6	55648.0
7	57017.0
8	59818.0
9	67949.0
10	77458.0
11	80979.0
12	80276.0
13	81573.0
14	82708.0
15	82239.0
16	80819.0
17	79472.0
18	77955.0
19	77472.0
20	78040.0
21	80893.0
22	89674.0
23	104435.0
24	127162.0
25	156884.0
26	193062.0
27	233892.0
28	282032.0
29	337237.0
30	407189.0
31	495129.0
32	616615.0
33	793533.0
34	1079084.0
35	1535225.0
36	2253445.0
37	2689005.0
38	1619696.0
39	234019.0
40	259.0
>>END_MODULE
>>Per base sequence content	fail
#Base	G	A	T	C
1	38.53711539694222	14.358642844358133	6.690181368413997	40.41406039028565
2	27.240522665846868	17.982667958420972	32.84153679757868	21.935272578153484
3	26.740164405215687	21.83387721314138	20.670158587121197	30.75579979452174
4	29.91970986458878	27.34407816287558	18.14775963663699	24.58845233589865
5	30.94301172676878	27.957886688330575	21.25705642312775	19.842045161772894
6	25.034506956611764	31.48745910911512	22.853083511323117	20.62495042295
7	22.701086067563057	19.94117521898883	35.02654329442711	22.33119541902101
8	22.137605071700794	21.405121077853444	30.079671539498353	26.377602310947406
9	22.482136624542665	19.92315851088878	32.2584044921571	25.336300372411458
10-14	25.009828457720978	25.847843039706408	25.29061626694103	23.851712235631577
15-19	25.142686729970272	24.79863317416586	25.559637503747762	24.49904259211611
20-24	25.052495192079466	25.070619220805057	25.41985183506788	24.457033752047597
25-29	25.002833627981	24.981830740153736	25.37092469511971	24.64441093674555
30-34	24.981682939654565	25.063781403792905	25.24476772398256	24.709767932569974
35-39	24.9235982768646	25.074513323510462	25.23285696192034	24.769031437704594
40-44	25.07521397617689	25.051516754510228	25.076593066971455	24.796676202341423
45-49	25.02466950679816	24.99593096750742	25.04081000235206	24.938589523342365
50-54	24.983500894389156	25.103798423229378	25.0323765443369	24.880324138044568
55-59	25.092806462375865	24.977108750346602	24.934123235343144	24.99596155193439
60-64	25.041482241130424	24.982882080896463	24.921259566638046	25.054376111335063
65-69	24.977748131223976	25.08511450336511	24.957344185759116	24.9797931796518
70-74	25.17228847606208	25.0263622354314	24.822785662310718	24.978563626195808
75-79	25.047056065752425	24.89302478019527	24.873870596248008	25.186048557804302
80-84	25.028539926177945	25.049832345302857	24.84933815055534	25.072289577963858
85-89	25.108057846885146	24.946543350292227	24.805712485287597	25.13968631753503
90-94	25.014291139343186	24.948515099452955	24.72748122839172	25.30971253281214
95-99	25.025969704863382	25.05590449632642	24.783156272231096	25.1349695265791
100	25.422745847470292	24.785186469579852	24.303960281237515	25.48810740171234
>>END_MODULE
>>Per base GC content	fail
#Base	%GC
1	78.95117578722787
2	49.17579524400035
3	57.49596419973743
4	54.50816220048743
5	50.78505688854168
6	45.659457379561765
7	45.03228148658407
8	48.5152073826482
9	47.81843699695412
10-14	48.86154069335256
15-19	49.64172932208638
20-24	49.50952894412706
25-29	49.64724456472655
30-34	49.691450872224536
35-39	49.69262971456919
40-44	49.87189017851832
45-49	49.96325903014052
50-54	49.86382503243372
55-59	50.08876801431025
60-64	50.09585835246549
65-69	49.957541310875776
70-74	50.15085210225788
75-79	50.23310462355673
80-84	50.10082950414181
85-89	50.24774416442018
90-94	50.32400367215533
95-99	50.160939231442484
100	50.91085324918263
>>END_MODULE
>>Per sequence GC content	warn
#GC Content	Count
0	12594.0
1	11020.0
2	8499.0
3	7387.0
4	6113.0
5	4257.0
6	3390.0
7	3256.5
8	3235.0
9	3250.0
10	3266.5
11	3335.5
12	3545.0
13	3795.0
14	4087.5
15	4517.0
16	5052.0
17	5829.0
18	6879.0
19	8298.0
20	10386.5
21	13402.0
22	17571.0
23	23096.0
24	31049.5
25	41321.0
26	52032.0
27	63317.5
28	76603.5
29	91650.5
30	108439.0
31	125481.0
32	142741.0
33	162341.5
34	180938.0
35	195508.0
36	210666.0
37	228913.0
38	245632.5
39	262143.0
40	280072.5
41	303622.0
42	326190.5
43	345034.0
44	372401.5
45	397768.5
46	418131.5
47	442019.5
48	469843.0
49	493909.0
50	514824.5
51	541893.0
52	569458.0
53	591828.0
54	604019.5
55	607094.5
56	601045.5
57	585800.5
58	563553.5
59	529105.5
60	485579.5
61	434924.5
62	380692.5
63	329261.0
64	279911.0
65	234722.0
66	195026.5
67	162491.5
68	135127.5
69	108519.5
70	84645.0
71	64593.0
72	48992.5
73	37509.0
74	28837.0
75	22078.5
76	16282.5
77	11786.0
78	8638.0
79	6232.5
80	4556.5
81	3478.0
82	2799.0
83	2309.5
84	1743.5
85	1202.5
86	868.5
87	639.0
88	520.5
89	431.0
90	326.0
91	232.5
92	157.5
93	115.0
94	79.0
95	49.5
96	33.5
97	15.0
98	10.5
99	12.0
100	5.0
>>END_MODULE
>>Per base N content	pass
#Base	N-Count
1	0.12020006662859888
2	0.003623287406669601
3	0.0038692720562967116
4	3.7858367224367058
5	0.008070955801278708
6	0.01241890068928223
7	0.013356301651374733
8	0.01473248604253181
9	0.01713914666861327
10-14	0.020713237145357447
15-19	0.18148747449488215
20-24	0.005205567044811555
25-29	0.005319916665719293
30-34	0.015495703279753224
35-39	0.01595177211662943
40-44	0.017918319666891575
45-49	0.007702643650215413
50-54	0.00917323296095911
55-59	0.9295892874083981
60-64	0.002215191493398736
65-69	0.0025289881275176447
70-74	0.0037602410224079385
75-79	0.0032496566685873414
80-84	0.003689769744406658
85-89	0.0047202459793310395
90-94	0.9961992712339102
95-99	0.010400496915585183
100	0.004234924913850525
>>END_MODULE
>>Sequence Length Distribution	pass
#Length	Count
100	1.5041589E7
>>END_MODULE
>>Sequence Duplication Levels	warn
#Total Duplicate Percentage	43.217796366685036
#Duplication Level	Relative count
1	100.0
2	22.75871794021036
3	8.702179899797605
4	4.799429310859684
5	3.179435283187896
6	2.3093002422110884
7	1.8705000165898007
8	1.435017751086632
9	1.3072762865390357
10++	19.536149175486912
>>END_MODULE
>>Overrepresented sequences	pass
>>END_MODULE
>>Kmer Content	fail
#Sequence	Count	Obs/Exp Overall	Obs/Exp Max	Max Obs/Exp Position
TTTTT	13497265	9.649275	13.695652	10-14
AAAAA	8740295	6.479014	8.03057	2
GGAGG	3595655	2.486947	5.010848	1
CTCCT	3429990	2.4686263	5.1534863	1
CTCCA	3176780	2.303013	5.1452985	1
CTGGA	3169675	2.241961	6.235691	1
GAAAA	2795395	2.0365849	5.496957	2
CTTTT	2646080	1.8959333	5.9119487	1
GTTTT	2574470	1.8220485	5.8592515	1
GGGGG	2663290	1.810437	5.6503415	1
GGAAA	2261185	1.619093	6.0458727	1
GTGGA	2221170	1.5518408	5.093482	1
CTGGG	2169440	1.5081252	5.764501	1
GGGAG	2120445	1.466613	5.041379	1
>>END_MODULE
