##FastQC	0.10.1
>>Basic Statistics	pass
#Measure	Value	
Filename	F_diaphanus_NA_BW_2_R1.fastq.gz	
File type	Conventional base calls	
Encoding	Sanger / Illumina 1.9	
Total Sequences	10785063	
Filtered Sequences	0	
Sequence length	100	
%GC	48	
>>END_MODULE
>>Per base sequence quality	pass
#Base	Mean	Median	Lower Quartile	Upper Quartile	10th Percentile	90th Percentile
1	30.691818860956122	31.0	31.0	34.0	26.0	34.0
2	30.974414613989737	33.0	31.0	34.0	27.0	34.0
3	29.554509417330248	31.0	31.0	34.0	16.0	34.0
4	33.31871144378109	37.0	35.0	37.0	19.0	37.0
5	34.05418540438753	37.0	35.0	37.0	30.0	37.0
6	31.511730993133746	37.0	33.0	37.0	10.0	37.0
7	32.40703063116089	37.0	33.0	37.0	17.0	37.0
8	33.57776574879535	37.0	33.0	37.0	28.0	37.0
9	35.34742523061757	39.0	35.0	39.0	30.0	39.0
10-14	35.01618154664465	39.2	34.8	39.4	24.8	39.4
15-19	36.28075437296936	40.0	35.8	41.0	29.2	41.0
20-24	36.283361793992306	40.0	36.0	41.0	29.0	41.0
25-29	35.96658710292188	40.0	35.6	41.0	27.8	41.0
30-34	35.594612474679096	39.4	35.0	41.0	26.6	41.0
35-39	35.31860826404074	39.0	35.0	41.0	26.0	41.0
40-44	35.07691908707441	39.0	34.4	41.0	25.6	41.0
45-49	34.67008608109197	38.4	33.8	40.4	24.4	41.0
50-54	34.01353110315628	37.8	33.0	40.0	23.0	41.0
55-59	33.339570200007174	36.6	32.8	40.0	21.2	41.0
60-64	32.52589539810755	35.4	32.0	39.0	19.0	40.8
65-69	31.790345740214963	35.0	31.0	37.8	16.2	40.0
70-74	30.979427102094814	35.0	31.0	36.4	9.4	39.2
75-79	29.94886690972505	34.0	29.8	35.2	4.4	37.4
80-84	29.84952523689477	34.0	30.0	35.0	2.0	36.4
85-89	29.361705110113867	34.0	30.0	35.0	2.0	35.6
90-94	28.936519128353723	34.0	29.6	35.0	2.0	35.0
95-99	28.367368275920132	34.0	29.0	35.0	2.0	35.0
100	27.24317391562757	33.0	27.0	35.0	2.0	35.0
>>END_MODULE
>>Per sequence quality scores	pass
#Quality	Count
2	239482.0
3	74276.0
4	40214.0
5	29875.0
6	29889.0
7	31128.0
8	32223.0
9	35203.0
10	38566.0
11	40940.0
12	42605.0
13	44643.0
14	46147.0
15	46627.0
16	46557.0
17	46449.0
18	46045.0
19	45275.0
20	45116.0
21	46070.0
22	51672.0
23	60034.0
24	72480.0
25	91387.0
26	119780.0
27	163481.0
28	209082.0
29	218783.0
30	266728.0
31	317929.0
32	374213.0
33	497370.0
34	695833.0
35	1023740.0
36	1610924.0
37	2160724.0
38	1539933.0
39	263372.0
40	268.0
>>END_MODULE
>>Per base sequence content	fail
#Base	G	A	T	C
1	38.670716579523976	12.61670589053642	10.862867941152603	37.84970958878699
2	27.18310782485863	20.999275725894474	27.218130015315367	24.59948643393152
3	27.9766077006074	25.533938511730415	21.13897808884101	25.350475698821175
4	30.093978396531917	30.863431212466804	18.3783220902782	20.66426830072308
5	28.78279582257392	31.852016030499307	20.905612854075255	18.459575292851515
6	21.467574970061847	37.009684783528954	22.57118388422289	18.951556362186313
7	21.741624582477762	19.75380459648475	36.60320424464983	21.90136657638766
8	22.825696194595018	21.78762322368863	29.380485960726467	26.006194620989888
9	21.879565032778732	20.39954604502487	32.2678568082951	25.453032113901298
10-14	24.75737405000419	26.540819543115386	24.97942461253291	23.72238179434752
15-19	24.593426695016092	25.686695450125026	25.792464179729862	23.92741367512902
20-24	24.461945472106166	26.099236776858326	25.633380912443915	23.805436838591596
25-29	24.49095870459419	25.9182725904596	25.551892390336235	24.03887631460998
30-34	24.241117065884048	25.971580339402394	25.725880563176652	24.06142203153691
35-39	24.349052667220896	25.98666572747575	25.587445275726523	24.076836329576835
40-44	24.394460561296803	25.889408367699584	25.61448204730052	24.101649023703086
45-49	24.36477857678669	25.851037667233683	25.607365101330625	24.176818654648994
50-54	24.36884926037182	25.931816883509022	25.559528587654786	24.139805268464368
55-59	24.490372589192596	25.67808097480324	25.51644173583344	24.31510470017072
60-64	24.379177259374394	25.761432428087844	25.58575006310931	24.273640249428453
65-69	24.395538593076267	25.890934587957602	25.501369560204317	24.212157258761806
70-74	24.512562088495628	25.83819782037328	25.39012715332981	24.259112937801284
75-79	24.430847789178202	25.66835528339744	25.560082835543845	24.340714091880514
80-84	24.418607519117188	25.82477733371335	25.45694570772265	24.29966943944681
85-89	24.518523443148144	25.666356322277117	25.38726519832138	24.427855036253362
90-94	24.337670294177588	25.70296327081439	25.46967195242096	24.489694482587062
95-99	24.39842929495781	25.769615162648552	25.458956052881682	24.372999489511958
100	24.69421592756349	25.435305222086136	25.10671943650023	24.763759413850142
>>END_MODULE
>>Per base GC content	fail
#Base	%GC
1	76.52042616831098
2	51.78259425879016
3	53.327083399428574
4	50.758246697255
5	47.242371115425435
6	40.419131332248156
7	43.64299115886542
8	48.831890815584906
9	47.33259714668003
10-14	48.479755844351715
15-19	48.52084037014511
20-24	48.26738231069776
25-29	48.52983501920417
30-34	48.30253909742096
35-39	48.42588899679773
40-44	48.49610958499989
45-49	48.54159723143569
50-54	48.50865452883619
55-59	48.80547728936332
60-64	48.65281750880285
65-69	48.60769585183807
70-74	48.771675026296904
75-79	48.771561881058716
80-84	48.718276958564
85-89	48.9463784794015
90-94	48.827364776764654
95-99	48.77142878446977
100	49.457975341413636
>>END_MODULE
>>Per sequence GC content	warn
#GC Content	Count
0	2041.0
1	1460.5
2	753.0
3	646.0
4	599.0
5	518.5
6	519.5
7	564.0
8	615.5
9	663.0
10	725.0
11	820.5
12	916.5
13	1047.5
14	1288.5
15	1605.5
16	2028.5
17	2580.5
18	3377.0
19	4614.5
20	6452.5
21	9219.5
22	12886.0
23	17588.0
24	24096.0
25	32869.5
26	43788.0
27	56615.0
28	69872.5
29	82854.5
30	97725.0
31	116173.5
32	133996.5
33	149660.5
34	168052.0
35	183733.5
36	193869.5
37	204936.5
38	216185.0
39	227151.0
40	238333.0
41	249891.5
42	261380.5
43	274747.5
44	293616.0
45	310427.5
46	324732.0
47	341583.5
48	358386.0
49	372488.5
50	387230.0
51	404341.0
52	416605.5
53	420777.5
54	418403.0
55	411402.5
56	399759.0
57	382641.0
58	358546.0
59	325541.0
60	289743.0
61	254022.5
62	220909.5
63	191269.0
64	159774.5
65	130656.0
66	108297.5
67	89868.5
68	73925.0
69	59342.0
70	44942.0
71	32973.0
72	24597.5
73	19432.5
74	15955.0
75	12389.0
76	8788.5
77	6143.5
78	4264.0
79	2978.0
80	2322.0
81	1861.5
82	1565.5
83	1327.5
84	928.0
85	563.0
86	369.0
87	259.0
88	190.5
89	155.0
90	118.5
91	69.5
92	44.0
93	32.0
94	23.5
95	17.0
96	11.5
97	6.5
98	5.0
99	2.5
100	0.5
>>END_MODULE
>>Per base N content	pass
#Base	N-Count
1	0.027241380045716936
2	0.004376423206799997
3	3.2627162215000505
4	0.007195136458637284
5	0.017320251165894904
6	2.2019899188349665
7	0.030616418281469476
8	0.031997958658192355
9	0.031311824511363544
10-14	0.944923548429898
15-19	0.02300403808489575
20-24	0.017611394574143888
25-29	0.015527030301074737
30-34	0.03726821067248286
35-39	0.03850139772016167
40-44	0.027577029452679137
45-49	0.020698998234873547
50-54	0.0167546540989144
55-59	0.003979578051607116
60-64	0.005561395422539489
65-69	0.0019842257759644056
70-74	0.00311171107669932
75-79	0.003868313054824066
80-84	0.0027037394218281338
85-89	0.002503462427618643
90-94	0.010395859532763046
95-99	0.022625737095833376
100	0.017450060328808466
>>END_MODULE
>>Sequence Length Distribution	pass
#Length	Count
100	1.0785063E7
>>END_MODULE
>>Sequence Duplication Levels	warn
#Total Duplicate Percentage	40.49850873455475
#Duplication Level	Relative count
1	100.0
2	23.07276126824999
3	8.46481282571508
4	4.6791582129927995
5	3.013088276246171
6	2.1577753908580974
7	1.6827783745076978
8	1.3724788160878387
9	1.1592473246608586
10++	13.525878187532323
>>END_MODULE
>>Overrepresented sequences	warn
#Sequence	Count	Percentage	Possible Source
GATCGGAAGAGCACACGTCTGAACTCCAGTCACCGCTCATTATCTCGTAT	11516	0.10677730857946773	TruSeq Adapter, Index 2 (97% over 37bp)
>>END_MODULE
>>Kmer Content	warn
#Sequence	Count	Obs/Exp Overall	Obs/Exp Max	Max Obs/Exp Position
TTTTT	5457855	4.9824963	6.3399816	2
AAAAA	5338535	4.5859027	8.5468235	2
CTGGA	2208430	2.2292368	5.9164696	1
GAAGA	2308525	2.1636012	5.16628	2
GAAAA	2212790	1.985468	6.3204274	1
GTTTT	1990010	1.8746306	5.5456195	1
AAAAT	2056035	1.7877948	5.166161	3
GGAAA	1704825	1.5978	6.4842424	1
GCCAG	1401820	1.4873934	5.3105392	1
GGGAG	1389195	1.4205145	5.2249546	1
GGGAA	1266100	1.2394544	5.1062093	1
>>END_MODULE
