##FastQC	0.10.1
>>Basic Statistics	pass
#Measure	Value	
Filename	F_olivaceous_NA_FW_3_R1.fastq.gz	
File type	Conventional base calls	
Encoding	Sanger / Illumina 1.9	
Total Sequences	8896418	
Filtered Sequences	0	
Sequence length	100	
%GC	49	
>>END_MODULE
>>Per base sequence quality	pass
#Base	Mean	Median	Lower Quartile	Upper Quartile	10th Percentile	90th Percentile
1	30.79635062111515	33.0	31.0	34.0	26.0	34.0
2	31.11346038371848	34.0	31.0	34.0	27.0	34.0
3	30.851477414842694	34.0	31.0	34.0	27.0	34.0
4	34.334201360592544	37.0	35.0	37.0	30.0	37.0
5	32.8242293696182	37.0	35.0	37.0	22.0	37.0
6	33.21264030084917	37.0	35.0	37.0	19.0	37.0
7	33.82290007056773	37.0	35.0	37.0	29.0	37.0
8	33.94176757432036	37.0	35.0	37.0	30.0	37.0
9	35.525894916358475	39.0	37.0	39.0	30.0	39.0
10-14	35.64518607376586	39.2	35.8	39.4	29.6	39.4
15-19	36.45382080743059	40.0	37.0	41.0	29.0	41.0
20-24	36.26031472442055	40.0	36.8	41.0	27.4	41.0
25-29	35.95623398091232	40.0	36.0	41.0	27.0	41.0
30-34	35.57064746732899	40.0	35.6	41.0	25.4	41.0
35-39	35.214900693739885	39.4	35.0	41.0	24.4	41.0
40-44	34.97751755819028	39.0	35.0	41.0	23.8	41.0
45-49	34.50166105054866	38.8	34.2	41.0	22.6	41.0
50-54	33.88940416243931	38.0	33.4	40.2	19.8	41.0
55-59	33.16378277189763	36.8	33.0	40.0	16.4	41.0
60-64	32.36408071203489	35.4	32.2	39.2	11.2	41.0
65-69	31.620144377208895	35.0	31.8	37.8	7.2	40.2
70-74	30.842900232430623	35.0	31.0	36.4	2.0	39.2
75-79	29.816702385162206	34.2	30.2	35.2	2.0	37.4
80-84	29.73858519237743	35.0	31.0	35.0	2.0	36.4
85-89	29.258393187010775	34.4	30.0	35.0	2.0	35.6
90-94	28.797452390389033	34.0	30.0	35.0	2.0	35.0
95-99	28.29186160092748	34.0	29.2	35.0	2.0	35.0
100	27.19933202329297	33.0	27.0	35.0	2.0	35.0
>>END_MODULE
>>Per sequence quality scores	pass
#Quality	Count
2	234630.0
3	78411.0
4	39406.0
5	30004.0
6	29280.0
7	28889.0
8	29608.0
9	31789.0
10	34564.0
11	36174.0
12	37187.0
13	37935.0
14	38325.0
15	38955.0
16	38423.0
17	38136.0
18	37192.0
19	36559.0
20	36339.0
21	37777.0
22	41571.0
23	48371.0
24	57827.0
25	71030.0
26	86874.0
27	105637.0
28	129382.0
29	152932.0
30	182002.0
31	221823.0
32	274690.0
33	358845.0
34	499293.0
35	753247.0
36	1259008.0
37	1915064.0
38	1506386.0
39	282495.0
40	358.0
>>END_MODULE
>>Per base sequence content	fail
#Base	G	A	T	C
1	33.372475432945535	15.04357364483924	7.742074961486535	43.841875960728686
2	23.8261622204924	18.103566400355206	38.45053379382828	19.619737585324113
3	24.56510598193348	22.821179592448342	23.07859022293746	29.53512420268072
4	26.174485101163164	30.0539989532054	19.318553804702663	24.45296214092877
5	28.269166862033266	31.33991039081555	21.261405642125357	19.129517105025823
6	22.383117411032902	33.72836283807283	23.121083546766812	20.767436204127453
7	20.4882803253028	18.75424596354429	37.889159673419684	22.868314037733224
8	20.810110951224985	21.011679934591015	30.354739142879154	27.823469971304842
9	22.24934698703128	20.371687998179986	31.250979083680015	26.12798593110872
10-14	24.133304374801615	26.61755412450345	25.132366971295067	24.11677452939987
15-19	24.559940787384406	25.20710765469316	25.667804885310634	24.565146672611796
20-24	24.34156616098507	25.64559284865785	25.570258139097756	24.442582851259324
25-29	24.41550640730489	25.65231786679638	25.508232322491853	24.423943403406874
30-34	24.323711807487072	25.650071304716622	25.438311905930856	24.587904981865453
35-39	24.47604575941781	25.68829517312049	25.312162978846963	24.52349608861473
40-44	24.615707945595133	25.61949428248736	25.19100355919266	24.573794212724845
45-49	24.564152972866296	25.63159118053473	25.19464676642334	24.60960908017563
50-54	24.605125331978158	25.69775980411302	25.086327980424073	24.610786883484753
55-59	24.887465558458153	25.347295382911167	25.015872403501856	24.749366655128824
60-64	24.833400097545145	25.301827220095145	25.012586578959073	24.85218610340064
65-69	24.71181093128989	25.4163104429874	25.033303059425698	24.838575566297013
70-74	24.901119827369257	25.397284380523054	24.919907790824613	24.781688001283076
75-79	24.845732493816723	25.27630314009828	24.978189655895324	24.89977471018968
80-84	24.86267613835076	25.204975215112462	25.010991574460196	24.92135707207658
85-89	24.891161389859104	25.343291533162095	24.777297038164477	24.98825003881433
90-94	24.81416861479709	25.308769435532234	24.92413611625389	24.952925833416785
95-99	24.696471003440724	25.339888371401532	24.98287598349124	24.980764641666507
100	24.969643680546078	24.948881554261543	24.609335919962284	25.4721388452301
>>END_MODULE
>>Per base GC content	fail
#Base	%GC
1	77.21435139367424
2	43.44589980581651
3	54.1002301846142
4	50.62744724209194
5	47.39868396705909
6	43.150553615160355
7	43.356594363036024
8	48.63358092252983
9	48.377332918140006
10-14	48.25007890420148
15-19	49.1250874599962
20-24	48.7841490122444
25-29	48.83944981071176
30-34	48.91161678935252
35-39	48.99954184803255
40-44	49.18950215831998
45-49	49.17376205304193
50-54	49.21591221546291
55-59	49.63683221358697
60-64	49.685586200945785
65-69	49.5503864975869
70-74	49.68280782865234
75-79	49.7455072040064
80-84	49.78403321042734
85-89	49.87941142867343
90-94	49.767094448213875
95-99	49.677235645107224
100	50.44178252577617
>>END_MODULE
>>Per sequence GC content	warn
#GC Content	Count
0	2312.0
1	1731.5
2	1061.0
3	1000.5
4	976.5
5	909.0
6	897.5
7	943.0
8	1002.5
9	1034.0
10	1077.0
11	1093.0
12	1106.0
13	1212.0
14	1354.0
15	1485.5
16	1717.0
17	2078.5
18	2696.0
19	3616.5
20	4989.0
21	7070.5
22	9798.5
23	13344.5
24	18077.0
25	24197.0
26	31880.5
27	40801.5
28	50145.0
29	59988.0
30	71244.5
31	85128.5
32	99467.0
33	113055.5
34	124745.0
35	133985.0
36	143006.5
37	152220.5
38	162892.0
39	173601.0
40	182856.0
41	192789.5
42	207816.5
43	226138.5
44	245272.5
45	259021.5
46	275293.0
47	288507.5
48	299241.5
49	314871.5
50	325703.5
51	340406.0
52	357674.0
53	360568.0
54	353869.0
55	356011.0
56	339463.0
57	308887.0
58	289622.5
59	264159.0
60	235438.0
61	208708.0
62	178639.5
63	150861.0
64	130905.0
65	111436.5
66	91869.0
67	80722.0
68	70475.5
69	56792.0
70	44023.0
71	32444.0
72	22949.0
73	18478.0
74	18239.5
75	19650.0
76	18221.5
77	13951.0
78	10041.0
79	6813.5
80	7201.0
81	9683.5
82	9252.0
83	6002.5
84	3214.5
85	1741.5
86	921.0
87	598.0
88	395.0
89	252.5
90	175.0
91	126.5
92	86.0
93	48.5
94	32.5
95	25.0
96	21.5
97	14.5
98	9.0
99	5.5
100	0.5
>>END_MODULE
>>Per base N content	pass
#Base	N-Count
1	0.016602187532105617
2	0.0021694124534166444
3	0.005788846702122135
4	0.007755930532940335
5	3.532455421946226
6	0.03739707374361232
7	0.04663674750894124
8	0.05252675852236259
9	0.04692899996380566
10-14	0.051962486474893606
15-19	0.02964788749809193
20-24	0.02522588304641261
25-29	0.02537200927384482
30-34	0.049903230716002785
35-39	0.04689527852670592
40-44	0.03810522392270687
45-49	0.02881609204963166
50-54	0.014947589018411681
55-59	0.005336979444985611
60-64	0.004882864092042438
65-69	9.914102507323733E-4
70-74	0.003336174177067669
75-79	0.004606348307824565
80-84	0.0057686138398622905
85-89	0.0024549206208611153
90-94	0.009900613932483837
95-99	0.01799151074061493
100	0.004631077361697708
>>END_MODULE
>>Sequence Length Distribution	pass
#Length	Count
100	8896418.0
>>END_MODULE
>>Sequence Duplication Levels	warn
#Total Duplicate Percentage	43.78998887266153
#Duplication Level	Relative count
1	100.0
2	18.038339300489486
3	6.981186059279765
4	3.9336833721262923
5	2.8503158855233957
6	2.0878602525537624
7	1.7329240096196228
8	1.3663885430601845
9	1.1367239152792707
10++	16.528893666050617
>>END_MODULE
>>Overrepresented sequences	pass
>>END_MODULE
>>Kmer Content	warn
#Sequence	Count	Obs/Exp Overall	Obs/Exp Max	Max Obs/Exp Position
TTTTT	4603065	5.306423	8.825712	2
AAAAA	4030555	4.5302396	6.7317333	2
CTCCT	1860505	2.249063	7.171479	1
CTCCA	1849100	2.223983	7.160333	1
GAAGA	1825280	2.1686535	5.381786	2
CTGGA	1751215	2.1353621	6.9365354	1
AAGAA	1845355	2.1324968	5.1288915	2
CTCTG	1714580	2.0869355	5.4504056	1
GAAAA	1718630	1.9860531	5.527174	2
CTTCA	1657780	1.9625736	5.4146967	1
CTGCA	1594755	1.9312816	5.2286153	1
CTTTT	1609615	1.8851626	5.6853733	1
CTGAA	1564660	1.8556663	5.4309196	1
GTTTT	1548105	1.8256086	7.3326635	1
CTTTG	1448845	1.735806	5.056646	1
CTCAG	1365425	1.6535581	5.6688437	1
GGAAA	1361350	1.6174483	6.670319	1
CTGGG	1213580	1.5214325	5.7738676	1
>>END_MODULE
