##FastQC	0.10.1
>>Basic Statistics	pass
#Measure	Value	
Filename	F_rathbuni_NA_FW_3_R1.fastq.gz	
File type	Conventional base calls	
Encoding	Sanger / Illumina 1.9	
Total Sequences	15786079	
Filtered Sequences	0	
Sequence length	100	
%GC	48	
>>END_MODULE
>>Per base sequence quality	pass
#Base	Mean	Median	Lower Quartile	Upper Quartile	10th Percentile	90th Percentile
1	30.96140928979261	33.0	31.0	34.0	27.0	34.0
2	31.286544176042703	34.0	31.0	34.0	28.0	34.0
3	31.021787297529677	34.0	31.0	34.0	27.0	34.0
4	34.519780371047176	37.0	35.0	37.0	30.0	37.0
5	33.04816553876361	37.0	35.0	37.0	25.0	37.0
6	33.43775012148362	37.0	35.0	37.0	23.0	37.0
7	34.043671642590915	37.0	35.0	37.0	30.0	37.0
8	34.16362878964434	37.0	35.0	37.0	30.0	37.0
9	35.76993039246795	39.0	37.0	39.0	30.0	39.0
10-14	35.89348118681022	39.2	37.0	39.4	30.0	39.4
15-19	36.739513580288055	40.0	37.0	41.0	30.0	41.0
20-24	36.5735970534545	40.0	37.0	41.0	29.4	41.0
25-29	36.28919984500268	40.0	36.6	41.0	28.2	41.0
30-34	35.937872425445235	40.0	36.0	41.0	27.0	41.0
35-39	35.63868552792623	40.0	35.4	41.0	26.0	41.0
40-44	35.44756004325076	39.8	35.0	41.0	25.6	41.0
45-49	35.02843701719724	39.0	35.0	41.0	24.2	41.0
50-54	34.457599496366385	38.4	34.0	40.6	23.0	41.0
55-59	33.75776103743051	37.4	33.4	40.0	21.2	41.0
60-64	32.9815251019585	36.2	33.0	39.4	18.8	41.0
65-69	32.236859450659026	35.0	32.0	38.6	16.4	40.6
70-74	31.429138065253568	35.0	31.8	36.8	10.0	39.4
75-79	30.356085915951645	34.6	30.4	35.2	5.4	37.4
80-84	30.256391343284168	35.0	31.0	35.0	2.0	36.6
85-89	29.77182598668105	35.0	31.0	35.0	2.0	36.0
90-94	29.32131796629169	34.0	30.6	35.0	2.0	35.0
95-99	28.83937682055183	34.0	30.0	35.0	2.0	35.0
100	27.761057954923448	34.0	28.0	35.0	2.0	35.0
>>END_MODULE
>>Per sequence quality scores	pass
#Quality	Count
2	348230.0
3	123133.0
4	62731.0
5	47627.0
6	44939.0
7	46679.0
8	47808.0
9	52248.0
10	57183.0
11	60337.0
12	60922.0
13	61934.0
14	63332.0
15	63432.0
16	63662.0
17	62510.0
18	61501.0
19	60515.0
20	61315.0
21	63652.0
22	69837.0
23	80993.0
24	97951.0
25	120712.0
26	148320.0
27	182142.0
28	218391.0
29	254032.0
30	306331.0
31	375154.0
32	464826.0
33	605300.0
34	836398.0
35	1249565.0
36	2164634.0
37	3486225.0
38	2999396.0
39	611376.0
40	806.0
>>END_MODULE
>>Per base sequence content	fail
#Base	G	A	T	C
1	33.44172019008217	15.718932675523254	7.215769296101272	43.6235778382933
2	22.687886968085866	17.980975314305013	41.64250292083956	17.688634796769556
3	23.751303121358923	23.33016115879861	24.815130347612214	28.10340537223025
4	24.9550961441728	30.36281783352073	20.69575509051852	23.986330931787954
5	27.70982329634356	31.84134180937305	22.083786360780785	18.36504853350261
6	21.793761326123146	34.53387386935221	23.677430745406877	19.99493405911777
7	20.01815131631901	19.646822537292906	38.390921299720446	21.944104846667642
8	20.058611302434866	21.916180272632495	31.207308279389967	26.817900145542676
9	21.56459107049817	20.592214075931306	32.47741823694711	25.365776616623414
10-14	23.746331726643323	27.070046266572472	25.824142455241734	23.35947955154247
15-19	23.99928359984286	25.881520837640693	26.26876067208494	23.850434890431508
20-24	23.78307491596072	26.29688340780096	26.19133428910657	23.728707387131745
25-29	23.933578315802215	26.370334039998582	25.874521059492995	23.821566584706204
30-34	23.6918455930976	26.333210766281702	25.997807685805956	23.97713595481474
35-39	23.825695407425968	26.3342618982518	25.99340979982137	23.84663289450086
40-44	23.893080770328957	26.27107451910208	25.936554741733847	23.89928996883512
45-49	23.896610550954893	26.25244974571791	25.88427803032441	23.966661673002783
50-54	23.891469386839145	26.278239815081513	25.859259313605243	23.9710314844741
55-59	23.963571388325878	26.08972206606721	25.881270381143256	24.06543616446366
60-64	23.971701251901116	26.069935534155338	25.838881621165978	24.11948159277757
65-69	23.975903170262143	26.332497142172773	25.759920670691862	23.931679016873225
70-74	24.080876157784743	26.309800728979383	25.667069701247787	23.942253411988087
75-79	24.054342877237374	26.10726025994021	25.72468139703026	24.113715465792154
80-84	24.032926320841515	26.170715917579162	25.73414828323498	24.062209478344343
85-89	24.115181388737028	26.14713687252585	25.6386123905735	24.099069348163624
90-94	24.015607737109736	26.07713466412059	25.66653651434131	24.240721084428362
95-99	23.99805672331334	26.176745168425125	25.725174987531712	24.100023120729823
100	24.305639933817318	25.930046236401516	25.25795041721469	24.506363412566472
>>END_MODULE
>>Per base GC content	fail
#Base	%GC
1	77.06529802837548
2	40.376521764855426
3	51.85470849358917
4	48.94142707596075
5	46.07487182984617
6	41.78869538524091
7	41.96225616298665
8	46.87651144797754
9	46.93036768712159
10-14	47.1058112781858
15-19	47.84971849027437
20-24	47.51178230309247
25-29	47.75514490050842
30-34	47.668981547912345
35-39	47.67232830192683
40-44	47.79237073916408
45-49	47.86327222395768
50-54	47.862500871313244
55-59	48.02900755278953
60-64	48.09118284467869
65-69	47.90758218713537
70-74	48.023129569772834
75-79	48.16805834302953
80-84	48.095135799185854
85-89	48.21425073690065
90-94	48.256328821538105
95-99	48.09807984404316
100	48.81200334638379
>>END_MODULE
>>Per sequence GC content	warn
#GC Content	Count
0	477.0
1	584.0
2	726.0
3	790.5
4	787.0
5	745.5
6	768.0
7	853.0
8	992.0
9	1098.5
10	1212.5
11	1355.5
12	1547.0
13	1841.0
14	2158.0
15	2584.0
16	3216.5
17	4156.0
18	5446.0
19	7392.0
20	10474.5
21	14798.5
22	21246.0
23	30307.5
24	41731.5
25	56164.0
26	73890.0
27	93431.5
28	112489.5
29	135222.0
30	161366.5
31	187692.5
32	215480.5
33	240952.5
34	264109.5
35	286264.5
36	306299.5
37	323775.5
38	340654.0
39	357457.0
40	371628.0
41	389791.0
42	408707.5
43	426401.0
44	452079.5
45	478299.5
46	504498.0
47	526761.5
48	541103.0
49	557286.5
50	576862.0
51	597351.5
52	615978.5
53	621607.0
54	604080.5
55	576874.5
56	552636.5
57	528556.5
58	490211.0
59	437587.0
60	386584.0
61	333423.5
62	282346.0
63	241429.0
64	202141.5
65	163950.0
66	132012.0
67	106545.0
68	87400.5
69	69719.5
70	52106.5
71	38011.5
72	27128.0
73	21399.5
74	18271.5
75	14275.5
76	10223.0
77	7175.5
78	5081.5
79	3399.0
80	2725.5
81	2398.5
82	2063.5
83	1762.0
84	1246.0
85	811.0
86	515.5
87	330.5
88	280.0
89	229.0
90	158.0
91	109.0
92	92.0
93	66.5
94	32.5
95	16.5
96	12.5
97	6.0
98	2.0
99	1.0
100	0.0
>>END_MODULE
>>Per base N content	pass
#Base	N-Count
1	0.017737146760763073
2	0.002394514812703015
3	0.005720229830346092
4	0.007874026222724465
5	3.4005847810593117
6	0.039192759646014694
7	0.04820069632237366
8	0.05432634665010861
9	0.04768758600536587
10-14	0.05336600684691873
15-19	0.03138588119317026
20-24	0.02681096426794773
25-29	0.02635613314743959
30-34	0.05098542836381346
35-39	0.04865806132099047
40-44	0.0396843319990987
45-49	0.030072065393819455
50-54	0.015411046656994432
55-59	0.005311008515794201
60-64	0.004806766772166794
65-69	8.564508007339886E-4
70-74	0.0031812839654482912
75-79	0.004307592784756746
80-84	0.005675886963444184
85-89	0.0023375025552577052
90-94	0.009485572699845225
95-99	0.017991801510685457
100	0.004313927480028448
>>END_MODULE
>>Sequence Length Distribution	pass
#Length	Count
100	1.5786079E7
>>END_MODULE
>>Sequence Duplication Levels	fail
#Total Duplicate Percentage	51.3246898349666
#Duplication Level	Relative count
1	100.0
2	31.350363916332718
3	13.121072716317416
4	7.165469552492898
5	4.682613311399524
6	3.4191876201497746
7	2.6272750748395612
8	2.0926384651434145
9	1.732069588836711
10++	25.092533259370487
>>END_MODULE
>>Overrepresented sequences	warn
#Sequence	Count	Percentage	Possible Source
GATCGGAAGAGCACACGTCTGAACTCCAGTCACCGGCTATGATCTCGTAT	26943	0.1706756947054427	TruSeq Adapter, Index 7 (97% over 36bp)
>>END_MODULE
>>Kmer Content	warn
#Sequence	Count	Obs/Exp Overall	Obs/Exp Max	Max Obs/Exp Position
TTTTT	8145335	4.579465	8.016426	2
AAAAA	8169335	4.5106664	6.0856776	2
CTGCT	3592095	2.5438244	5.0492587	1
CTCCT	3400105	2.3953927	8.591629	1
CTCCA	3304635	2.3197308	8.125782	1
CTCTG	3253175	2.3038101	6.6620984	1
CTGGA	3181170	2.2563717	7.8633904	1
GAAGA	3312140	2.163377	5.6363773	2
CTTCT	3300690	2.1568978	5.496038	1
CTGCA	3045270	2.148794	5.0961266	1
CTTCA	3120735	2.0319424	6.2612376	1
GAAAA	3238810	1.9450206	5.118772	2
CTGAA	2872780	1.8734468	6.0812564	1
GTTTT	3059505	1.8641095	7.8797326	1
CTTTT	3073020	1.8626475	6.5594935	1
CTTTG	2597365	1.7061322	5.9768357	1
CTCAG	2393725	1.6890526	7.077604	1
GGAAG	2377205	1.6887872	5.15258	1
TCAGA	2501160	1.6310998	5.084772	2
GGAAA	2463745	1.6092343	6.0927925	1
CTGGG	2047645	1.5796585	6.2082653	1
GTTTG	2152660	1.4213797	5.2265825	1
>>END_MODULE
