##FastQC	0.10.1
>>Basic Statistics	pass
#Measure	Value	
Filename	F_olivaceous_NA_BW_1_R2.fastq.gz	
File type	Conventional base calls	
Encoding	Sanger / Illumina 1.9	
Total Sequences	11737649	
Filtered Sequences	0	
Sequence length	100	
%GC	48	
>>END_MODULE
>>Per base sequence quality	fail
#Base	Mean	Median	Lower Quartile	Upper Quartile	10th Percentile	90th Percentile
1	29.15129605596487	31.0	30.0	34.0	23.0	34.0
2	29.056053473740782	31.0	30.0	34.0	22.0	34.0
3	29.136767166917327	31.0	30.0	34.0	22.0	34.0
4	32.47542774536877	35.0	33.0	37.0	23.0	37.0
5	32.42167788455763	35.0	33.0	37.0	22.0	37.0
6	32.3211435271237	35.0	33.0	37.0	22.0	37.0
7	32.30550257551576	35.0	33.0	37.0	22.0	37.0
8	32.234390038414	35.0	33.0	37.0	21.0	37.0
9	33.561831163975	38.0	33.0	39.0	21.0	39.0
10-14	33.64398262377755	38.2	33.0	39.4	18.6	39.4
15-19	34.23719083779043	39.0	33.2	41.0	17.4	41.0
20-24	33.974907087441444	39.0	33.0	41.0	16.6	41.0
25-29	33.71207423224191	38.4	33.0	40.4	13.6	41.0
30-34	33.34329044939067	38.0	32.6	40.0	9.2	41.0
35-39	32.910680171131375	38.0	32.0	40.0	7.6	41.0
40-44	32.44551431040407	38.0	31.0	40.0	2.0	41.0
45-49	32.02037736858548	37.2	31.0	40.0	2.0	41.0
50-54	31.19403766461239	36.0	29.8	39.4	2.0	40.6
55-59	31.200572073675062	35.8	30.0	39.8	2.0	41.0
60-64	30.439019551530293	35.0	29.2	39.0	2.0	40.8
65-69	29.589017937067297	35.0	28.8	37.4	2.0	40.0
70-74	28.877610993479188	34.2	28.2	36.2	2.0	39.0
75-79	28.099829684803147	34.0	27.2	35.2	2.0	37.6
80-84	27.41114149860845	34.0	26.0	35.0	2.0	36.2
85-89	26.8137220494496	33.6	25.2	35.0	2.0	35.4
90-94	26.253954416254906	33.0	24.2	35.0	2.0	35.0
95-99	25.535287143106764	33.0	20.6	35.0	2.0	35.0
100	24.15400860939018	32.0	2.0	34.0	2.0	35.0
>>END_MODULE
>>Per sequence quality scores	pass
#Quality	Count
2	646164.0
3	94501.0
4	61924.0
5	51751.0
6	50615.0
7	52530.0
8	55594.0
9	61753.0
10	67544.0
11	69289.0
12	66753.0
13	65604.0
14	66813.0
15	68186.0
16	67698.0
17	67727.0
18	68456.0
19	68614.0
20	70084.0
21	73856.0
22	82063.0
23	95065.0
24	114435.0
25	137688.0
26	164285.0
27	192708.0
28	225373.0
29	263749.0
30	311001.0
31	371284.0
32	454060.0
33	572621.0
34	747083.0
35	1025988.0
36	1487800.0
37	1929002.0
38	1407530.0
39	260137.0
40	321.0
>>END_MODULE
>>Per base sequence content	fail
#Base	G	A	T	C
1	36.90660058825941	14.896685588701288	7.553337374601998	40.64337644843731
2	25.93955011056344	17.77212742169811	37.11739881672775	19.170923651010703
3	26.22126479039924	22.264688864637662	22.4208015163865	29.09324482857659
4	27.99872463785903	28.503585315369172	19.24111861634969	24.25657143042211
5	29.557994802947213	29.21536879282825	22.128413538521965	19.09822286570257
6	23.10725016344784	32.82803923702694	23.542344006073073	20.522366593452148
7	20.83705555672515	19.39512424462766	37.29813161929651	22.46968857935067
8	21.283215579896968	21.662572611872864	30.48462858704229	26.56958322118788
9	22.107571544150943	20.754641081171652	31.97638301333993	25.161404361337475
10-14	24.020817301708654	26.91774626506082	25.928465358573032	23.132971074657497
15-19	24.295881914276663	25.549622132892548	26.364452871587673	23.790043081243113
20-24	24.185980945799315	25.956828876111548	26.19630998831855	23.660880189770587
25-29	24.137308943281504	25.945934723751602	26.18494088194549	23.731815451021404
30-34	24.09076587285479	25.98698112626278	26.094995793794006	23.827257207088426
35-39	24.10583585470832	26.036955930569384	26.061417232610566	23.795790982111733
40-44	24.24418498405157	25.954435659894305	25.961649922259163	23.83972943379496
45-49	24.205628048059257	25.953179607470506	25.948761299605028	23.892431044865205
50-54	24.128215739639593	26.041197223349066	25.981776118787796	23.848810918223542
55-59	24.269909721696976	25.931314357428864	25.845500048574298	23.953275872299866
60-64	24.211548513576318	25.89496243763621	25.838073863196342	24.055415185591134
65-69	24.177142858896154	25.971146778308167	25.88869034889367	23.963020013902003
70-74	24.264876972503245	25.906108350458968	25.85011691486968	23.978897762168106
75-79	24.253595548623412	25.807931580809317	25.834398729685947	24.104074140881323
80-84	24.243949475094524	25.882883759522553	25.814959789091336	24.058206976291597
85-89	24.393598992600083	25.87223734835223	25.670715426264717	24.063448232782974
90-94	24.276953916089138	25.8127263174526	25.73097150412987	24.179348262328393
95-99	24.309990753335136	25.890796282821977	25.759012770863826	24.040200192979064
100	24.809860945954792	25.558246353530283	25.278471169161286	24.35342153135364
>>END_MODULE
>>Per base GC content	fail
#Base	%GC
1	77.54997703669672
2	45.11047376157414
3	55.31450961897584
4	52.25529606828113
5	48.65621766864978
6	43.629616756899985
7	43.30674413607582
8	47.852798801084845
9	47.26897590548842
10-14	47.153788376366144
15-19	48.085924995519775
20-24	47.8468611355699
25-29	47.86912439430291
30-34	47.91802307994321
35-39	47.90162683682005
40-44	48.08391441784653
45-49	48.09805909292446
50-54	47.977026657863135
55-59	48.223185593996845
60-64	48.26696369916745
65-69	48.14016287279816
70-74	48.243774734671355
75-79	48.35766968950473
80-84	48.30215645138612
85-89	48.45704722538306
90-94	48.45630217841753
95-99	48.3501909463142
100	49.16328247730843
>>END_MODULE
>>Per sequence GC content	warn
#GC Content	Count
0	12034.0
1	9429.0
2	6432.0
3	6073.0
4	5199.5
5	3608.5
6	2803.0
7	2636.0
8	2525.0
9	2426.0
10	2398.5
11	2396.5
12	2423.0
13	2511.0
14	2690.5
15	2962.0
16	3228.5
17	3689.0
18	4556.5
19	5879.5
20	7779.0
21	10666.5
22	14852.5
23	20454.0
24	27894.0
25	37264.5
26	48280.0
27	60814.5
28	74832.0
29	89825.0
30	106905.5
31	127818.0
32	148687.0
33	167871.0
34	186055.0
35	200705.5
36	214746.0
37	229221.5
38	242654.5
39	256319.5
40	269007.0
41	281594.0
42	299227.5
43	316797.5
44	333953.0
45	347023.0
46	355897.0
47	371917.5
48	390456.5
49	407473.5
50	421553.5
51	433943.0
52	447224.5
53	452662.5
54	447401.5
55	437111.0
56	417998.5
57	393741.5
58	368868.0
59	338112.5
60	302357.0
61	264930.0
62	228203.0
63	194772.5
64	165808.0
65	139684.5
66	115786.0
67	95660.0
68	78663.0
69	62572.5
70	48103.0
71	36524.0
72	27118.0
73	20298.5
74	15718.0
75	12652.5
76	10163.0
77	7662.5
78	5589.0
79	4065.0
80	3336.5
81	3122.5
82	2673.0
83	1986.0
84	1381.5
85	956.0
86	688.5
87	519.5
88	389.5
89	270.0
90	169.0
91	113.5
92	75.0
93	50.5
94	34.5
95	27.5
96	16.5
97	9.0
98	6.0
99	1.5
100	0.5
>>END_MODULE
>>Per base N content	pass
#Base	N-Count
1	0.031607692477428825
2	0.2508083177474467
3	0.06524304824586252
4	0.03843188699883597
5	0.04783751839912746
6	0.03874711196424429
7	0.04421669109376162
8	0.0372732222611189
9	0.03603788118046467
10-14	0.04574681011504093
15-19	0.04242076075030017
20-24	0.07347127180238563
25-29	0.03530349220699989
30-34	0.05665188999943686
35-39	0.04115986088866689
40-44	0.04544180866202423
45-49	0.03961951835499596
50-54	0.04072876944948686
55-59	0.04350786090127589
60-64	0.04464607861420971
65-69	0.03974049658496348
70-74	0.03466452268252356
75-79	0.03930429338958764
80-84	0.04863154452821004
85-89	0.052996984319432276
90-94	0.038484708479526016
95-99	0.04063846175669421
100	0.03967574767314988
>>END_MODULE
>>Sequence Length Distribution	pass
#Length	Count
100	1.1737649E7
>>END_MODULE
>>Sequence Duplication Levels	warn
#Total Duplicate Percentage	39.59817463766747
#Duplication Level	Relative count
1	100.0
2	19.123110252539867
3	7.765464058626164
4	4.459530271153831
5	2.9868372685963664
6	2.191442269339361
7	1.7565950524397589
8	1.4273312425211753
9	1.1927014492300232
10++	15.51685032965486
>>END_MODULE
>>Overrepresented sequences	warn
#Sequence	Count	Percentage	Possible Source
TTTTTTTTTTTTTTTTTTTTTTTTTTTTTTTTTTTTTTTTTTTTTTTTTT	13305	0.11335319364209988	No Hit
>>END_MODULE
>>Kmer Content	fail
#Sequence	Count	Obs/Exp Overall	Obs/Exp Max	Max Obs/Exp Position
TTTTT	9795420	7.4482737	10.24284	10-14
AAAAA	6223225	4.937996	6.691524	2
CTCCT	2505250	2.3935843	6.6539793	1
CTCCA	2376415	2.2899208	6.2993646	1
CTGGA	2375195	2.2194712	7.0956564	1
CTCTG	2323105	2.18571	5.269156	1
GAAGA	2403530	2.1171222	5.1412616	2
GGGGG	1993915	2.0542085	5.7796373	1
GAAAA	2392620	2.0002744	5.220247	2
CTTTT	2321450	1.9047891	6.0427513	1
GTTTT	2280980	1.8430414	7.134346	1
CTCAG	1762365	1.6723228	5.123473	1
GGAAA	1887875	1.6629132	6.232378	1
GGAAG	1776005	1.6482422	5.101082	1
CTGGG	1629355	1.6041555	6.692849	1
GGGAG	1540810	1.5066293	5.4944844	1
GGGGA	1417295	1.3858544	5.205251	1
GGGAA	1431535	1.3285527	5.103314	1
>>END_MODULE
