##FastQC	0.10.1
>>Basic Statistics	pass
#Measure	Value	
Filename	F_similis_NA_FW_1_R1.fastq.gz	
File type	Conventional base calls	
Encoding	Sanger / Illumina 1.9	
Total Sequences	17019396	
Filtered Sequences	0	
Sequence length	100	
%GC	46	
>>END_MODULE
>>Per base sequence quality	pass
#Base	Mean	Median	Lower Quartile	Upper Quartile	10th Percentile	90th Percentile
1	29.93607622738198	31.0	30.0	34.0	25.0	34.0
2	30.28716759396162	31.0	30.0	34.0	26.0	34.0
3	29.850484882072195	31.0	30.0	34.0	25.0	34.0
4	31.421274762042085	35.0	32.0	37.0	10.0	37.0
5	32.55609770170457	35.0	32.0	37.0	19.0	37.0
6	32.9873335692994	35.0	33.0	37.0	27.0	37.0
7	33.14459026630557	36.0	35.0	37.0	27.0	37.0
8	33.13777968383837	36.0	35.0	37.0	27.0	37.0
9	34.58018856838398	39.0	35.0	39.0	27.0	39.0
10-14	34.621435155513154	38.8	35.0	39.4	26.6	39.4
15-19	34.63453113142206	39.0	33.8	41.0	20.2	41.0
20-24	34.74383348269233	39.0	34.0	41.0	23.0	41.0
25-29	34.367298663242806	39.0	34.0	41.0	19.8	41.0
30-34	33.910669262293446	38.0	33.0	40.6	16.6	41.0
35-39	33.44426850400567	38.0	33.0	40.0	12.0	41.0
40-44	33.07279094980809	38.0	32.6	40.0	7.4	41.0
45-49	32.514694152483436	37.6	31.8	40.0	2.0	41.0
50-54	31.822685070610028	36.6	31.0	40.0	2.0	41.0
55-59	30.431112126423283	35.2	28.6	39.2	2.0	41.0
60-64	30.22606240550487	35.0	29.0	38.6	2.0	40.4
65-69	29.49934139848441	35.0	29.0	37.2	2.0	39.8
70-74	28.708354597307682	34.2	28.2	35.8	2.0	39.0
75-79	27.60421345152319	33.4	26.4	35.0	2.0	37.0
80-84	27.514195098345443	34.0	26.6	35.0	2.0	36.2
85-89	26.989993111388912	34.0	25.6	35.0	2.0	35.4
90-94	25.91884556890268	33.4	19.6	35.0	2.0	35.0
95-99	25.7009250387029	33.0	21.6	35.0	2.0	35.0
100	24.66434954565955	32.0	15.0	35.0	2.0	35.0
>>END_MODULE
>>Per sequence quality scores	pass
#Quality	Count
2	573427.0
3	181873.0
4	103680.0
5	87942.0
6	93654.0
7	85092.0
8	81798.0
9	89406.0
10	101079.0
11	111140.0
12	119483.0
13	126289.0
14	130890.0
15	131513.0
16	127577.0
17	119482.0
18	114222.0
19	110233.0
20	108869.0
21	111720.0
22	121977.0
23	138706.0
24	164843.0
25	197443.0
26	236428.0
27	280447.0
28	328349.0
29	379028.0
30	447744.0
31	533870.0
32	648928.0
33	823013.0
34	1097862.0
35	1568836.0
36	2218943.0
37	2817671.0
38	1954933.0
39	350590.0
40	416.0
>>END_MODULE
>>Per base sequence content	fail
#Base	G	A	T	C
1	34.88169194261134	15.20313967276486	12.117346646140716	37.79782173848308
2	23.562125654164163	18.98573082619248	38.41050999024318	19.041633529400187
3	23.77288767101394	22.995860733316235	25.986879737982566	27.244371857687256
4	25.094375783351314	29.788159571621254	21.97245494392027	23.145009701107163
5	26.83518396806682	30.69480700915235	24.28635268407898	18.183656338701855
6	21.508903313459392	33.32593496250278	25.951428138254922	19.213733585782904
7	19.029063980152134	18.89581521301909	40.63160679561073	21.44351401121805
8	19.817526634083045	21.60473251911501	32.822322502619485	25.755418344182463
9	21.37732018960314	20.563200634878324	33.86075506750225	24.19872410801629
10-14	22.623794159156567	26.787012364764827	28.36847168915239	22.22072178692621
15-19	22.938626359721724	25.538923372063955	28.79784071956545	22.72460954864887
20-24	22.786794074107572	25.88561835779915	28.6019834000345	22.72560416805878
25-29	22.827785144577796	25.951931729777478	28.402902017527527	22.8173811081172
30-34	22.61864058279284	26.00784044592523	28.472642127460375	22.900876843821553
35-39	22.83448447539021	26.019567573641083	28.15000231536928	22.995945635599426
40-44	22.877231913927684	26.315774317950442	27.883247670053684	22.92374609806819
45-49	22.948621421312122	26.33147780074907	27.667733441403048	23.052167336535764
50-54	22.980462847552253	26.41226658447588	27.517573750969138	23.08969681700273
55-59	22.95206471897074	26.337184468650737	27.572228603916454	23.138522208462064
60-64	22.93712382993551	26.32653375159376	27.556897621785932	23.1794447966848
65-69	22.94709420837564	26.813808081935047	27.159970939745193	23.07912676994412
70-74	23.13201484039333	26.824765293889037	27.00564062288267	23.03757924283496
75-79	23.010395694680323	26.740940381003075	27.02670496729335	23.221958957023247
80-84	23.004469279572927	26.87834004929431	26.89117999707711	23.226010674055658
85-89	23.040435127797075	26.931963240036517	26.74123381117325	23.286367820993163
90-94	22.992898455978636	26.947393390332795	26.622820997349173	23.43688715633939
95-99	23.02733152788708	27.143621120764255	26.535266104313965	23.293781247034705
100	23.190267609593835	27.019816806694546	26.26184767462255	23.528067909089064
>>END_MODULE
>>Per base GC content	fail
#Base	%GC
1	72.67951368109442
2	42.60375918356435
3	51.017259528701196
4	48.239385484458474
5	45.01884030676867
6	40.722636899242296
7	40.47257799137018
8	45.572944978265504
9	45.576044297619426
10-14	44.84451594608278
15-19	45.663235908370595
20-24	45.512398242166356
25-29	45.645166252695
30-34	45.51951742661439
35-39	45.83043011098963
40-44	45.80097801199587
45-49	46.000788757847886
50-54	46.070159664554986
55-59	46.0905869274328
60-64	46.11656862662031
65-69	46.02622097831976
70-74	46.16959408322829
75-79	46.232354651703574
80-84	46.23047995362858
85-89	46.32680294879024
90-94	46.42978561231803
95-99	46.32111277492179
100	46.7183355186829
>>END_MODULE
>>Per sequence GC content	fail
#GC Content	Count
0	213282.0
1	132928.5
2	41980.0
3	30099.0
4	28173.0
5	27298.0
6	26863.5
7	26394.5
8	25784.0
9	25123.0
10	24807.0
11	24700.0
12	24465.0
13	24275.0
14	24457.5
15	24463.5
16	24617.0
17	25710.0
18	27352.0
19	29605.0
20	32682.0
21	36833.5
22	44163.5
23	55493.5
24	70749.5
25	91115.5
26	110889.0
27	127787.5
28	145024.0
29	165437.0
30	190945.0
31	216280.0
32	237343.0
33	259837.0
34	281396.0
35	296723.0
36	310125.5
37	325689.5
38	338599.0
39	351496.5
40	364600.5
41	383589.0
42	405376.0
43	422538.5
44	449835.5
45	471077.5
46	483114.5
47	502135.0
48	529262.0
49	547739.5
50	556025.5
51	567757.0
52	579655.0
53	588254.5
54	591088.0
55	586803.5
56	574851.0
57	549248.0
58	515243.0
59	476677.0
60	427307.0
61	374707.0
62	319306.5
63	263480.5
64	215315.0
65	175308.0
66	141729.5
67	116009.5
68	97949.0
69	77753.5
70	56634.0
71	41564.5
72	30992.5
73	24931.0
74	21160.0
75	17687.0
76	13580.5
77	10007.5
78	7422.0
79	5201.5
80	4193.0
81	3692.0
82	3390.0
83	3173.5
84	2411.5
85	1486.5
86	979.5
87	659.5
88	535.0
89	464.5
90	351.5
91	227.0
92	196.0
93	160.5
94	92.0
95	55.0
96	36.0
97	16.0
98	8.5
99	4.0
100	1.5
>>END_MODULE
>>Per base N content	pass
#Base	N-Count
1	0.12002188561803251
2	0.00317872620156438
3	0.004001317085518194
4	4.071290191496808
5	0.007996758521865288
6	0.012550386629466757
7	0.013825402499595168
8	0.01566448069014905
9	0.018931341629279914
10-14	0.021112382601591737
15-19	0.20911435399940162
20-24	0.005304536071667878
25-29	0.005882699950103987
30-34	0.015628051665288238
35-39	0.015699734585175644
40-44	0.01810405022598922
45-49	0.007316358347852063
50-54	0.008401003184836877
55-59	0.9691154727230039
60-64	0.00233968349993149
65-69	0.002423117718161091
70-74	0.003535965671167179
75-79	0.003303289963991672
80-84	0.003732212353481875
85-89	0.004919093486043805
90-94	1.0388453268259343
95-99	0.009995654369873055
100	0.004471369019206087
>>END_MODULE
>>Sequence Length Distribution	pass
#Length	Count
100	1.7019396E7
>>END_MODULE
>>Sequence Duplication Levels	fail
#Total Duplicate Percentage	54.7039467942116
#Duplication Level	Relative count
1	100.0
2	21.52801194662556
3	10.105496411195144
4	6.438653114311864
5	4.633171154679898
6	3.583024230454261
7	2.998217640541452
8	2.496266679512501
9	2.1609904137964255
10++	38.74367744110988
>>END_MODULE
>>Overrepresented sequences	fail
#Sequence	Count	Percentage	Possible Source
TTTTTTTTTTTTTTTTTTTTTTTTTTTTTTTTTTTTTTTTTTTTTTTTTT	310315	1.8233020725294833	No Hit
GATCGGAAGAGCACACGTCTGAACTCCAGTCACTCCGCGAAATCTCGTAT	38168	0.224261777562494	TruSeq Adapter, Index 6 (97% over 36bp)
AAAAAAAAAAAAAAAAAAAAAAAAAAAAAAAAAAAAAAAAAAAAAAAAAA	34139	0.20058878705213745	No Hit
>>END_MODULE
>>Kmer Content	fail
#Sequence	Count	Obs/Exp Overall	Obs/Exp Max	Max Obs/Exp Position
TTTTT	54227730	20.558788	28.216904	10-14
AAAAA	23333685	11.671716	17.943287	95-96
GGGGG	2615115	2.5014515	5.9174213	1
CTCCA	3209055	2.2105787	5.8570027	1
GAAGA	3387625	2.1961734	5.2783175	6
CTCCT	3297440	2.1489718	5.6863365	1
CTGGA	3069790	2.1338103	6.130603	1
GGAGA	2848315	2.1021774	5.1232157	1
GAAAA	3666780	2.0880754	5.227918	2
GGAAG	2427255	1.7914172	5.3165417	5
GGAAA	2597060	1.6836559	6.3696003	1
GCCAG	1963715	1.6351271	5.1797194	1
CTCAG	2335840	1.6163338	5.2923484	1
GGGAG	1885955	1.5846109	5.354927	1
GTTTT	3435350	1.5672281	5.714783	1
CTGGG	1976300	1.5639037	5.301876	1
GAGCA	2089365	1.5350994	6.214093	9
AGAGC	2049245	1.5056224	5.9310546	8
GGGGA	1768570	1.4859821	5.643626	1
GGGAA	1925525	1.4211192	5.203587	1
>>END_MODULE
