##FastQC	0.10.1
>>Basic Statistics	pass
#Measure	Value	
Filename	F_grandis_NA_FW_3_R1.fastq.gz	
File type	Conventional base calls	
Encoding	Sanger / Illumina 1.9	
Total Sequences	31111572	
Filtered Sequences	0	
Sequence length	100	
%GC	53	
>>END_MODULE
>>Per base sequence quality	pass
#Base	Mean	Median	Lower Quartile	Upper Quartile	10th Percentile	90th Percentile
1	31.31944123556341	33.0	31.0	34.0	28.0	34.0
2	31.627374534465826	34.0	31.0	34.0	28.0	34.0
3	31.364937457997943	34.0	31.0	34.0	27.0	34.0
4	34.896592721190686	37.0	35.0	37.0	32.0	37.0
5	33.36943064143464	37.0	35.0	37.0	27.0	37.0
6	33.80884389255548	37.0	35.0	37.0	26.0	37.0
7	34.453350251796984	37.0	35.0	37.0	31.0	37.0
8	34.59368436927584	37.0	35.0	37.0	32.0	37.0
9	36.23881159074829	39.0	37.0	39.0	32.0	39.0
10-14	36.37383412191451	39.2	37.2	39.4	31.6	39.4
15-19	37.20792261477497	40.0	37.8	41.0	31.0	41.0
20-24	36.95572397948904	40.0	37.0	41.0	30.4	41.0
25-29	36.555495267162975	40.0	36.4	41.0	30.0	41.0
30-34	36.02740811682547	39.8	35.4	41.0	28.4	41.0
35-39	35.50550766769355	39.0	35.0	41.0	26.8	41.0
40-44	35.11484753004445	38.6	34.8	41.0	25.8	41.0
45-49	34.46835959944422	37.8	33.8	40.2	24.0	41.0
50-54	33.72830125073718	36.6	33.0	40.0	22.6	41.0
55-59	32.92330546331764	35.2	33.0	39.2	20.8	41.0
60-64	32.085356149795324	35.0	32.0	37.8	18.8	40.2
65-69	31.360645858717778	35.0	31.6	36.4	17.2	39.2
70-74	30.685126929619628	35.0	31.0	35.2	11.6	37.8
75-79	29.741386433318127	34.0	30.2	35.0	6.4	36.2
80-84	29.790757117640986	34.8	31.0	35.0	2.0	35.6
85-89	29.37628222707615	34.0	30.0	35.0	2.0	35.0
90-94	28.896643249013586	34.0	29.8	35.0	2.0	35.0
95-99	28.364046278342993	34.0	29.0	35.0	2.0	35.0
100	27.12578409731273	33.0	26.0	35.0	2.0	35.0
>>END_MODULE
>>Per sequence quality scores	pass
#Quality	Count
2	487392.0
3	189074.0
4	109408.0
5	92289.0
6	92853.0
7	98449.0
8	103709.0
9	109597.0
10	115902.0
11	121841.0
12	123833.0
13	127236.0
14	130420.0
15	134986.0
16	133173.0
17	134286.0
18	132704.0
19	133142.0
20	135571.0
21	138602.0
22	152397.0
23	178434.0
24	215977.0
25	268331.0
26	329848.0
27	404572.0
28	492449.0
29	592127.0
30	715906.0
31	873581.0
32	1113553.0
33	1492200.0
34	2138885.0
35	3331142.0
36	5191615.0
37	6537894.0
38	3663286.0
39	574247.0
40	661.0
>>END_MODULE
>>Per base sequence content	fail
#Base	G	A	T	C
1	35.75561048706284	13.107166504233945	8.539005006459803	42.59821800224341
2	28.430641388313955	17.428428915304504	31.206367365663105	22.93456233071843
3	27.29248736346712	22.43360872069515	20.262229533484046	30.011674382353686
4	29.849946435271928	29.348324578175557	16.552023329771995	24.24970565678052
5	30.406121090051	30.240849018641036	18.66149055734832	20.691539333959653
6	23.826984462774753	32.86138718635921	20.877790507963343	22.433837842902694
7	21.99724534295416	16.993191822984183	35.62879404484695	25.38076878921471
8	22.840180716752126	18.979002385203078	27.629738089477645	30.55107880856715
9	25.08931168165796	18.420067250831245	27.954363412522405	28.53625765498839
10-14	26.085509879794056	24.90913038213067	22.597563726886165	26.407796011189106
15-19	26.459248791327777	23.30280048116998	23.747509419986198	26.490441307516043
20-24	26.07361933208685	23.737743073616052	23.63719401449878	26.551443579798313
25-29	26.21752562186725	23.7276658654543	23.59195184484826	26.46285666783019
30-34	26.101353024165824	24.037586792403452	23.361666106966894	26.49939407646383
35-39	26.30873757366952	23.711992727466658	23.285526852641066	26.69374284622275
40-44	26.830014496318093	23.38725728030778	23.09016739179126	26.692560831582874
45-49	26.560453539883472	23.436491368997842	23.169515887984964	26.83353920313372
50-54	26.834721416441106	23.64320259549622	22.946554430996404	26.575521557066274
55-59	27.191574433684263	22.76921608192844	23.09385367923414	26.945355805153152
60-64	27.423385198784363	22.97067251681055	22.856797191513323	26.749145092891762
65-69	27.110185643521156	23.04125143940298	22.90605441755343	26.942508499522432
70-74	27.538466618095107	23.362142919537632	22.471528025799206	26.62786243656805
75-79	27.540328119472186	22.978459390905968	22.85915674293517	26.62205574668667
80-84	27.273104527163696	22.635887267163664	22.94550725938351	27.14550094628913
85-89	27.141510394312167	23.40700620480102	22.436725330012056	27.014758070874755
90-94	27.30985917738601	23.059025418491856	22.744308212978357	26.88680719114378
95-99	26.969244129970548	22.991477995510973	22.70228420428147	27.336993670237007
100	27.179152291603003	22.358677578680783	22.31144562843614	28.150724501280074
>>END_MODULE
>>Per base GC content	fail
#Base	%GC
1	78.35382848930625
2	51.36520371903238
3	57.30416174582081
4	54.09965209205245
5	51.09766042401065
6	46.26082230567744
7	47.37801413216887
8	53.39125952531928
9	53.62556933664635
10-14	52.493305890983166
15-19	52.949690098843824
20-24	52.625062911885166
25-29	52.68038228969745
30-34	52.600747100629654
35-39	53.00248041989227
40-44	53.52257532790097
45-49	53.39399274301719
50-54	53.41024297350737
55-59	54.13693023883742
60-64	54.172530291676125
65-69	54.05269414304359
70-74	54.166329054663166
75-79	54.16238386615886
80-84	54.41860547345283
85-89	54.15626846518692
90-94	54.19666636852979
95-99	54.306237800207555
100	55.329876792883084
>>END_MODULE
>>Per sequence GC content	pass
#GC Content	Count
0	957.0
1	782.0
2	571.0
3	590.0
4	631.0
5	639.5
6	695.0
7	766.5
8	850.5
9	935.0
10	1074.5
11	1277.5
12	1456.5
13	1666.5
14	1977.0
15	2370.5
16	2938.0
17	3841.0
18	5094.0
19	6824.5
20	9372.0
21	12909.0
22	17754.5
23	24613.0
24	33774.0
25	46051.0
26	60401.5
27	76884.0
28	97166.5
29	120060.0
30	148386.0
31	173018.0
32	194959.5
33	227047.5
34	254893.5
35	278106.5
36	295026.0
37	306104.0
38	328742.0
39	354167.0
40	379754.5
41	410800.5
42	465828.0
43	575543.5
44	734927.0
45	818941.5
46	899412.5
47	938382.5
48	926884.0
49	962120.5
50	1014709.0
51	1150500.0
52	1233766.0
53	1225037.5
54	1191379.0
55	1197424.0
56	1259274.5
57	1244540.0
58	1176920.5
59	1083590.5
60	980708.0
61	896596.5
62	764494.5
63	665392.0
64	600464.0
65	550761.0
66	516326.5
67	479860.0
68	500456.0
69	449338.5
70	328733.5
71	241261.0
72	183080.5
73	168711.0
74	182851.0
75	230507.0
76	217701.0
77	174208.5
78	135930.0
79	86194.0
80	98175.5
81	115880.0
82	133440.5
83	146664.5
84	107273.0
85	58277.5
86	30205.0
87	17387.5
88	14948.0
89	15022.0
90	12023.5
91	7746.0
92	6710.5
93	4858.0
94	2217.5
95	1019.5
96	665.0
97	424.0
98	240.0
99	128.0
100	46.0
>>END_MODULE
>>Per base N content	pass
#Base	N-Count
1	0.017228316203372816
2	0.0021985388587886204
3	0.0050624250037895864
4	0.007974524720255217
5	3.574065624199253
6	0.03940977331521532
7	0.04866999327452821
8	0.054465264564580666
9	0.04775072117860197
10-14	0.05293978716343873
15-19	0.031759886642822165
20-24	0.02746887878246718
25-29	0.026917315524911438
30-34	0.05057346507595309
35-39	0.048415425617194786
40-44	0.03974341122975078
45-49	0.03018169573687887
50-54	0.015315844535274526
55-59	0.0048117144321733404
60-64	0.004526932936722066
65-69	7.579173434244981E-4
70-74	0.0029210995831390326
75-79	0.004120010393560312
80-84	0.0052392080991600165
85-89	0.0021310398587380927
90-94	0.009059008654400362
95-99	0.01771045191801944
100	0.004098153574496332
>>END_MODULE
>>Sequence Length Distribution	pass
#Length	Count
100	3.1111572E7
>>END_MODULE
>>Sequence Duplication Levels	fail
#Total Duplicate Percentage	72.16339866005883
#Duplication Level	Relative count
1	100.0
2	20.70979820345268
3	7.985454807294198
4	4.728087703191662
5	3.3500747061259024
6	2.6282155136721213
7	2.0710698277258737
8	1.7902468002376195
9	1.5418264297672408
10++	35.20998721895195
>>END_MODULE
>>Overrepresented sequences	warn
#Sequence	Count	Percentage	Possible Source
AAAGAAACTAACCAGGATTCCCTCAGTAGCGGCGAGCGAAGAGGGAAGAG	40780	0.13107662962192976	No Hit
CTGCAAGTCATTTAGCACCACGTTCTCCACAAACATGCTATGCGTAATCG	40115	0.12893916128699634	No Hit
CCTCACCCGGCCCGGACACGGAAAGGATTGACAGATTGATAGCTCTTTCT	36015	0.1157607850866552	No Hit
CCCGAAGTTACAGATCTGACTTGCCGACTTCCCTTAACCCCCTTGATCCA	31872	0.10244419664811537	No Hit
>>END_MODULE
>>Kmer Content	warn
#Sequence	Count	Obs/Exp Overall	Obs/Exp Max	Max Obs/Exp Position
TTTTT	9045735	4.6993957	7.1737742	2
AAAAA	9574065	4.6992044	8.359249	2
TTTAA	4692000	2.3828027	6.9509716	7
AAGAA	5446295	2.3156216	5.9777265	2
GAAAA	5036000	2.141175	5.841269	2
TTTCA	4609205	2.0309424	5.3288875	6
ACTTT	4589420	2.0222247	5.179762	4
TGAAA	4694960	2.0189817	5.013893	2
CTTTT	4427300	1.9730796	5.181253	1
AGAAA	4476180	1.9031541	5.748537	2
TCAAA	4213705	1.8149625	5.9330473	7
GTTTT	4007365	1.7830417	7.4523754	1
TTGAT	3857960	1.6971737	5.3277802	3
ATTTA	3298625	1.6751862	6.7604485	6
AAACT	3804375	1.6386523	5.7906184	4
TTCAA	3742265	1.6303172	5.0276666	7
GTGAA	4300095	1.601832	5.150655	1
GGGAA	4829815	1.5408976	5.5713873	1
GGAAA	4034505	1.4859191	6.879253	1
GAAAC	3713170	1.3697861	5.3429313	3
TCCAA	3660530	1.368009	5.3104033	7
TTTAC	3067165	1.3514771	5.20337	7
GGGAG	4847025	1.3395439	5.4897404	1
GAAAT	2965820	1.2753966	5.3471828	3
GTCGG	4479850	1.2542448	5.547552	1
ATTCA	2812200	1.2251345	5.2319436	6
ATCCA	3213415	1.2009137	5.3476706	6
>>END_MODULE
