##FastQC	0.10.1
>>Basic Statistics	pass
#Measure	Value	
Filename	F_diaphanus_NA_FW_3_R2.fastq.gz	
File type	Conventional base calls	
Encoding	Sanger / Illumina 1.9	
Total Sequences	13622481	
Filtered Sequences	0	
Sequence length	100	
%GC	49	
>>END_MODULE
>>Per base sequence quality	pass
#Base	Mean	Median	Lower Quartile	Upper Quartile	10th Percentile	90th Percentile
1	29.667725431219175	31.0	30.0	34.0	25.0	34.0
2	29.704304964712374	31.0	30.0	34.0	25.0	34.0
3	29.748886197749147	31.0	31.0	34.0	25.0	34.0
4	33.04756556459869	37.0	35.0	37.0	26.0	37.0
5	32.98723624573233	37.0	35.0	37.0	26.0	37.0
6	32.929898819458806	37.0	35.0	37.0	25.0	37.0
7	32.95016010666486	37.0	35.0	37.0	26.0	37.0
8	32.88011596419184	37.0	35.0	37.0	25.0	37.0
9	34.29570244950241	39.0	35.0	39.0	25.0	39.0
10-14	34.36843781980683	39.2	35.2	39.4	24.8	39.4
15-19	35.10049325082561	40.0	35.8	41.0	23.0	41.0
20-24	34.853382493247736	39.6	35.0	41.0	20.2	41.0
25-29	34.58361144346613	39.0	34.8	41.0	17.8	41.0
30-34	33.771095925918345	38.8	33.2	41.0	14.0	41.0
35-39	33.64384870861629	38.0	33.0	40.4	10.4	41.0
40-44	33.32020296449671	38.0	33.0	40.0	7.8	41.0
45-49	32.97914650055302	38.0	32.8	40.0	3.4	41.0
50-54	32.16688645776052	37.0	31.4	39.6	2.0	40.6
55-59	32.08459705687973	36.6	31.8	40.0	2.0	41.0
60-64	31.340979781876733	35.2	31.0	39.2	2.0	41.0
65-69	30.533516295599895	35.0	30.2	37.8	2.0	40.2
70-74	29.80679727870422	35.0	30.0	36.4	2.0	39.2
75-79	29.07302182326406	34.6	29.0	35.2	2.0	37.6
80-84	28.435341829436208	34.0	29.0	35.0	2.0	36.2
85-89	27.908019618452762	34.0	28.4	35.0	2.0	35.4
90-94	27.401158878474483	34.0	27.0	35.0	2.0	35.0
95-99	26.802302957882638	34.0	25.8	35.0	2.0	35.0
100	25.55565671187209	33.0	20.0	35.0	2.0	35.0
>>END_MODULE
>>Per sequence quality scores	pass
#Quality	Count
2	724117.0
3	100371.0
4	64227.0
5	53104.0
6	51693.0
7	52661.0
8	55395.0
9	58905.0
10	61288.0
11	63415.0
12	61371.0
13	60674.0
14	61005.0
15	61590.0
16	62505.0
17	61571.0
18	61645.0
19	62366.0
20	64754.0
21	68468.0
22	75988.0
23	88944.0
24	106692.0
25	128276.0
26	151976.0
27	179450.0
28	211991.0
29	251067.0
30	300538.0
31	365428.0
32	457739.0
33	588374.0
34	802649.0
35	1168078.0
36	1881901.0
37	2637675.0
38	1959500.0
39	354685.0
40	405.0
>>END_MODULE
>>Per base sequence content	fail
#Base	G	A	T	C
1	36.833028637268725	13.28912761948963	8.918908499019086	40.95893524422255
2	26.941744381831633	18.98280075722939	34.288881911508454	19.786572949430518
3	26.89571946620537	24.2654764745162	21.953035172839368	26.885768886439067
4	28.3602005642706	30.884892910487764	18.460144900929535	22.294761624312102
5	29.515268157780167	31.456498646623253	20.727697778958063	18.300535416638514
6	22.091019461411044	34.58710453966432	22.407921591267996	20.913954407656643
7	21.206838942493047	18.102451952698438	37.24991206045834	23.44079704435017
8	22.137896243623196	20.936501360608016	28.948339197489137	27.977263198279655
9	22.877413912217957	19.793602868261136	30.77670518900069	26.552278030520217
10-14	24.89424046923233	26.123218720182273	24.857574717520535	24.124966093064863
15-19	25.04103267724186	24.837743209288195	25.53941634838455	24.5818077650854
20-24	24.952290938305584	25.531001173642476	25.237831446185993	24.278876441865947
25-29	24.9607866732463	25.581623593712134	25.09826204844022	24.359327684601347
30-34	25.007656562247107	25.560085111857493	25.202852811075854	24.22940551481955
35-39	24.813800025421937	25.551211021281024	25.230225640775387	24.40476331252165
40-44	25.03813037414621	25.43407231749311	25.086994915357426	24.440802393003253
45-49	24.942203485981672	25.43485300582274	25.106132531804498	24.516810976391085
50-54	24.881319944869002	25.504208617513726	25.150684276250505	24.463787161366767
55-59	25.08858434028293	25.27069908422237	25.04609506276505	24.594621512729645
60-64	24.932710698193937	25.280455827872895	25.042165259375547	24.74466821455762
65-69	24.886448782723285	25.34051555589717	25.174616798109756	24.598418863269792
70-74	25.081097150194708	25.312819033516647	24.985435023221257	24.620648793067385
75-79	25.02930073228033	25.1988016344244	25.0424159903671	24.729481642928167
80-84	25.01162480688247	25.275797184390385	25.03074043776264	24.6818375709645
85-89	25.13613186806019	25.21722476544561	24.915460349648317	24.73118301684588
90-94	25.029607698273303	25.16981707735812	24.959984088382335	24.840591135986234
95-99	25.085667431117226	25.265315540804913	24.952257399587115	24.696759628490746
100	25.55685356711055	24.868280715391897	24.49301534155649	25.081850375941066
>>END_MODULE
>>Per base GC content	fail
#Base	%GC
1	77.79196388149128
2	46.728317331262154
3	53.78148835264444
4	50.6549621885827
5	47.81580357441868
6	43.00497386906768
7	44.64763598684321
8	50.11515944190285
9	49.429691942738174
10-14	49.01920656229719
15-19	49.62284044232726
20-24	49.231167380171534
25-29	49.32011435784765
30-34	49.23706207706665
35-39	49.218563337943586
40-44	49.478932767149466
45-49	49.45901446237276
50-54	49.34510710623577
55-59	49.68320585301257
60-64	49.67737891275156
65-69	49.48486764599308
70-74	49.7017459432621
75-79	49.75878237520849
80-84	49.69346237784698
85-89	49.867314884906065
90-94	49.87019883425954
95-99	49.782427059607976
100	50.63870394305161
>>END_MODULE
>>Per sequence GC content	warn
#GC Content	Count
0	3912.0
1	2619.5
2	1223.0
3	1079.0
4	978.0
5	848.0
6	795.5
7	801.5
8	818.0
9	866.0
10	886.5
11	942.0
12	1012.5
13	1132.5
14	1304.0
15	1536.5
16	1859.0
17	2283.5
18	2965.5
19	4128.5
20	5981.5
21	8629.5
22	12181.5
23	16934.0
24	23386.5
25	32201.5
26	43116.5
27	56182.0
28	69956.5
29	83139.5
30	100334.0
31	119936.0
32	137375.5
33	158176.0
34	177524.5
35	193086.5
36	209143.5
37	224433.5
38	237140.5
39	252972.5
40	271467.5
41	288362.5
42	307575.0
43	331983.5
44	362656.5
45	388247.5
46	411742.5
47	438209.0
48	463995.0
49	490153.0
50	514098.5
51	538239.0
52	557332.5
53	565559.5
54	563789.0
55	556294.5
56	542408.0
57	520383.0
58	488447.5
59	441180.5
60	390020.0
61	340955.0
62	295649.0
63	255150.0
64	215447.0
65	178165.5
66	147333.5
67	121930.0
68	100299.0
69	80131.5
70	60864.0
71	45590.0
72	33923.0
73	26521.0
74	22200.5
75	18158.0
76	13722.5
77	10189.5
78	7289.0
79	5032.0
80	4065.0
81	3554.0
82	3111.5
83	2607.0
84	2069.0
85	1495.5
86	925.0
87	596.5
88	451.0
89	370.0
90	249.5
91	147.0
92	119.5
93	79.0
94	34.0
95	16.0
96	9.0
97	9.0
98	7.0
99	4.0
100	2.0
>>END_MODULE
>>Per base N content	pass
#Base	N-Count
1	0.03733534295257964
2	0.05179673218116436
3	0.038054742010651364
4	0.035977293710301374
5	0.04528543662494372
6	0.034589881241163044
7	0.03795931152335614
8	0.045087234843638246
9	0.034890854316478766
10-14	0.03173430742902119
15-19	0.04863724897102077
20-24	0.04705016655923396
25-29	0.028604187445737676
30-34	0.054048891681331764
35-39	0.05482408087043762
40-44	0.08957839618201706
45-49	0.06628895279795215
50-54	0.06351119153698949
55-59	0.0707272045378518
60-64	0.06188153244625556
65-69	0.06427903991938032
70-74	0.06104468048074356
75-79	0.05728912376534054
80-84	0.06233372613990066
85-89	0.06032968590670084
90-94	0.05338234643160817
95-99	0.05038142464650895
100	0.04979269194796454
>>END_MODULE
>>Sequence Length Distribution	pass
#Length	Count
100	1.3622481E7
>>END_MODULE
>>Sequence Duplication Levels	warn
#Total Duplicate Percentage	44.305744431418525
#Duplication Level	Relative count
1	100.0
2	21.93099151286542
3	8.911491310790785
4	5.166374781085814
5	3.4436885356324938
6	2.629496160581975
7	2.0729489424760876
8	1.7319479994611342
9	1.5012461269028694
10++	21.007342044995283
>>END_MODULE
>>Overrepresented sequences	pass
>>END_MODULE
>>Kmer Content	warn
#Sequence	Count	Obs/Exp Overall	Obs/Exp Max	Max Obs/Exp Position
TTTTT	6117375	4.7279735	8.003377	2
AAAAA	5666945	4.2560787	8.343772	2
CTCCT	3134915	2.5634391	5.438582	1
CTCCA	2943605	2.3932436	5.7508235	1
TCCAG	2911520	2.3189516	5.3075185	7
CTGGA	2937155	2.2917297	7.3165855	1
GAAGA	2981570	2.2570405	6.2140512	2
AAGAA	2957860	2.2302582	5.125381	2
CTTCA	2746755	2.191618	5.015431	1
GGAGA	2646760	2.0115266	5.4070497	1
GAAAA	2599790	1.9602696	6.31871	2
CTGAA	2414475	1.8764731	5.33647	1
CTTTT	2374525	1.8700323	5.4189663	1
GTTTT	2361155	1.8216352	7.944592	1
AAAAT	2338970	1.7667505	5.217023	3
CTTTG	2230995	1.7538723	5.1256404	1
CTCAG	2175235	1.7325193	5.436111	1
GGAAG	2216280	1.6843635	5.7998323	1
GGAAA	2133240	1.6148571	7.2528815	1
CTGGG	1949095	1.5268147	5.56791	1
GGGAG	1869465	1.4264133	5.18315	1
GTTTG	1813250	1.3964378	5.0404763	1
GGGAA	1668555	1.2680948	5.1663475	1
>>END_MODULE
