##FastQC	0.10.1
>>Basic Statistics	pass
#Measure	Value	
Filename	L_parva_NA_FW_2_R2.fastq.gz	
File type	Conventional base calls	
Encoding	Sanger / Illumina 1.9	
Total Sequences	18159750	
Filtered Sequences	0	
Sequence length	100	
%GC	50	
>>END_MODULE
>>Per base sequence quality	pass
#Base	Mean	Median	Lower Quartile	Upper Quartile	10th Percentile	90th Percentile
1	30.557879541293243	31.0	31.0	34.0	27.0	34.0
2	30.618424152314873	33.0	31.0	34.0	27.0	34.0
3	30.66170095953964	33.0	31.0	34.0	27.0	34.0
4	34.03419661614284	37.0	35.0	37.0	30.0	37.0
5	33.98023915527472	37.0	35.0	37.0	30.0	37.0
6	33.92919737331186	37.0	35.0	37.0	30.0	37.0
7	33.93874309943694	37.0	35.0	37.0	30.0	37.0
8	33.88550525199962	37.0	35.0	37.0	30.0	37.0
9	35.40497055300872	39.0	35.0	39.0	30.0	39.0
10-14	35.514135513980094	39.2	35.4	39.4	29.0	39.4
15-19	36.3160649788681	40.0	36.8	41.0	28.2	41.0
20-24	36.04528672476217	40.0	36.0	41.0	27.0	41.0
25-29	35.76582755819876	40.0	36.0	41.0	26.6	41.0
30-34	34.910854422555374	39.6	34.8	41.0	20.2	41.0
35-39	34.75810563471414	39.0	34.8	41.0	23.4	41.0
40-44	34.388151587989924	38.8	34.0	40.8	21.4	41.0
45-49	34.00455354286265	38.0	33.2	40.0	20.0	41.0
50-54	33.11620507991575	37.0	32.4	39.6	18.0	40.6
55-59	32.99726820027809	36.4	33.0	40.0	15.0	41.0
60-64	32.245633634824266	35.2	32.2	39.2	9.4	41.0
65-69	31.46114511488319	35.0	31.6	37.6	4.8	40.2
70-74	30.776713809386145	35.0	31.0	36.4	2.0	39.2
75-79	30.087470047770477	35.0	31.0	35.2	2.0	37.6
80-84	29.479452206115173	34.6	30.0	35.0	2.0	36.2
85-89	28.970423469486086	34.0	30.0	35.0	2.0	35.6
90-94	28.47843519872245	34.0	29.0	35.0	2.0	35.0
95-99	27.901111336885144	34.0	29.0	35.0	2.0	35.0
100	26.60523360729085	33.0	25.0	35.0	2.0	35.0
>>END_MODULE
>>Per sequence quality scores	pass
#Quality	Count
2	603406.0
3	97960.0
4	67108.0
5	59242.0
6	62195.0
7	63102.0
8	66761.0
9	71010.0
10	74421.0
11	76652.0
12	74283.0
13	73093.0
14	72310.0
15	72911.0
16	74582.0
17	72489.0
18	73109.0
19	74159.0
20	77280.0
21	83704.0
22	92413.0
23	107361.0
24	129123.0
25	157459.0
26	188183.0
27	225031.0
28	267472.0
29	321046.0
30	387465.0
31	477521.0
32	605100.0
33	797456.0
34	1106742.0
35	1658539.0
36	2696927.0
37	3704643.0
38	2696410.0
39	550031.0
40	1051.0
>>END_MODULE
>>Per base sequence content	fail
#Base	G	A	T	C
1	34.687239088630044	14.323294651885702	7.35856276272928	43.630903496754975
2	25.61838986073687	16.68856754379266	39.40393691269148	18.28910568277899
3	26.46336530293057	22.142343677274372	22.42185798707499	28.97243303272007
4	28.1975810578743	29.015142158600167	18.88719231214593	23.900084471379603
5	30.01708098128265	30.08785323181708	21.29410635626925	18.60095943063102
6	23.31636372530344	33.295498026302525	22.719368302227956	20.668769946166076
7	21.40634283269931	18.72076282122438	36.992747325936236	22.880147020140072
8	21.163443015803878	20.94411517017507	30.108400657008406	27.784041157012645
9	22.881204863081237	19.966391415240373	31.053197525491516	26.099206196186874
10-14	24.89795474089867	25.896356250985953	24.841079466595968	24.364609541519407
15-19	25.195847351866124	24.673112464571172	25.31239436308706	24.818645820475645
20-24	24.972259296507396	25.11319520455177	25.18745359470418	24.72709190423666
25-29	25.01833139596724	25.197051971995947	25.063848803811624	24.72076782822519
30-34	25.15397524547839	25.098254827472	24.979197269828447	24.76857265722117
35-39	24.985258827267902	25.10776354031634	25.03593458726573	24.871043045150024
40-44	25.236486496169373	25.02106334025035	24.82957351837163	24.912876645208645
45-49	25.133238754957226	25.054946321742356	24.81420480423266	24.997610119067758
50-54	25.152378495321386	25.118209256364732	24.821630621545125	24.907781626768756
55-59	25.366861199222313	24.901675946929274	24.694896453474392	25.03656640037402
60-64	25.319840835332275	24.830274890203153	24.75759880652838	25.092285467936193
65-69	25.23569427882241	24.904977733213197	24.797763318976067	25.061564668988325
70-74	25.36897764180555	24.86371326448259	24.730118243924938	25.03719084978692
75-79	25.376590679442256	24.732887116123273	24.688943262784772	25.2015789416497
80-84	25.34961402861624	24.762175663981555	24.71715187736021	25.17105843004199
85-89	25.430877887298653	24.863647340212182	24.533809677351776	25.171665095137392
90-94	25.35578545928015	24.771218142665834	24.59157208793957	25.281424310114442
95-99	25.266097374229403	24.902045231371904	24.662131625217278	25.16972576918142
100	25.725504650439508	24.483534416668252	24.08666238577753	25.70429854711471
>>END_MODULE
>>Per base GC content	fail
#Base	%GC
1	78.31814258538502
2	43.90749554351586
3	55.43579833565063
4	52.0976655292539
5	48.61804041191367
6	43.98513367146952
7	44.28648985283938
8	48.94748417281652
9	48.980411059268114
10-14	49.262564282418076
15-19	50.014493172341766
20-24	49.699351200744054
25-29	49.73909922419243
30-34	49.922547902699556
35-39	49.85630187241792
40-44	50.149363141378025
45-49	50.13084887402498
50-54	50.060160122090146
55-59	50.40342759959633
60-64	50.412126303268465
65-69	50.29725894781073
70-74	50.406168491592474
75-79	50.57816962109196
80-84	50.52067245865823
85-89	50.60254298243604
90-94	50.637209769394595
95-99	50.435823143410815
100	51.429803197554214
>>END_MODULE
>>Per sequence GC content	warn
#GC Content	Count
0	9263.0
1	6533.5
2	3444.0
3	3001.5
4	2649.5
5	2255.5
6	2063.5
7	1996.5
8	2009.5
9	2049.0
10	2098.5
11	2206.0
12	2357.5
13	2446.5
14	2650.0
15	3030.0
16	3565.5
17	4365.5
18	5596.0
19	7608.0
20	10695.5
21	15082.5
22	21166.0
23	29652.0
24	40059.0
25	52564.0
26	67803.5
27	86925.5
28	107675.0
29	129498.5
30	152402.5
31	175569.5
32	199662.0
33	222291.0
34	244828.5
35	264573.5
36	280778.5
37	295787.5
38	311127.0
39	328052.5
40	344528.5
41	364710.0
42	384954.5
43	406031.0
44	434607.0
45	465304.5
46	506264.0
47	546469.5
48	574969.5
49	597183.5
50	625747.5
51	647271.0
52	665468.5
53	680217.0
54	667274.0
55	662391.0
56	661023.0
57	630926.0
58	600972.0
59	573890.0
60	537579.5
61	486905.5
62	423919.5
63	371088.5
64	334621.5
65	305845.5
66	264492.0
67	226301.5
68	196686.5
69	160878.0
70	128626.0
71	101644.0
72	80938.0
73	73975.0
74	65756.0
75	55841.5
76	45619.5
77	34793.5
78	27494.5
79	22085.5
80	20853.0
81	18184.0
82	12187.5
83	7106.5
84	4518.0
85	2992.5
86	1881.0
87	1234.0
88	872.5
89	603.0
90	385.5
91	246.0
92	172.0
93	128.0
94	104.0
95	72.5
96	52.0
97	39.0
98	31.0
99	21.5
100	14.0
>>END_MODULE
>>Per base N content	pass
#Base	N-Count
1	0.0387340134087749
2	0.05392144715648618
3	0.03959856275554455
4	0.03775382370352015
5	0.04718126626192541
6	0.03585952449785928
7	0.03929018846625091
8	0.04616803645424634
9	0.03661944685361858
10-14	0.03299274494417599
15-19	0.050300251930780984
20-24	0.04848304629744352
25-29	0.02960943845592588
30-34	0.05621883561172373
35-39	0.05641156954253225
40-44	0.09280744503641294
45-49	0.06829609438455925
50-54	0.06524318892055232
55-59	0.07253954487258911
60-64	0.06360990652404355
65-69	0.06610002891008962
70-74	0.06315505444733546
75-79	0.05882019300926499
80-84	0.06368589875961948
85-89	0.06159666294965515
90-94	0.05479040185024574
95-99	0.051669213507895204
100	0.05129475901375294
>>END_MODULE
>>Sequence Length Distribution	pass
#Length	Count
100	1.815975E7
>>END_MODULE
>>Sequence Duplication Levels	fail
#Total Duplicate Percentage	52.1798056371449
#Duplication Level	Relative count
1	100.0
2	25.02323074635742
3	11.2102289622361
4	6.464652096342551
5	4.418487957181088
6	3.374962830805828
7	2.574895926256319
8	2.1065640796907523
9	1.8157151352958667
10++	28.857233125185846
>>END_MODULE
>>Overrepresented sequences	pass
>>END_MODULE
>>Kmer Content	fail
#Sequence	Count	Obs/Exp Overall	Obs/Exp Max	Max Obs/Exp Position
TTTTT	10865005	6.523236	10.8637495	2
AAAAA	8670705	5.3206067	8.101277	2
CTCCT	3832545	2.2628777	7.1807413	1
AAGAA	3718485	2.2369158	5.020047	2
GAAGA	3780920	2.2297595	6.1320252	2
CTCCA	3745110	2.220921	6.7801604	1
CTGGA	3633620	2.112471	7.450135	1
GAAAA	3422480	2.058849	5.694391	2
CTCTG	3405835	1.9910803	5.4022427	1
CTTCA	3290655	1.9623238	5.3125563	1
GGAGA	3348515	1.9359299	5.1622415	2
CTTTT	3232580	1.9300238	6.444952	1
GTTTT	3221435	1.904382	8.343808	1
CTGAA	3033435	1.7989086	5.714524	1
CTTTG	2868755	1.6864693	5.3579526	1
GGAAG	2848170	1.6466575	5.2923064	1
GGAAA	2722875	1.605788	6.415243	1
CTCAG	2607620	1.5311024	5.401632	1
GGGAG	2508565	1.4218036	5.2668633	1
CTGGG	2493615	1.4212078	6.33249	1
GGGAA	2256615	1.3046525	5.1596937	1
>>END_MODULE
