##FastQC	0.10.1
>>Basic Statistics	pass
#Measure	Value	
Filename	F_sciadicus_NA_transfer_1_R1.fastq.gz	
File type	Conventional base calls	
Encoding	Sanger / Illumina 1.9	
Total Sequences	10812137	
Filtered Sequences	0	
Sequence length	100	
%GC	49	
>>END_MODULE
>>Per base sequence quality	pass
#Base	Mean	Median	Lower Quartile	Upper Quartile	10th Percentile	90th Percentile
1	29.906496745278016	31.0	30.0	34.0	25.0	34.0
2	30.20203906036337	31.0	30.0	34.0	26.0	34.0
3	29.78538858691857	31.0	30.0	34.0	25.0	34.0
4	31.46209246146252	35.0	32.0	37.0	12.0	37.0
5	32.520337006458576	35.0	32.0	37.0	19.0	37.0
6	32.89456496897884	35.0	33.0	37.0	26.0	37.0
7	33.0368003106139	35.0	33.0	37.0	26.0	37.0
8	33.025269195164654	36.0	35.0	37.0	26.0	37.0
9	34.46276439153518	39.0	35.0	39.0	27.0	39.0
10-14	34.52139121063671	38.2	35.0	39.4	26.0	39.4
15-19	34.653407628852655	39.0	33.8	41.0	20.2	41.0
20-24	34.86347675764745	39.0	34.0	41.0	23.4	41.0
25-29	34.504951185875655	39.0	34.0	41.0	20.6	41.0
30-34	34.086115926943954	38.6	33.2	40.8	17.4	41.0
35-39	33.695676479127115	38.0	33.0	40.0	15.4	41.0
40-44	33.451336382437624	38.0	33.0	40.0	12.0	41.0
45-49	32.96922312397633	38.0	32.2	40.0	7.8	41.0
50-54	32.304075133343204	36.8	31.4	40.0	2.8	41.0
55-59	30.935720292852373	35.2	29.6	39.2	2.0	41.0
60-64	30.7196624867036	35.0	30.0	38.6	2.0	40.4
65-69	30.001351832667307	35.0	29.2	37.2	2.0	39.8
70-74	29.232630089685323	34.2	29.0	35.8	2.0	38.8
75-79	28.175730107748358	33.4	27.8	35.0	2.0	36.8
80-84	28.140208804235463	34.0	28.2	35.0	2.0	36.0
85-89	27.658123384859067	34.0	27.2	35.0	2.0	35.2
90-94	26.616957572772158	33.4	24.6	35.0	2.0	35.0
95-99	26.4143574762325	33.2	25.0	35.0	2.0	35.0
100	25.29977977526552	32.0	20.0	35.0	2.0	35.0
>>END_MODULE
>>Per sequence quality scores	pass
#Quality	Count
2	380727.0
3	117293.0
4	64006.0
5	48853.0
6	45779.0
7	46952.0
8	49367.0
9	54728.0
10	60577.0
11	62444.0
12	62699.0
13	63775.0
14	63427.0
15	63870.0
16	61718.0
17	60340.0
18	58847.0
19	58196.0
20	58560.0
21	61430.0
22	68399.0
23	80064.0
24	97209.0
25	118560.0
26	144550.0
27	173271.0
28	206207.0
29	241539.0
30	287249.0
31	346265.0
32	424284.0
33	541638.0
34	722697.0
35	1023348.0
36	1500988.0
37	1884672.0
38	1222897.0
39	184497.0
40	215.0
>>END_MODULE
>>Per base sequence content	fail
#Base	G	A	T	C
1	38.51304186617116	13.380495197724052	8.308532825476222	39.79793011062857
2	26.549806530559017	20.166864213448566	28.433399295306	24.849929960686417
3	27.054581819268186	23.62681571045824	20.64117342758205	28.67742904269153
4	30.426944451956945	28.305143161938872	18.44196299799992	22.82594938810426
5	29.918380368148096	29.171251012949757	21.447322404159298	19.463046214742853
6	24.020749678330038	32.59612405036829	23.503136224339247	19.87999004696243
7	22.224494679628368	20.78751841823644	35.42091075837762	21.567076143757564
8	22.043522755097385	21.76748278577528	30.483800262173684	25.705194196953652
9	21.284532805454038	20.03728568432681	33.60754120680512	25.070640303414038
10-14	24.599666869254257	26.17411455287585	25.650738091617487	23.575480486252403
15-19	24.459950196040214	25.36249730468567	26.100167351357744	24.077385147916367
20-24	24.46458738902701	25.66443204404297	25.951415882141447	23.919564684788572
25-29	24.442737821201607	25.510344427627945	25.828924513801216	24.217993237369228
30-34	24.308736400727707	25.689096244519057	25.8212577077305	24.180909647022737
35-39	24.371011233838907	25.639420395475398	25.676086966616694	24.313481404068998
40-44	24.414117345816436	25.735882644932985	25.624818341752288	24.225181667498294
45-49	24.397226206632563	25.592900792677824	25.656793184998943	24.353079815690666
50-54	24.386067609561813	25.76986237215178	25.616765563810844	24.227304454475565
55-59	24.466854531136807	25.5303807421744	25.54154609230766	24.461218634381133
60-64	24.377344852173476	25.646860013816656	25.5553365782344	24.420458555775465
65-69	24.348066241621595	25.74925547127681	25.532147852643106	24.370530434458487
70-74	24.506851719862247	25.74380548252279	25.342728430896123	24.406614366718838
75-79	24.357506372266837	25.61490795690616	25.472905340239954	24.55468033058705
80-84	24.361716416699768	25.789466489301414	25.39463450937057	24.45418258462825
85-89	24.4773369563086	25.67469059693036	25.333897147883704	24.51407529887733
90-94	24.378743601484594	25.7009047505646	25.266524767286963	24.65382688066385
95-99	24.36928915315592	25.82956138257976	25.30609007827428	24.495059385990036
100	24.728598668993044	25.501893140593346	24.79307533049492	24.976432859918695
>>END_MODULE
>>Per base GC content	fail
#Base	%GC
1	78.31097197679972
2	51.39973649124543
3	55.732010861959715
4	53.2528938400612
5	49.381426582890946
6	43.90073972529247
7	43.79157082338593
8	47.74871695205104
9	46.35517310886807
10-14	48.17514735550667
15-19	48.537335343956585
20-24	48.38415207381558
25-29	48.66073105857083
30-34	48.48964604775044
35-39	48.68449263790791
40-44	48.63929901331473
45-49	48.75030602232323
50-54	48.61337206403738
55-59	48.92807316551794
60-64	48.79780340794894
65-69	48.71859667608008
70-74	48.91346608658109
75-79	48.91218670285389
80-84	48.81589900132802
85-89	48.991412255185935
90-94	49.032570482148444
95-99	48.86434853914596
100	49.70503152891174
>>END_MODULE
>>Per sequence GC content	warn
#GC Content	Count
0	11510.0
1	10792.0
2	9308.5
3	8045.5
4	6246.5
5	4082.0
6	3055.5
7	2862.0
8	2827.0
9	2802.5
10	2779.5
11	2807.0
12	3005.0
13	3178.0
14	3306.5
15	3538.5
16	3763.5
17	4233.5
18	4954.0
19	6067.5
20	7687.0
21	9961.0
22	13283.5
23	17694.0
24	23633.5
25	30465.5
26	38278.5
27	48103.0
28	60068.0
29	73698.0
30	88074.5
31	104314.0
32	121447.5
33	137079.5
34	151427.5
35	164526.5
36	178759.0
37	192758.5
38	202852.0
39	213401.5
40	224094.5
41	234714.0
42	247988.0
43	263050.5
44	281612.5
45	300080.5
46	315978.0
47	334149.5
48	357902.5
49	377720.5
50	394250.5
51	413879.0
52	429309.0
53	436646.5
54	436551.5
55	432410.0
56	423333.5
57	404553.5
58	376384.5
59	341577.5
60	304877.5
61	269539.5
62	232681.0
63	196570.0
64	164264.0
65	136495.0
66	113073.5
67	92572.5
68	75384.0
69	59693.0
70	44400.0
71	32048.5
72	23380.0
73	17795.0
74	13885.5
75	10197.5
76	7369.0
77	5514.5
78	3937.5
79	2646.0
80	1960.0
81	1588.0
82	1279.0
83	979.0
84	723.5
85	559.5
86	418.5
87	300.0
88	250.0
89	194.5
90	142.0
91	102.0
92	74.0
93	48.0
94	28.0
95	20.0
96	14.5
97	9.0
98	8.5
99	5.0
100	2.0
>>END_MODULE
>>Per base N content	pass
#Base	N-Count
1	0.12300066120138878
2	0.0032556006273320435
3	0.004254478092536193
4	3.903483649901957
5	0.008231490222515677
6	0.01264319902716734
7	0.01405827543620655
8	0.01614851902080042
9	0.01933012872478401
10-14	0.021523959602065715
15-19	0.19596311071530076
20-24	0.005432783546860348
25-29	0.0061412466379218095
30-34	0.015945043981592168
35-39	0.016141119928465574
40-44	0.018525477433369554
45-49	0.0077154035321602005
50-54	0.008679135308773834
55-59	0.9453968258078861
60-64	0.002417653420410785
65-69	0.0024417004704990327
70-74	0.0036902973020042197
75-79	0.0033702865585221497
80-84	0.003688447528920508
85-89	0.005033232560778688
90-94	1.0112875928227694
95-99	0.010662092054512443
100	0.0043747133429774335
>>END_MODULE
>>Sequence Length Distribution	pass
#Length	Count
100	1.0812137E7
>>END_MODULE
>>Sequence Duplication Levels	warn
#Total Duplicate Percentage	40.79667962392049
#Duplication Level	Relative count
1	100.0
2	25.23550387722263
3	9.286736583354221
4	4.7602105586596695
5	3.065391239660066
6	2.2010010430901343
7	1.7368663631732582
8	1.4045329948007212
9	1.140121774708703
10++	12.88903623323172
>>END_MODULE
>>Overrepresented sequences	pass
>>END_MODULE
>>Kmer Content	fail
#Sequence	Count	Obs/Exp Overall	Obs/Exp Max	Max Obs/Exp Position
TTTTT	10007390	9.021878	12.615362	6
AAAAA	6240265	5.6495924	7.887762	2
CTGGA	2244300	2.2652645	6.1218343	1
GAAAA	2148230	2.0107887	5.4108458	2
CTTTT	2019020	1.9016601	5.5961857	1
GTTTT	1962635	1.8308583	5.298998	1
GGGGG	1614985	1.7271899	5.657165	1
GGAAA	1671990	1.6180459	6.102525	1
CTGGG	1495865	1.5609965	5.2925186	1
GCCAG	1463670	1.5434669	5.540864	1
>>END_MODULE
