##FastQC	0.10.1
>>Basic Statistics	pass
#Measure	Value	
Filename	F_heteroclitus_MDPP_transfer_1_R1.fastq.gz	
File type	Conventional base calls	
Encoding	Sanger / Illumina 1.9	
Total Sequences	9436924	
Filtered Sequences	0	
Sequence length	100	
%GC	46	
>>END_MODULE
>>Per base sequence quality	pass
#Base	Mean	Median	Lower Quartile	Upper Quartile	10th Percentile	90th Percentile
1	29.90285489212375	31.0	30.0	34.0	25.0	34.0
2	30.22132550818466	31.0	30.0	34.0	26.0	34.0
3	29.80408245313833	31.0	30.0	34.0	25.0	34.0
4	31.470961300525467	35.0	32.0	37.0	10.0	37.0
5	32.54219955570269	35.0	33.0	37.0	19.0	37.0
6	32.945760080297354	35.0	33.0	37.0	26.0	37.0
7	33.08807795845341	36.0	35.0	37.0	27.0	37.0
8	33.074082084374105	36.0	35.0	37.0	26.0	37.0
9	34.5168505118829	39.0	35.0	39.0	27.0	39.0
10-14	34.582091367907594	38.8	35.0	39.4	26.6	39.4
15-19	34.71765780883687	39.0	33.8	41.0	20.4	41.0
20-24	34.909343129180655	39.0	34.0	41.0	23.4	41.0
25-29	34.52297816534286	39.0	34.0	41.0	20.0	41.0
30-34	34.07265888757819	38.8	33.4	41.0	16.8	41.0
35-39	33.64543787785088	38.0	33.0	40.0	13.8	41.0
40-44	33.36324105185122	38.0	33.0	40.0	8.8	41.0
45-49	32.861159441360336	38.0	32.0	40.0	5.0	41.0
50-54	32.191827209798454	37.0	31.4	40.0	2.0	41.0
55-59	30.830163833045596	35.4	29.0	39.6	2.0	41.0
60-64	30.622049494093623	35.0	29.6	38.8	2.0	40.6
65-69	29.908325000815942	35.0	29.0	37.4	2.0	40.0
70-74	29.13008866024565	34.4	28.8	36.2	2.0	39.0
75-79	28.045064302732538	33.4	27.2	35.0	2.0	37.4
80-84	27.944229263688037	34.0	27.6	35.0	2.0	36.4
85-89	27.397744328554516	34.0	26.6	35.0	2.0	35.6
90-94	26.31229877447355	33.4	22.8	35.0	2.0	35.0
95-99	26.06052448869992	33.0	23.8	35.0	2.0	35.0
100	24.944214555505585	32.0	18.0	35.0	2.0	35.0
>>END_MODULE
>>Per sequence quality scores	pass
#Quality	Count
2	341882.0
3	97944.0
4	53350.0
5	42099.0
6	42778.0
7	43250.0
8	44224.0
9	49579.0
10	55998.0
11	58745.0
12	58062.0
13	58177.0
14	58998.0
15	58613.0
16	57008.0
17	56270.0
18	55107.0
19	54666.0
20	55199.0
21	57180.0
22	63128.0
23	72715.0
24	87381.0
25	105887.0
26	127373.0
27	152103.0
28	178562.0
29	209489.0
30	248677.0
31	297468.0
32	362059.0
33	457779.0
34	610904.0
35	857446.0
36	1256468.0
37	1595776.0
38	1148717.0
39	205575.0
40	288.0
>>END_MODULE
>>Per base sequence content	fail
#Base	G	A	T	C
1	36.98456834920126	17.239125655787866	7.735686827713992	38.04061916729688
2	24.169879693753586	20.840931421794156	36.173163933050354	18.816024951401904
3	24.713104348080417	24.784910388689404	22.81547924597723	27.68650601725295
4	26.185638167379217	30.90090164589656	19.849970092149256	23.063490094574966
5	27.763205541931214	31.02254917348028	22.404495570378245	18.809749714210263
6	22.596923785199742	33.88384968683255	23.92442648850052	19.594800039467184
7	20.472861033296933	20.15636763977725	37.43368719943567	21.93708412749015
8	20.930057314224776	22.51712018436192	30.821588675952167	25.731233825461132
9	21.577939373127336	21.517092046816725	32.49962639466078	24.405342185395156
10-14	23.152308540780208	27.926676790384914	26.61771381055309	22.303300858281787
15-19	23.318717338534643	26.706594643508534	27.13916931385556	22.83551870410126
20-24	23.24808341394857	26.945273404500252	27.007157251118603	22.799485930432578
25-29	23.17497420925952	26.963257462189443	26.939644474584213	22.922123853966824
30-34	23.103124206910643	27.087899774002455	26.853529515117526	22.955446503969377
35-39	23.089740960793627	27.093011715867398	26.86190695890533	22.955340364433642
40-44	23.130774206120485	27.056200465829388	26.759731786156333	23.053293541893794
45-49	23.17287154961518	27.009646036461383	26.727898746724655	23.08958366719878
50-54	23.119077082517666	27.050752288624896	26.73074793765601	23.09942269120143
55-59	23.24197505914986	26.932982635633053	26.660809106250795	23.164233198966297
60-64	23.16562186542673	26.91772514501693	26.682449882433367	23.234203107122973
65-69	23.149540878628887	27.060459470433866	26.645608878511812	23.14439077242543
70-74	23.23660352046334	26.994332718202767	26.644157399527714	23.124906361806175
75-79	23.142895049900293	26.907006302469803	26.69241035294636	23.25768829468354
80-84	23.150241543620723	27.023639682797846	26.682532199987698	23.143586573593733
85-89	23.20253285660494	26.962949244652773	26.610654938048384	23.2238629606939
90-94	23.088340542034345	26.960817233541896	26.589853445498196	23.360988778925567
95-99	23.086948087749278	27.038090880288067	26.647552086605398	23.227408945357254
100	23.37973081765565	26.818451708222845	26.293839995600067	23.50797747852144
>>END_MODULE
>>Per base GC content	fail
#Base	%GC
1	75.02518751649814
2	42.98590464515549
3	52.39961036533337
4	49.24912826195418
5	46.572955256141476
6	42.19172382466693
7	42.40994516078708
8	46.66129113968591
9	45.98328155852249
10-14	45.455609399062
15-19	46.1542360426359
20-24	46.047569344381145
25-29	46.09709806322634
30-34	46.05857071088002
35-39	46.04508132522727
40-44	46.18406774801428
45-49	46.26245521681396
50-54	46.218499773719095
55-59	46.40620825811615
60-64	46.3998249725497
65-69	46.29393165105432
70-74	46.361509882269516
75-79	46.400583344583836
80-84	46.29382811721445
85-89	46.42639581729885
90-94	46.44932932095991
95-99	46.31435703310653
100	46.88770829617709
>>END_MODULE
>>Per sequence GC content	warn
#GC Content	Count
0	5799.0
1	6207.0
2	6079.0
3	5534.5
4	4582.5
5	3159.0
6	2632.0
7	2540.0
8	2525.0
9	2613.5
10	2801.5
11	3115.5
12	3468.5
13	3839.5
14	4450.5
15	5256.0
16	6288.0
17	7652.5
18	9424.0
19	11926.0
20	15417.5
21	20362.5
22	26543.5
23	34036.0
24	43378.5
25	54705.0
26	68029.0
27	83116.5
28	98928.5
29	115431.0
30	132756.5
31	149046.0
32	163754.5
33	177804.0
34	191545.5
35	203871.0
36	214372.5
37	222779.0
38	230295.0
39	236725.0
40	240358.5
41	244352.0
42	249311.0
43	256638.0
44	265645.0
45	272500.5
46	282823.5
47	292479.0
48	294850.0
49	294816.5
50	296151.0
51	296875.0
52	298342.0
53	299238.5
54	295934.0
55	292436.5
56	285243.0
57	274254.0
58	259143.5
59	237452.0
60	213698.0
61	189013.0
62	165954.0
63	143557.5
64	120244.0
65	100319.5
66	83754.0
67	68962.0
68	56313.0
69	44978.0
70	34196.0
71	25282.0
72	18946.0
73	14919.0
74	11891.5
75	9160.0
76	6703.0
77	4857.5
78	3577.5
79	2464.5
80	1926.0
81	1635.5
82	1445.0
83	1240.0
84	882.5
85	618.5
86	444.0
87	323.0
88	250.0
89	202.0
90	149.0
91	88.5
92	63.0
93	45.0
94	32.0
95	25.0
96	14.5
97	7.5
98	5.5
99	2.5
100	0.5
>>END_MODULE
>>Per base N content	pass
#Base	N-Count
1	0.12313334302575711
2	0.0036028689009257675
3	0.00415389590930265
4	3.893207150974195
5	0.00838196853127142
6	0.013108084795426984
7	0.014199542138942733
8	0.016636776983686635
9	0.01943429871852311
10-14	0.02172953814187759
15-19	0.19142466337548125
20-24	0.005677697520929489
25-29	0.006268991887610836
30-34	0.016020050601234046
35-39	0.01641636618033588
40-44	0.019029505800830862
45-49	0.00781398684571371
50-54	0.00916400301623707
55-59	0.9383332958917545
60-64	0.0024669055298103494
65-69	0.002388490147849024
70-74	0.00356684021191651
75-79	0.0032425820108331906
80-84	0.0038953370822950363
85-89	0.005251711256761207
90-94	1.001985392697875
95-99	0.01044408114338952
100	0.004461199433205142
>>END_MODULE
>>Sequence Length Distribution	pass
#Length	Count
100	9436924.0
>>END_MODULE
>>Sequence Duplication Levels	warn
#Total Duplicate Percentage	31.01325397429072
#Duplication Level	Relative count
1	100.0
2	13.705681700720119
3	4.807221858525996
4	2.725424663198153
5	1.8550804534334837
6	1.489852875305792
7	1.0825896702615168
8	0.9330530958205561
9	0.8248630396582021
10++	10.397960238431589
>>END_MODULE
>>Overrepresented sequences	pass
>>END_MODULE
>>Kmer Content	fail
#Sequence	Count	Obs/Exp Overall	Obs/Exp Max	Max Obs/Exp Position
TTTTT	12181330	10.045523	13.473572	10-14
AAAAA	9128905	7.3141418	8.810908	2
GGGGG	1464880	2.347639	6.4880333	1
CTCCT	1840040	2.3147533	5.6918297	1
CTCCA	1733995	2.1687958	5.323738	1
CTGGA	1743185	2.1461914	6.2662005	1
GAAAA	2225950	2.0486934	5.4108195	1
CTTTT	2112770	2.0056875	6.3351326	1
GTTTT	2105430	1.9830285	7.3202605	1
GGAAG	1374165	1.6689155	5.0735393	1
CTGGG	1165190	1.6479295	6.253007	1
GGAAA	1523325	1.6105386	6.169888	1
GGGAG	1138535	1.5883958	5.2947583	1
GTGGA	1247295	1.5236012	5.107759	1
GGGGA	1028885	1.4354208	5.1070447	1
GTCAG	1091040	1.3432772	5.0522046	1
>>END_MODULE
