##FastQC	0.10.1
>>Basic Statistics	pass
#Measure	Value	
Filename	L_goodei_NA_transfer_3_R1.fastq.gz	
File type	Conventional base calls	
Encoding	Sanger / Illumina 1.9	
Total Sequences	11671843	
Filtered Sequences	0	
Sequence length	100	
%GC	51	
>>END_MODULE
>>Per base sequence quality	pass
#Base	Mean	Median	Lower Quartile	Upper Quartile	10th Percentile	90th Percentile
1	30.024948930515944	31.0	30.0	34.0	25.0	34.0
2	30.287352048858093	31.0	30.0	34.0	26.0	34.0
3	28.869297933496878	31.0	30.0	34.0	16.0	34.0
4	32.559961695852145	37.0	33.0	37.0	19.0	37.0
5	33.26522795071867	37.0	33.0	37.0	27.0	37.0
6	30.634090691590007	37.0	32.0	37.0	10.0	37.0
7	31.474020341089236	36.0	32.0	37.0	17.0	37.0
8	32.61328121017392	36.0	32.0	37.0	25.0	37.0
9	34.30188051707001	38.0	34.0	39.0	27.0	39.0
10-14	33.92465904484836	38.8	34.2	39.4	21.0	39.4
15-19	35.06493624014648	39.4	34.4	41.0	24.8	41.0
20-24	35.00010329131398	39.6	34.2	41.0	24.0	41.0
25-29	34.60779469017875	39.0	34.0	41.0	20.8	41.0
30-34	34.13847148218152	39.0	33.2	41.0	17.2	41.0
35-39	33.74536189357585	38.2	33.0	40.8	15.2	41.0
40-44	33.39800483950992	38.0	33.0	40.0	10.4	41.0
45-49	32.87926847542415	37.6	32.0	40.0	6.2	41.0
50-54	32.139798641911135	36.4	31.2	40.0	2.0	41.0
55-59	31.411206713455623	35.2	30.6	39.4	2.0	41.0
60-64	30.577800026953753	35.0	30.0	38.2	2.0	40.2
65-69	29.865468255527425	35.0	29.4	36.6	2.0	39.6
70-74	29.11515979096017	34.2	29.0	35.4	2.0	38.4
75-79	28.14718916284258	33.6	27.6	35.0	2.0	36.2
80-84	28.088415873996933	34.0	28.0	35.0	2.0	35.8
85-89	27.629864041180127	34.0	27.0	35.0	2.0	35.0
90-94	27.20177833097995	34.0	27.0	35.0	2.0	35.0
95-99	26.620907443665924	33.6	25.4	35.0	2.0	35.0
100	25.528154636761307	33.0	23.0	35.0	2.0	35.0
>>END_MODULE
>>Per sequence quality scores	pass
#Quality	Count
2	446773.0
3	139414.0
4	70199.0
5	50833.0
6	50851.0
7	52714.0
8	54237.0
9	57849.0
10	61229.0
11	63558.0
12	64312.0
13	65758.0
14	65991.0
15	65783.0
16	64979.0
17	63083.0
18	61085.0
19	59170.0
20	58802.0
21	59892.0
22	65498.0
23	76110.0
24	92061.0
25	115614.0
26	150487.0
27	198428.0
28	242660.0
29	256423.0
30	305285.0
31	352598.0
32	415165.0
33	543748.0
34	758645.0
35	1111927.0
36	1695617.0
37	2092908.0
38	1311480.0
39	210411.0
40	266.0
>>END_MODULE
>>Per base sequence content	fail
#Base	G	A	T	C
1	37.60828321495117	14.536307624855747	7.337805922953239	40.51760323723985
2	26.44210626245463	17.605617028889334	33.667018924777096	22.28525778387894
3	25.603244013075	22.290133118882853	21.211105194243128	30.895517673799027
4	28.612831592450032	27.98541272116481	17.961730927562193	25.440024758822965
5	29.663302277299653	29.107006639488997	20.647360888386626	20.582330194824724
6	23.000468723648563	34.15261498017604	21.921350823102077	20.925565473073323
7	21.79375844427752	19.02845333188212	36.06234956705737	23.115438656782995
8	21.884904852990694	20.82468197555974	29.419001565536163	27.871411605913405
9	23.137067634028543	19.882317026870584	30.646877548036567	26.333737791064298
10-14	25.075977169591248	25.988876490362667	24.295120941699157	24.640025398346925
15-19	25.44300622185702	24.519414668083357	24.89995157529072	25.137627534768903
20-24	25.15128601985864	24.841839874644833	24.837421663732332	25.169452441764196
25-29	25.17417840829377	24.838318482050784	24.79447825277158	25.193024856883873
30-34	25.041440150234116	24.853325240688502	24.686728131616054	25.418506477461328
35-39	25.160019916705632	24.81100102633053	24.615521169539235	25.413457887424606
40-44	25.364541202214713	24.76752428145049	24.478045119238413	25.389889397096383
45-49	25.32588608209217	24.736024762486856	24.405797028920446	25.532292126500533
50-54	25.331618650685357	24.925652298170377	24.291487755405488	25.45124129573878
55-59	25.554684478451296	24.537741657494653	24.243786549895496	25.663787314158554
60-64	25.59280694686753	24.477161043211844	24.30037193623254	25.629660073688086
65-69	25.4531999692108	24.588408633560597	24.228864862071305	25.729526535157298
70-74	25.64654406474034	24.64234631305731	24.21400496903308	25.497104653169274
75-79	25.629888329137422	24.48180892279796	24.239767079965176	25.648535668099438
80-84	25.566703890614544	24.478537008885887	24.244603440035643	25.710155660463922
85-89	25.557329003261174	24.58397952697469	24.100953831936504	25.75773763782763
90-94	25.47012016881643	24.546465861199852	24.12902263924121	25.854391330742505
95-99	25.317419103591938	24.617470669719168	24.1778208888525	25.88728933783639
100	25.589153372210188	24.19744608301794	23.695142666492657	26.51825787827921
>>END_MODULE
>>Per base GC content	fail
#Base	%GC
1	78.12588645219101
2	48.72736404633356
3	56.49876168687402
4	54.05285635127299
5	50.24563247212438
6	43.926034196721886
7	44.90919710106051
8	49.756316458904095
9	49.47080542509285
10-14	49.71600256793817
15-19	50.580633756625915
20-24	50.32073846162284
25-29	50.36720326517764
30-34	50.45994662769544
35-39	50.57347780413024
40-44	50.75443059931109
45-49	50.8581782085927
50-54	50.78285994642414
55-59	51.218471792609854
60-64	51.22246702055562
65-69	51.182726504368105
70-74	51.14364871790962
75-79	51.278423997236864
80-84	51.276859551078466
85-89	51.31506664108881
90-94	51.32451149955893
95-99	51.20470844142832
100	52.1074112504894
>>END_MODULE
>>Per sequence GC content	warn
#GC Content	Count
0	5919.0
1	4064.5
2	1906.5
3	1568.0
4	1489.0
5	1333.5
6	1203.0
7	1220.5
8	1259.5
9	1278.0
10	1339.0
11	1419.0
12	1478.5
13	1555.0
14	1686.5
15	1863.5
16	2098.0
17	2553.5
18	3215.0
19	4187.0
20	5542.5
21	7738.0
22	10896.5
23	14879.0
24	20127.5
25	27137.0
26	35310.0
27	44645.5
28	55147.0
29	66960.5
30	79627.5
31	92921.0
32	107000.5
33	120767.5
34	133587.0
35	146022.0
36	158242.0
37	169721.0
38	180890.5
39	192180.5
40	205101.0
41	220637.5
42	236458.0
43	255580.5
44	284067.0
45	309352.0
46	330689.5
47	354260.0
48	370386.0
49	386927.0
50	407917.5
51	434718.0
52	457175.0
53	456253.5
54	442852.5
55	449044.5
56	451604.5
57	425571.5
58	398647.5
59	379439.0
60	359160.5
61	326061.5
62	282883.5
63	246427.5
64	225078.0
65	205668.0
66	176982.0
67	151802.0
68	133890.0
69	110265.0
70	86545.0
71	69660.0
72	55703.5
73	47640.0
74	46281.5
75	41062.0
76	32771.5
77	24075.5
78	17396.5
79	15300.5
80	13081.0
81	12384.5
82	10904.5
83	6434.0
84	3163.0
85	1961.0
86	1238.5
87	736.0
88	481.0
89	311.5
90	230.0
91	165.0
92	107.5
93	94.5
94	71.5
95	44.5
96	29.5
97	21.0
98	14.5
99	9.5
100	4.5
>>END_MODULE
>>Per base N content	pass
#Base	N-Count
1	0.0268766466444074
2	0.004086758192343745
3	3.4344618926077057
4	0.0072996184064504635
5	0.016869658030869674
6	2.4103819765224737
7	0.029455502442930392
8	0.03115189263597874
9	0.030372238557355512
10-14	0.9814679652562154
15-19	0.022222711528933348
20-24	0.01680111701296873
25-29	0.014905957868007648
30-34	0.03678596430743628
35-39	0.038139649410979914
40-44	0.027090837325347845
45-49	0.01988032224216861
50-54	0.01552282702911614
55-59	0.004018217174442802
60-64	0.005558676551766503
65-69	0.0018694562632482292
70-74	0.0030586429238295956
75-79	0.004049060632498227
80-84	0.0027793382758832517
85-89	0.0024846118989091956
90-94	0.010092664885913904
95-99	0.02188857406666625
100	0.0171695249841863
>>END_MODULE
>>Sequence Length Distribution	pass
#Length	Count
100	1.1671843E7
>>END_MODULE
>>Sequence Duplication Levels	warn
#Total Duplicate Percentage	43.725831316584994
#Duplication Level	Relative count
1	100.0
2	17.406508979882307
3	6.7484944253564025
4	3.8972765742533344
5	2.5941031978635
6	1.9758036745969192
7	1.5319748088857599
8	1.2649122672768038
9	1.0276933907760117
10++	16.597669133232834
>>END_MODULE
>>Overrepresented sequences	pass
>>END_MODULE
>>Kmer Content	warn
#Sequence	Count	Obs/Exp Overall	Obs/Exp Max	Max Obs/Exp Position
TTTTT	6386565	6.640098	9.373547	2
AAAAA	5430310	5.45258	8.202459	2
GAAGA	2357110	2.198447	5.1216893	2
CTCCT	2397420	2.1619666	5.500763	1
CTCCA	2369135	2.1216257	5.3929973	1
GAAAA	2120350	2.0519385	5.722367	2
CTGGA	2215710	1.9984819	5.360323	1
GTTTT	1870475	1.8612833	7.0128126	1
GGAAA	1696095	1.5819266	6.4706044	1
>>END_MODULE
