##FastQC	0.10.1
>>Basic Statistics	pass
#Measure	Value	
Filename	F_heteroclitus_MDPL_transfer_2_R1.fastq.gz	
File type	Conventional base calls	
Encoding	Sanger / Illumina 1.9	
Total Sequences	20535903	
Filtered Sequences	0	
Sequence length	100	
%GC	47	
>>END_MODULE
>>Per base sequence quality	pass
#Base	Mean	Median	Lower Quartile	Upper Quartile	10th Percentile	90th Percentile
1	30.819186426815513	31.0	31.0	34.0	27.0	34.0
2	31.114082638586673	33.0	31.0	34.0	27.0	34.0
3	29.65770504467225	33.0	31.0	34.0	20.0	34.0
4	33.407142505493916	37.0	35.0	37.0	19.0	37.0
5	34.18494156307614	37.0	35.0	37.0	30.0	37.0
6	31.601007708304817	37.0	33.0	37.0	10.0	37.0
7	32.49282123118716	37.0	33.0	37.0	17.0	37.0
8	33.71066770231628	37.0	33.0	37.0	28.0	37.0
9	35.51240025822093	39.0	35.0	39.0	30.0	39.0
10-14	35.15762606591977	39.2	35.0	39.4	25.0	39.4
15-19	36.434672475809805	40.0	35.8	41.0	29.6	41.0
20-24	36.42120906979352	40.0	36.0	41.0	29.8	41.0
25-29	36.10440833305455	40.0	36.0	41.0	28.6	41.0
30-34	35.722281333331196	40.0	35.0	41.0	27.2	41.0
35-39	35.43611101006856	39.0	35.0	41.0	26.2	41.0
40-44	35.181185244203775	39.0	34.8	41.0	25.8	41.0
45-49	34.773956791673584	38.8	34.0	40.8	24.4	41.0
50-54	34.133844048640086	38.0	33.2	40.0	23.0	41.0
55-59	33.479351114971664	36.8	33.0	40.0	21.4	41.0
60-64	32.68610326996577	35.6	32.0	39.2	19.0	41.0
65-69	31.967266187418204	35.0	31.8	38.2	16.4	40.2
70-74	31.16500602870982	35.0	31.0	36.6	9.4	39.4
75-79	30.105781255394515	34.2	30.0	35.2	4.4	37.4
80-84	29.98394522997114	34.6	30.6	35.0	2.0	36.4
85-89	29.48928306683178	34.0	30.0	35.0	2.0	35.8
90-94	29.069799988829317	34.0	30.0	35.0	2.0	35.0
95-99	28.521753574702803	34.0	29.2	35.0	2.0	35.0
100	27.450982749577655	33.0	27.0	35.0	2.0	35.0
>>END_MODULE
>>Per sequence quality scores	pass
#Quality	Count
2	418452.0
3	139109.0
4	73737.0
5	57634.0
6	63336.0
7	62681.0
8	62138.0
9	67201.0
10	74692.0
11	81393.0
12	85034.0
13	89906.0
14	93106.0
15	94633.0
16	93973.0
17	90290.0
18	88599.0
19	86117.0
20	84244.0
21	86260.0
22	93322.0
23	108282.0
24	131282.0
25	165879.0
26	217760.0
27	297697.0
28	386610.0
29	403703.0
30	490105.0
31	583085.0
32	679106.0
33	902121.0
34	1261570.0
35	1866351.0
36	2970563.0
37	4148394.0
38	3205260.0
39	631397.0
40	881.0
>>END_MODULE
>>Per base sequence content	fail
#Base	G	A	T	C
1	33.17161115523069	15.474647326964009	8.439145635395974	42.91459588240933
2	23.73183643674461	18.19498775988036	39.38943546435269	18.68374033902234
3	23.924404143589186	23.266879259222296	24.301692928248247	28.507023668940267
4	25.061907445222214	30.245414461269476	20.554440590888905	24.1382375026194
5	27.66564461773251	31.176554387395267	22.590081912461276	18.567719082410942
6	20.798273789239865	36.113320361432855	23.227836085538385	19.8605697637889
7	19.783989965409774	18.7461857251612	39.33061263616617	22.139211673262853
8	20.29315341953464	21.54645922939638	31.108147554527566	27.052239796541418
9	21.70669523545701	20.418021192686922	32.514162822913164	25.361120748942906
10-14	23.625976554038836	27.031736470229657	26.26798593900458	23.07430103672693
15-19	23.964208110513898	25.659546546434303	26.706898097386926	23.669347245664873
20-24	23.79411027304409	26.045965055483016	26.559042118998704	23.600882552474182
25-29	23.866921012553675	26.23029380998112	26.285914155720857	23.61687102174435
30-34	23.643296557569876	26.16126396990855	26.421878511776764	23.773560960744813
35-39	23.714304412073794	26.22324582474836	26.38417902570069	23.67827073747716
40-44	23.830097372772904	26.161109272904596	26.24567218454968	23.76312116977282
45-49	23.83690610778737	26.17894543457462	26.195015175516406	23.789133282121607
50-54	23.853294599809065	26.208367929998584	26.190243551919124	23.748093918273227
55-59	23.900542252028455	26.082218454076582	26.111934456225068	23.905304837669895
60-64	23.85316015782644	26.071465206175876	26.089995737568717	23.985378898428962
65-69	23.839835497371052	26.277154096883613	26.06322701170348	23.819783394041856
70-74	24.02402612398037	26.13189456875012	26.010142931124363	23.833936376145147
75-79	23.931326704070575	26.071497244874763	26.057144240699053	23.94003181035561
80-84	23.91089602385352	26.146998819352106	26.04281059938881	23.899294557405565
85-89	24.026624432981393	26.126250165981723	25.916344275307086	23.930781125729798
90-94	23.828497183831786	26.078749348707593	25.959534129007938	24.133219338452687
95-99	23.903262193595136	26.184757806018528	25.97803595696156	23.93394404342478
100	24.203001294250797	25.953327681761778	25.57191965728995	24.271751366697476
>>END_MODULE
>>Per base GC content	fail
#Base	%GC
1	76.08620703764002
2	42.41557677576695
3	52.43142781252945
4	49.200144947841615
5	46.23336370014346
6	40.65884355302876
7	41.92320163867262
8	47.34539321607606
9	47.067815984399914
10-14	46.700277590765765
15-19	47.63355535617877
20-24	47.39499282551827
25-29	47.48379203429802
30-34	47.41685751831469
35-39	47.39257514955095
40-44	47.59321854254572
45-49	47.62603938990898
50-54	47.601388518082295
55-59	47.805847089698354
60-64	47.8385390562554
65-69	47.65961889141291
70-74	47.85796250012552
75-79	47.871358514426184
80-84	47.81019058125908
85-89	47.957405558711194
90-94	47.96171652228447
95-99	47.83720623701991
100	48.47475266094827
>>END_MODULE
>>Per sequence GC content	warn
#GC Content	Count
0	28589.0
1	19230.0
2	8515.0
3	6962.0
4	6538.5
5	6261.5
6	6260.0
7	6262.5
8	6339.5
9	6541.5
10	6577.0
11	6709.5
12	7011.5
13	7110.0
14	7355.5
15	7885.0
16	8679.5
17	9888.5
18	11671.5
19	14428.5
20	18556.0
21	24650.0
22	33227.0
23	44385.0
24	59070.0
25	78612.5
26	101929.0
27	128711.5
28	158079.0
29	188832.5
30	221344.0
31	253907.5
32	288143.0
33	322832.0
34	353132.0
35	378024.5
36	401960.5
37	430710.5
38	456276.0
39	470519.5
40	482060.5
41	494590.0
42	509483.5
43	533800.5
44	562710.5
45	590632.5
46	622212.0
47	655015.5
48	680555.5
49	699951.0
50	718413.0
51	738904.5
52	753347.0
53	754900.0
54	749102.0
55	736904.0
56	710839.5
57	674676.0
58	631100.5
59	576408.5
60	516435.0
61	451922.0
62	389581.5
63	333005.0
64	277919.0
65	229032.0
66	188242.0
67	155215.5
68	126970.5
69	102344.0
70	79385.5
71	58782.5
72	43406.0
73	32556.5
74	24808.5
75	18074.5
76	12911.5
77	9210.0
78	6442.0
79	4247.0
80	3091.5
81	2401.5
82	1971.5
83	1512.0
84	1024.5
85	694.0
86	458.5
87	322.5
88	237.5
89	189.0
90	140.5
91	101.5
92	85.0
93	57.5
94	31.5
95	22.5
96	19.0
97	11.5
98	7.0
99	3.5
100	0.5
>>END_MODULE
>>Per base N content	pass
#Base	N-Count
1	0.028433130016245204
2	0.004738043415962765
3	3.3849643719100153
4	0.007888623159156916
5	0.017617925055450446
6	2.3010237241576377
7	0.029781987186051666
8	0.03172979537349782
9	0.030551371420092895
10-14	0.9710778240430918
15-19	0.022362785800069274
20-24	0.017280954239022265
25-29	0.015235755642203802
30-34	0.03727520528315701
35-39	0.03838545595000132
40-44	0.02739592215643013
45-49	0.020193901383347986
50-54	0.016246668091488357
55-59	0.0040865015772620274
60-64	0.005569757512002272
65-69	0.0019546255161022137
70-74	0.003192457619224243
75-79	0.0040378063725758735
80-84	0.002765887626173536
85-89	0.002482481534900121
90-94	0.010300983599308977
95-99	0.022138787858512966
100	0.017340362388739372
>>END_MODULE
>>Sequence Length Distribution	pass
#Length	Count
100	2.0535903E7
>>END_MODULE
>>Sequence Duplication Levels	warn
#Total Duplicate Percentage	47.57500279861189
#Duplication Level	Relative count
1	100.0
2	23.527736998976824
3	10.44441478713466
4	6.042083722585525
5	4.2626451354597625
6	3.0116998087103517
7	2.4111392855554072
8	1.987632901819476
9	1.6264068686329463
10++	24.63009920370123
>>END_MODULE
>>Overrepresented sequences	warn
#Sequence	Count	Percentage	Possible Source
TTTTTTTTTTTTTTTTTTTTTTTTTTTTTTTTTTTTTTTTTTTTTTTTTT	49696	0.24199568920830997	No Hit
>>END_MODULE
>>Kmer Content	fail
#Sequence	Count	Obs/Exp Overall	Obs/Exp Max	Max Obs/Exp Position
TTTTT	19676590	8.052277	12.355808	2
AAAAA	12800540	5.5325675	7.0623283	2
CTCCT	4562500	2.4672909	8.308745	1
CTCCA	4266420	2.3325286	7.482477	1
CTGGA	4145460	2.2749782	7.1823487	1
TCCAG	4135745	2.2653623	5.1593523	7
CTCTG	4174395	2.261682	6.027474	1
GAAGA	4257645	2.1762874	5.6682425	2
CTTCA	4025725	2.005663	5.4646964	1
GAAAA	4194405	1.9714826	5.108881	2
CTGAA	3582460	1.8078469	5.1542788	1
CTTTT	3996940	1.7949239	5.256704	1
GTTTT	3953495	1.7787714	6.9911847	1
GGAAG	3126775	1.7380713	5.364896	1
CTCAG	3100140	1.6981077	6.411786	1
GGAAA	3163795	1.6171678	5.962582	1
CTGGG	2593040	1.5475259	5.8951564	1
GTCAG	2343235	1.285939	5.026477	1
>>END_MODULE
