##FastQC	0.10.1
>>Basic Statistics	pass
#Measure	Value	
Filename	L_parva_NA_BW_1_R2.fastq.gz	
File type	Conventional base calls	
Encoding	Sanger / Illumina 1.9	
Total Sequences	13536496	
Filtered Sequences	0	
Sequence length	100	
%GC	50	
>>END_MODULE
>>Per base sequence quality	pass
#Base	Mean	Median	Lower Quartile	Upper Quartile	10th Percentile	90th Percentile
1	30.04118000699738	31.0	31.0	34.0	26.0	34.0
2	30.092550095682075	31.0	31.0	34.0	26.0	34.0
3	30.130519079679114	31.0	31.0	34.0	26.0	34.0
4	33.473426431773774	37.0	35.0	37.0	27.0	37.0
5	33.4171895740227	37.0	35.0	37.0	27.0	37.0
6	33.361439991560594	37.0	35.0	37.0	27.0	37.0
7	33.37836918800848	37.0	35.0	37.0	27.0	37.0
8	33.31563426753866	37.0	35.0	37.0	27.0	37.0
9	34.754361837805	39.0	35.0	39.0	27.0	39.0
10-14	34.82420493457095	39.2	35.2	39.4	27.0	39.4
15-19	35.53627204558698	40.0	36.0	41.0	25.8	41.0
20-24	35.24173840852168	39.6	35.2	41.0	24.6	41.0
25-29	34.93221337338703	39.0	35.0	41.0	23.0	41.0
30-34	34.07563224633613	38.8	33.6	41.0	17.6	41.0
35-39	33.87671644124152	38.0	33.0	40.2	15.8	41.0
40-44	33.475531984052594	38.0	33.0	40.0	12.8	41.0
45-49	33.05440741828609	38.0	32.6	40.0	8.2	41.0
50-54	32.17549664255801	36.6	31.4	39.6	4.4	40.6
55-59	32.05340922791245	35.8	31.6	39.8	2.0	41.0
60-64	31.28562635411705	35.0	31.0	38.8	2.0	40.8
65-69	30.481869695082093	35.0	30.0	37.2	2.0	40.0
70-74	29.787822550237525	35.0	30.0	35.8	2.0	39.0
75-79	29.079977403310284	34.2	29.0	35.0	2.0	37.2
80-84	28.454257349907984	34.0	29.0	35.0	2.0	36.2
85-89	27.91336239452219	34.0	28.0	35.0	2.0	35.2
90-94	27.363908252179886	34.0	27.0	35.0	2.0	35.0
95-99	26.711677423758704	34.0	25.4	35.0	2.0	35.0
100	25.38109914116622	33.0	20.0	35.0	2.0	35.0
>>END_MODULE
>>Per sequence quality scores	pass
#Quality	Count
2	568108.0
3	90844.0
4	61121.0
5	53062.0
6	54647.0
7	55792.0
8	59033.0
9	62427.0
10	65181.0
11	67020.0
12	65734.0
13	64107.0
14	64250.0
15	65203.0
16	66766.0
17	65452.0
18	65864.0
19	66965.0
20	68492.0
21	73440.0
22	81361.0
23	94041.0
24	112280.0
25	135187.0
26	161076.0
27	191238.0
28	225968.0
29	267722.0
30	319731.0
31	389809.0
32	487758.0
33	632957.0
34	859930.0
35	1253698.0
36	1950881.0
37	2528227.0
38	1713600.0
39	327031.0
40	493.0
>>END_MODULE
>>Per base sequence content	fail
#Base	G	A	T	C
1	32.2334279050694	13.386397558826879	8.609597423853199	45.77057711225053
2	25.533061939592592	17.39113145882537	37.40110066279537	19.674705938786662
3	25.647773081881333	22.40923284121508	22.978226405534492	28.964767671369103
4	27.27050823288304	29.88562888593565	18.77543250265618	24.068430378525132
5	29.497164225974743	30.720176998358006	21.03811080149833	18.744547974168917
6	22.226650440322366	33.81955710002081	22.67544907205963	21.278343387597193
7	20.73871402356331	17.751667761522576	37.94023424373761	23.569383971176507
8	21.0259193695819	20.500413286174958	29.66168624306903	28.811981101174112
9	22.66734762966422	19.719303032253542	30.931315432362116	26.682033905720125
10-14	24.805143764196973	25.89909357802146	24.725523799957973	24.57023885782359
15-19	25.089725261351738	24.518312544543342	25.38413445052403	25.00782774358089
20-24	24.90983319127452	25.09813780043525	25.225304127146696	24.766724881143535
25-29	25.018157186053596	25.219722900568854	25.01531369453154	24.746806218846015
30-34	24.985289222134277	25.120027455880933	25.113564396382987	24.781118925601803
35-39	24.945322314589095	25.078656779295333	25.01912665718659	24.956894248928982
40-44	25.147426671742483	24.94543207529092	24.916063196090313	24.991078056876283
45-49	25.092828862878306	25.00927020863717	24.833651851605993	25.064249076878532
50-54	25.071241245281783	25.10254657430922	24.810204327923667	25.016007852485327
55-59	25.37412412166362	24.785144496038132	24.638624435088126	25.202106947210122
60-64	25.326550652774582	24.743540196929704	24.6951069104813	25.234802239814414
65-69	25.266092072593203	24.834175941043355	24.73585868998199	25.16387329638145
70-74	25.434935298459706	24.8059308599537	24.68061103338999	25.078522808196606
75-79	25.452333625152896	24.71306775092269	24.588655640203925	25.245942983720486
80-84	25.385591195185015	24.655048473105172	24.681158450975335	25.27820188073448
85-89	25.478526500946163	24.842246971469013	24.407585415175888	25.271641112408933
90-94	25.42321493007753	24.68686374738773	24.51775368837113	25.372167634163606
95-99	25.37605735666458	24.77500742729521	24.5393103549814	25.309624861058804
100	25.872149100795916	24.327254381311135	23.974131575994832	25.826464941898113
>>END_MODULE
>>Per base GC content	fail
#Base	%GC
1	78.00400501731993
2	45.20776787837926
3	54.61254075325043
4	51.33893861140817
5	48.24171220014366
6	43.504993827919556
7	44.30809799473982
8	49.83790047075601
9	49.349381535384346
10-14	49.37538262202057
15-19	50.09755300493263
20-24	49.676558072418054
25-29	49.76496340489961
30-34	49.76640814773608
35-39	49.902216563518074
40-44	50.13850472861876
45-49	50.157077939756846
50-54	50.08724909776711
55-59	50.576231068873746
60-64	50.56135289258899
65-69	50.42996536897465
70-74	50.51345810665631
75-79	50.698276608873385
80-84	50.66379307591949
85-89	50.7501676133551
90-94	50.795382564241145
95-99	50.68568221772338
100	51.69861404269403
>>END_MODULE
>>Per sequence GC content	warn
#GC Content	Count
0	12736.0
1	8467.5
2	3716.0
3	3193.0
4	2963.5
5	2625.0
6	2487.0
7	2517.5
8	2534.5
9	2506.0
10	2469.0
11	2431.0
12	2446.5
13	2514.0
14	2627.5
15	2840.5
16	3113.5
17	3576.0
18	4471.0
19	5824.5
20	7801.5
21	10854.5
22	15007.0
23	20464.5
24	27549.0
25	36701.0
26	47818.5
27	60608.0
28	74935.0
29	91213.5
30	107722.0
31	125169.5
32	143531.0
33	159573.5
34	176537.0
35	193606.0
36	207241.0
37	219128.5
38	231571.5
39	245521.0
40	258706.0
41	277766.0
42	294268.5
43	307409.0
44	332603.5
45	357118.5
46	381657.5
47	404801.5
48	418687.0
49	433826.5
50	457881.0
51	479670.5
52	498780.0
53	507497.5
54	495972.5
55	492153.0
56	494395.5
57	475800.5
58	451766.0
59	428480.0
60	401499.0
61	360191.5
62	309486.0
63	271428.5
64	243739.0
65	221586.5
66	193031.0
67	168796.5
68	150417.0
69	125203.5
70	100374.0
71	78506.5
72	62008.5
73	56173.5
74	50347.0
75	43573.5
76	36279.5
77	28544.0
78	23468.5
79	20201.5
80	20483.0
81	18275.0
82	12096.0
83	7192.0
84	4517.0
85	2863.5
86	1688.0
87	1104.5
88	709.0
89	424.0
90	251.0
91	173.0
92	123.5
93	77.5
94	48.5
95	36.5
96	28.0
97	24.0
98	18.5
99	10.0
100	8.5
>>END_MODULE
>>Per base N content	pass
#Base	N-Count
1	0.03670817026799254
2	0.05045618895761503
3	0.03738042695835023
4	0.03579212818442823
5	0.04413993104271593
6	0.03392310683651072
7	0.03719574105440581
8	0.04373362205403821
9	0.03456581378223729
10-14	0.031112926122092457
15-19	0.047394835413832354
20-24	0.04568833766138593
25-29	0.028348547511852406
30-34	0.05392680646453854
35-39	0.05326932464649641
40-44	0.0884704579383025
45-49	0.06466222868901968
50-54	0.062407583173666216
55-59	0.06999300262047135
60-64	0.0605518592108327
65-69	0.062445997841686654
70-74	0.05961660979325817
75-79	0.05605586556520979
80-84	0.06156984791337433
85-89	0.0593905542468302
90-94	0.05231782286937477
95-99	0.04928601907022319
100	0.04906735095995301
>>END_MODULE
>>Sequence Length Distribution	pass
#Length	Count
100	1.3536496E7
>>END_MODULE
>>Sequence Duplication Levels	warn
#Total Duplicate Percentage	48.01428088631618
#Duplication Level	Relative count
1	100.0
2	20.42056308446267
3	8.302078645130102
4	4.799886649664116
5	3.2354853227984197
6	2.47203747228751
7	1.9444583354169793
8	1.6544148288910003
9	1.326865696521145
10++	22.535880382057307
>>END_MODULE
>>Overrepresented sequences	warn
#Sequence	Count	Percentage	Possible Source
TTTTTTTTTTTTTTTTTTTTTTTTTTTTTTTTTTTTTTTTTTTTTTTTTT	26351	0.19466633019357446	No Hit
>>END_MODULE
>>Kmer Content	fail
#Sequence	Count	Obs/Exp Overall	Obs/Exp Max	Max Obs/Exp Position
TTTTT	9356395	7.5768642	12.369972	2
AAAAA	6357895	5.2811203	8.490032	2
AAGAA	2809265	2.2908897	5.127274	2
GAAGA	2762365	2.211522	5.864682	2
CTCCT	2811395	2.1909623	6.602581	1
CTCCA	2768065	2.168182	6.8850446	1
GAAAA	2530505	2.0635674	5.4571695	2
CTGGA	2624665	2.0535982	6.7798514	1
CTTCA	2461015	1.9524938	5.726825	1
CTTTT	2359310	1.8862967	6.001368	1
GTTTT	2293760	1.8328801	7.8889046	1
CTGAA	2243615	1.7880974	5.5895214	1
CTTTG	2086275	1.6458932	5.3331227	1
GGAAG	2070350	1.6272441	5.037538	1
GGAAA	2006260	1.6061919	6.047495	1
CTCAG	1966520	1.539497	5.602081	1
CTGGG	1841495	1.414526	5.6785183	1
>>END_MODULE
