##FastQC	0.10.1
>>Basic Statistics	pass
#Measure	Value	
Filename	F_rathbuni_NA_FW_1_R2.fastq.gz	
File type	Conventional base calls	
Encoding	Sanger / Illumina 1.9	
Total Sequences	15690887	
Filtered Sequences	0	
Sequence length	100	
%GC	48	
>>END_MODULE
>>Per base sequence quality	fail
#Base	Mean	Median	Lower Quartile	Upper Quartile	10th Percentile	90th Percentile
1	28.95631387824028	31.0	30.0	34.0	22.0	34.0
2	28.856777950156673	31.0	30.0	34.0	16.0	34.0
3	28.941252142087315	31.0	30.0	34.0	16.0	34.0
4	32.24140362491936	35.0	33.0	37.0	20.0	37.0
5	32.19356407321014	35.0	33.0	37.0	19.0	37.0
6	32.10177066471768	36.0	33.0	37.0	18.0	37.0
7	32.088426804679685	35.0	33.0	37.0	18.0	37.0
8	32.01898159103434	35.0	33.0	37.0	17.0	37.0
9	33.341607584070935	38.0	33.0	39.0	17.0	39.0
10-14	33.414316386320294	38.2	33.0	39.4	17.0	39.4
15-19	34.00576431402508	39.0	33.0	41.0	16.0	41.0
20-24	33.75062025492887	39.0	33.0	41.0	10.4	41.0
25-29	33.50534385978307	38.6	33.0	41.0	9.4	41.0
30-34	33.14636050849133	38.0	32.2	40.0	7.4	41.0
35-39	32.725047067128834	38.0	31.8	40.0	2.0	41.0
40-44	32.26162040425121	38.0	31.0	40.0	2.0	41.0
45-49	31.843433796954884	37.4	31.0	40.0	2.0	41.0
50-54	31.001781505405017	36.0	29.6	39.6	2.0	40.6
55-59	31.004864645319287	35.8	30.0	39.8	2.0	41.0
60-64	30.256578394835167	35.0	29.0	39.0	2.0	41.0
65-69	29.42469527694642	35.0	28.4	37.4	2.0	40.0
70-74	28.726719005751555	34.2	27.8	36.2	2.0	39.2
75-79	27.962132134403873	34.0	26.8	35.2	2.0	37.6
80-84	27.28366020353088	34.0	26.0	35.0	2.0	36.4
85-89	26.705053347207205	33.8	25.0	35.0	2.0	35.4
90-94	26.169511946647752	33.0	23.8	35.0	2.0	35.0
95-99	25.49490317532718	33.0	19.6	35.0	2.0	35.0
100	24.133037603291644	32.0	2.0	34.0	2.0	35.0
>>END_MODULE
>>Per sequence quality scores	pass
#Quality	Count
2	981404.0
3	133331.0
4	86922.0
5	71617.0
6	72238.0
7	71657.0
8	74950.0
9	81570.0
10	87988.0
11	90581.0
12	88820.0
13	88425.0
14	89184.0
15	91829.0
16	91722.0
17	90114.0
18	88502.0
19	88584.0
20	90807.0
21	95857.0
22	105374.0
23	122452.0
24	147663.0
25	177580.0
26	211606.0
27	248149.0
28	288069.0
29	336439.0
30	394162.0
31	470744.0
32	576844.0
33	723328.0
34	948587.0
35	1312816.0
36	1956484.0
37	2620878.0
38	2000096.0
39	392975.0
40	539.0
>>END_MODULE
>>Per base sequence content	fail
#Base	G	A	T	C
1	36.930316724080576	13.966663763775927	8.919395309583097	40.1836242025604
2	25.820999454138388	17.92393723032541	36.80488065102451	19.45018266451169
3	26.34284677099547	22.395286517303234	22.78372294111667	28.478143770584623
4	27.405892794295422	29.376801171111893	19.37584479707018	23.841461237522505
5	29.23504226143875	30.350634058675663	21.79843314426201	18.61589053562358
6	22.520167014459375	33.919661956837835	23.27163899403927	20.28853203466353
7	20.115448230656714	18.56083125786669	38.9401921289123	22.383528382564293
8	21.0802451622035	21.58577584860284	30.142397083454743	27.19158190573892
9	22.45512110722893	20.68032946435169	31.399084790075086	25.465464638344294
10-14	24.19418193074345	26.86175859427216	25.834255046090398	23.109804428893987
15-19	24.43040067738183	25.42043626477013	26.354856116681358	23.794306941166685
20-24	24.34368175680514	25.900760577556863	26.149585734301606	23.605971931336388
25-29	24.261644182258646	26.11199905946685	25.997857405305457	23.628499352969044
30-34	24.11234410619311	25.95055029588689	26.168468841976615	23.768636755943383
35-39	24.124787341660547	25.98714206001082	26.125361771508697	23.762708826819935
40-44	24.226896763371613	25.94932935574449	25.997069603702766	23.826704277181136
45-49	24.18890277695369	26.01061111399941	25.943540087992766	23.85694602105413
50-54	24.12883019157514	25.996749044780533	25.986328155759086	23.888092607885245
55-59	24.315982349017588	25.84258816293601	25.883381527501026	23.958047960545372
60-64	24.228596187398267	25.815381500239347	25.86168333384322	24.094338978519165
65-69	24.18136467268914	25.956878775974356	25.925479894533527	23.93627665680298
70-74	24.270311014108003	26.01897838422373	25.791434702892147	23.919275898776117
75-79	24.222078334389792	25.945482754396345	25.78863249200437	24.04380641920949
80-84	24.232294393430013	25.99430484558199	25.759808989609752	24.01359177137825
85-89	24.340188994594417	25.932413931193416	25.665995193193698	24.061401881018472
90-94	24.272019122349693	25.876750998532604	25.681431676906758	24.16979820221094
95-99	24.33891012981405	25.952095440181417	25.692478055846042	24.0165163741585
100	24.747077479679966	25.632920774608714	25.29844937096053	24.32155237475079
>>END_MODULE
>>Per base GC content	fail
#Base	%GC
1	77.11394092664098
2	45.271182118650074
3	54.820990541580095
4	51.24735403181793
5	47.85093279706233
6	42.8086990491229
7	42.498976613221004
8	48.27182706794242
9	47.92058574557323
10-14	47.30398635963744
15-19	48.22470761854852
20-24	47.949653688141524
25-29	47.89014353522769
30-34	47.88098086213649
35-39	47.88749616848048
40-44	48.05360104055275
45-49	48.045848798007825
50-54	48.01692279946038
55-59	48.27403030956297
60-64	48.322935165917436
65-69	48.117641329492116
70-74	48.189586912884124
75-79	48.26588475359929
80-84	48.24588616480826
85-89	48.40159087561289
90-94	48.44181732456063
95-99	48.355426503972545
100	49.06862985443075
>>END_MODULE
>>Per sequence GC content	warn
#GC Content	Count
0	20977.0
1	13199.5
2	4963.5
3	4356.5
4	4099.5
5	3848.0
6	3761.5
7	3855.0
8	3860.5
9	3940.5
10	3959.5
11	4000.5
12	4097.0
13	4202.5
14	4403.5
15	4646.0
16	5095.0
17	5824.0
18	6762.5
19	8376.0
20	11129.5
21	14922.0
22	20423.0
23	28759.0
24	39078.5
25	52096.0
26	69160.0
27	86939.5
28	104586.5
29	125557.0
30	148479.0
31	173605.0
32	201079.0
33	225739.0
34	248279.5
35	268552.5
36	285428.0
37	301748.0
38	317935.0
39	334694.5
40	348871.0
41	365935.0
42	386398.0
43	404332.5
44	430272.5
45	457360.5
46	482309.5
47	508025.5
48	526364.0
49	543841.0
50	563350.0
51	584292.5
52	606110.5
53	614684.5
54	604151.0
55	584607.5
56	563161.5
57	540569.0
58	506481.5
59	457780.5
60	408616.5
61	357342.5
62	305240.0
63	262156.5
64	222979.0
65	184699.5
66	149895.0
67	121286.5
68	99254.0
69	79026.5
70	60812.5
71	45860.5
72	33773.0
73	26484.0
74	21519.5
75	17172.0
76	13068.5
77	9408.5
78	6784.5
79	4769.0
80	3645.0
81	2936.5
82	2314.0
83	1856.5
84	1461.5
85	1044.0
86	727.0
87	499.0
88	390.0
89	331.5
90	215.5
91	130.5
92	125.0
93	98.0
94	49.0
95	27.5
96	20.0
97	16.0
98	10.0
99	6.5
100	5.5
>>END_MODULE
>>Per base N content	pass
#Base	N-Count
1	0.03424280603129702
2	0.3041765580237752
3	0.070748071794794
4	0.042362168563192124
5	0.05269937894524382
6	0.042929376777743666
7	0.04886275708951317
8	0.04191604974275833
9	0.04077526018764905
10-14	0.054098917416204706
15-19	0.05044584158945253
20-24	0.08778598685976134
25-29	0.03929669495421132
30-34	0.06069255358221623
35-39	0.045641779205981156
40-44	0.04897110023161852
45-49	0.044079088709261624
50-54	0.04463992379780697
55-59	0.04750528125019318
60-64	0.04911640750455981
65-69	0.04390319043149058
70-74	0.038712916612043666
75-79	0.043059388548270086
80-84	0.05239856739775132
85-89	0.057084089637507426
90-94	0.0422028404130372
95-99	0.0443595062535343
100	0.042929376777743666
>>END_MODULE
>>Sequence Length Distribution	pass
#Length	Count
100	1.5690887E7
>>END_MODULE
>>Sequence Duplication Levels	warn
#Total Duplicate Percentage	43.547712479733065
#Duplication Level	Relative count
1	100.0
2	21.115199547127087
3	9.308869316195201
4	5.238840512145985
5	3.460648340853466
6	2.569887281264048
7	2.0154509581925044
8	1.6441617688683172
9	1.3228217978388639
10++	19.821514793293485
>>END_MODULE
>>Overrepresented sequences	warn
#Sequence	Count	Percentage	Possible Source
TTTTTTTTTTTTTTTTTTTTTTTTTTTTTTTTTTTTTTTTTTTTTTTTTT	41027	0.2614702406562484	No Hit
>>END_MODULE
>>Kmer Content	fail
#Sequence	Count	Obs/Exp Overall	Obs/Exp Max	Max Obs/Exp Position
TTTTT	13218615	7.4976735	11.794574	2
AAAAA	8570780	5.0660977	6.7481804	2
CTCCT	3388425	2.4300833	6.8929133	1
CTCCA	3198890	2.3131568	6.4621787	1
CTCTG	3193855	2.2523255	5.0388064	1
CTGGA	3168890	2.215636	6.9202046	1
TCCAG	3102240	2.2058399	5.0709887	7
GAAGA	3304170	2.1719897	5.2454863	2
GGGGG	2775545	2.1397204	5.127364	1
GAAAA	3185500	1.9856462	5.058688	2
GTTTT	3061060	1.846146	7.1890206	1
GGAAG	2445415	1.6951927	5.2266364	1
CTCAG	2328260	1.6555033	5.351525	1
GGAAA	2514020	1.6525862	6.188878	1
CTGGG	2163650	1.5953258	6.1709404	1
GGGAG	2064895	1.5095087	5.431246	1
GGGGA	1872500	1.3688614	5.0640035	1
GTCAG	1797770	1.2569714	5.1242957	1
>>END_MODULE
