##FastQC	0.10.1
>>Basic Statistics	pass
#Measure	Value	
Filename	F_grandis_NA_FW_1_R1.fastq.gz	
File type	Conventional base calls	
Encoding	Sanger / Illumina 1.9	
Total Sequences	33661642	
Filtered Sequences	0	
Sequence length	100	
%GC	48	
>>END_MODULE
>>Per base sequence quality	pass
#Base	Mean	Median	Lower Quartile	Upper Quartile	10th Percentile	90th Percentile
1	30.472862464641505	31.0	30.0	34.0	26.0	34.0
2	30.803384576426783	31.0	31.0	34.0	27.0	34.0
3	30.35766959912413	31.0	30.0	34.0	26.0	34.0
4	32.071401983301946	37.0	33.0	37.0	19.0	37.0
5	33.16049867680252	37.0	33.0	37.0	22.0	37.0
6	33.6321202631767	37.0	33.0	37.0	28.0	37.0
7	33.79424239019594	37.0	35.0	37.0	29.0	37.0
8	33.79171948890669	37.0	35.0	37.0	29.0	37.0
9	35.30872614592003	39.0	35.0	39.0	29.0	39.0
10-14	35.3961713038241	39.2	35.2	39.4	28.6	39.4
15-19	35.60916119896943	39.2	35.4	41.0	24.4	41.0
20-24	35.84938648566223	39.0	35.8	41.0	27.0	41.0
25-29	35.5331489295739	39.0	35.0	41.0	26.4	41.0
30-34	35.141108083794606	39.0	34.8	41.0	24.8	41.0
35-39	34.76936703800724	39.0	34.0	41.0	24.0	41.0
40-44	34.54430650174463	38.6	34.0	40.8	23.0	41.0
45-49	34.08942062303437	38.0	33.0	40.0	21.4	41.0
50-54	33.45359237080592	37.6	33.0	40.0	18.6	41.0
55-59	32.09912909774276	36.2	31.2	39.8	10.6	41.0
60-64	31.911405735941223	35.2	31.0	39.0	8.4	40.8
65-69	31.198417955963055	35.0	31.0	37.6	4.8	40.0
70-74	30.417893203189557	35.0	30.0	36.4	2.0	39.2
75-79	29.317035086999027	33.8	29.0	35.2	2.0	37.4
80-84	29.25803514873101	34.0	29.8	35.0	2.0	36.4
85-89	28.748279771973095	34.0	29.0	35.0	2.0	35.6
90-94	27.68869828156333	34.0	27.2	35.0	2.0	35.0
95-99	27.50117834418179	34.0	27.6	35.0	2.0	35.0
100	26.359292276948345	33.0	25.0	35.0	2.0	35.0
>>END_MODULE
>>Per sequence quality scores	pass
#Quality	Count
2	773557.0
3	251375.0
4	143307.0
5	113828.0
6	110845.0
7	113969.0
8	120080.0
9	135707.0
10	153722.0
11	163869.0
12	165902.0
13	170775.0
14	172671.0
15	171653.0
16	171136.0
17	167998.0
18	165613.0
19	163947.0
20	165783.0
21	173484.0
22	192471.0
23	226174.0
24	275692.0
25	339130.0
26	416625.0
27	507935.0
28	610492.0
29	726583.0
30	872533.0
31	1059679.0
32	1311932.0
33	1682735.0
34	2267149.0
35	3224063.0
36	4803757.0
37	6194745.0
38	4401209.0
39	778430.0
40	1087.0
>>END_MODULE
>>Per base sequence content	fail
#Base	G	A	T	C
1	34.41289630166287	15.756351580741997	6.691398651317416	43.13935346627771
2	23.39555977970227	17.81204509850983	40.153637888409506	18.638757233378392
3	24.75829794624518	22.551425271997346	23.45046234966027	29.239814432097212
4	26.418077534396172	29.539388877793716	19.76328558620747	24.279248001602646
5	28.47606707266802	30.29123674118627	22.4629092205414	18.769786965604307
6	22.684839682039872	33.13086414353712	24.090623782025073	20.09367239239794
7	20.63471854971865	19.770367128077975	37.6120820887691	21.982832233434277
8	20.7473947718264	21.893792920627387	31.255547783891814	26.103264523654406
9	21.893907738400237	20.56987225841275	32.68350037603215	24.85271962715486
10-14	23.82445431123511	26.85485865618336	26.20556244846905	23.115124584112476
15-19	24.101963088157483	25.788193765544655	26.428800954330544	23.681042191967315
20-24	23.96915930419295	25.997917779590452	26.415899599181664	23.61702331703494
25-29	23.999225615034675	26.037345072650048	26.247210005551914	23.716219306763364
30-34	23.90879481072702	26.044753971068406	26.20502134049864	23.841429877705934
35-39	23.87421555298111	26.155700430188073	26.203200662566857	23.766883354263964
40-44	23.992591417019437	26.01093134072654	26.098183180479044	23.89829406177498
45-49	24.03636357543171	26.03267823963895	26.02299940832506	23.90795877660428
50-54	24.002527332082888	26.0636020244754	26.042863179442133	23.89100746399958
55-59	24.05002424732268	25.9623667231563	25.988635880413728	23.998973149107293
60-64	24.067826926512094	25.901492348671546	25.936555015613145	24.094125709203222
65-69	24.00347180991888	26.124643573097977	25.936052258249493	23.93583235873365
70-74	24.156330859198558	26.046839683970152	25.881400970134656	23.915428486696637
75-79	24.063204373319852	25.901744163312674	25.907873601734487	24.12717786163299
80-84	24.038667293145096	26.023338646690846	25.86707039263283	24.07092366753123
85-89	24.16885693627543	25.987900289302935	25.720840367867492	24.122402406554148
90-94	24.00511552369653	25.96817838935175	25.724935075557433	24.30177101139429
95-99	24.042587751625753	26.08074066907488	25.790104132419255	24.08656744688011
100	24.449905025909953	25.813151679609586	25.241242388310265	24.4957009061702
>>END_MODULE
>>Per base GC content	fail
#Base	%GC
1	77.55224976794058
2	42.03431701308066
3	53.99811237834239
4	50.697325535998814
5	47.24585403827233
6	42.77851207443781
7	42.61755078315293
8	46.85065929548081
9	46.7466273655551
10-14	46.93957889534759
15-19	47.783005280124804
20-24	47.58618262122789
25-29	47.71544492179804
30-34	47.75022468843295
35-39	47.64109890724507
40-44	47.890885478794424
45-49	47.94432235203599
50-54	47.89353479608246
55-59	48.04899739642997
60-64	48.16195263571531
65-69	47.93930416865253
70-74	48.071759345895195
75-79	48.19038223495284
80-84	48.10959096067632
85-89	48.291259342829576
90-94	48.306886535090825
95-99	48.12915519850587
100	48.94560593208015
>>END_MODULE
>>Per sequence GC content	warn
#GC Content	Count
0	14420.0
1	21336.0
2	25344.5
3	22189.0
4	18404.5
5	12409.0
6	9397.5
7	8692.0
8	8551.0
9	8538.0
10	8595.0
11	8912.0
12	9359.5
13	9863.5
14	10742.5
15	11844.5
16	13313.5
17	15836.5
18	19220.5
19	23789.0
20	30709.0
21	40465.5
22	53361.0
23	70379.0
24	92235.5
25	121236.5
26	156044.5
27	193949.0
28	237190.5
29	283719.0
30	338965.5
31	396101.0
32	443604.5
33	497375.0
34	547576.0
35	587974.5
36	623783.0
37	650841.5
38	688122.0
39	727791.0
40	761614.5
41	801638.5
42	837881.5
43	875670.5
44	922700.0
45	967848.0
46	1015504.0
47	1069665.0
48	1115292.5
49	1156413.5
50	1206024.0
51	1256250.0
52	1286854.5
53	1295580.0
54	1287860.5
55	1265030.5
56	1220632.5
57	1160703.5
58	1082415.5
59	975341.5
60	864494.5
61	751228.5
62	644774.5
63	548474.0
64	454307.5
65	374520.5
66	310853.5
67	256213.0
68	206923.5
69	161515.5
70	121281.0
71	90237.0
72	66076.0
73	50336.5
74	39244.5
75	28856.5
76	20950.0
77	15118.5
78	10761.5
79	7344.5
80	5363.0
81	4144.5
82	3362.0
83	2714.5
84	1952.5
85	1286.0
86	858.0
87	603.0
88	477.0
89	394.0
90	308.0
91	237.0
92	179.0
93	122.5
94	95.5
95	63.0
96	35.0
97	23.5
98	13.5
99	5.5
100	1.5
>>END_MODULE
>>Per base N content	pass
#Base	N-Count
1	0.12482754109261812
2	0.003550034784399406
3	0.0038471088249349213
4	3.788258457504836
5	0.0083329268370212
6	0.012893013359241357
7	0.013706996230308669
8	0.015403289001766463
9	0.018641396043603577
10-14	0.021121964282075127
15-19	0.18581921820688366
20-24	0.005361592283584978
25-29	0.005637276993201936
30-34	0.01562252964368167
35-39	0.015999219527080707
40-44	0.018392447997634814
45-49	0.007782151565868356
50-54	0.009107101786656753
55-59	0.923137974077438
60-64	0.0022827169274748987
65-69	0.002415211949553738
70-74	0.0035690475229936797
75-79	0.0033741669524023814
80-84	0.003916624150420232
85-89	0.00484408930497211
90-94	0.9901032159987918
95-99	0.010048232347073265
100	0.004185773231145409
>>END_MODULE
>>Sequence Length Distribution	pass
#Length	Count
100	3.3661642E7
>>END_MODULE
>>Sequence Duplication Levels	fail
#Total Duplicate Percentage	55.337547737664956
#Duplication Level	Relative count
1	100.0
2	29.847730539296354
3	13.700085404211885
4	8.106109525694169
5	5.443997750328077
6	4.104609744412273
7	3.1880767388089235
8	2.6329493615514403
9	2.2007207282271337
10++	39.078676026412815
>>END_MODULE
>>Overrepresented sequences	pass
>>END_MODULE
>>Kmer Content	fail
#Sequence	Count	Obs/Exp Overall	Obs/Exp Max	Max Obs/Exp Position
TTTTT	31533845	8.1713505	11.468643	10-14
AAAAA	20145170	5.4719296	6.6631217	2
CTCCT	7540850	2.4962838	8.565713	1
TCCTC	7468255	2.4722524	5.1877813	2
CTCCA	7193990	2.4039977	7.9320645	1
TCCAG	6915600	2.3038583	5.080646	2
CTGGA	6898165	2.2909794	7.680876	1
GAAGA	7211345	2.249224	5.4149737	2
CTCTG	6800925	2.244416	6.217421	1
CTTCA	6774090	2.0862334	5.4601016	1
GAAAA	6764395	1.9688922	5.1544986	2
CTGAA	5986060	1.8552619	5.6430063	1
CTTTT	6489520	1.8246591	7.0907884	1
GTTTT	6307160	1.7679285	6.6771774	1
GGAAG	5231240	1.7484148	5.002003	1
CTCAG	5163730	1.7202414	6.72042	1
GGAAA	5115270	1.5954564	5.8133187	1
CTGGG	4355890	1.5502007	6.3914766	1
>>END_MODULE
