##FastQC	0.10.1
>>Basic Statistics	pass
#Measure	Value	
Filename	F_parvapinis_NA_BW_3_R1.fastq.gz	
File type	Conventional base calls	
Encoding	Sanger / Illumina 1.9	
Total Sequences	7360385	
Filtered Sequences	0	
Sequence length	100	
%GC	48	
>>END_MODULE
>>Per base sequence quality	pass
#Base	Mean	Median	Lower Quartile	Upper Quartile	10th Percentile	90th Percentile
1	30.721837104988396	33.0	31.0	34.0	26.0	34.0
2	31.042581060637453	34.0	31.0	34.0	27.0	34.0
3	30.788064618902407	34.0	31.0	34.0	27.0	34.0
4	34.26977556201204	37.0	35.0	37.0	30.0	37.0
5	32.77628480031955	37.0	35.0	37.0	22.0	37.0
6	33.149840123852215	37.0	35.0	37.0	19.0	37.0
7	33.74791685489278	37.0	35.0	37.0	28.0	37.0
8	33.86677069202222	37.0	35.0	37.0	30.0	37.0
9	35.43897635789432	39.0	35.0	39.0	30.0	39.0
10-14	35.550606877221774	39.2	35.4	39.4	29.4	39.4
15-19	36.34134703551513	40.0	36.8	41.0	28.0	41.0
20-24	36.12768783154686	40.0	36.2	41.0	27.0	41.0
25-29	35.81712576176382	40.0	36.0	41.0	26.6	41.0
30-34	35.4262852011138	40.0	35.2	41.0	25.0	41.0
35-39	35.067809958310605	39.2	35.0	41.0	24.0	41.0
40-44	34.82882952454254	39.0	35.0	41.0	23.0	41.0
45-49	34.35445102396138	38.8	34.0	41.0	21.0	41.0
50-54	33.75082610488446	38.0	33.2	40.2	18.4	41.0
55-59	33.029586169745194	36.8	32.8	40.0	13.2	41.0
60-64	32.227349683474436	35.4	32.0	39.2	8.0	41.0
65-69	31.46885637096429	35.0	31.4	37.8	3.8	40.2
70-74	30.6704693572415	35.0	31.0	36.4	2.0	39.2
75-79	29.623175526823665	34.2	30.0	35.2	2.0	37.4
80-84	29.53935279200748	35.0	30.2	35.0	2.0	36.4
85-89	29.055288520912967	34.0	30.0	35.0	2.0	35.6
90-94	28.588645811326444	34.0	29.6	35.0	2.0	35.0
95-99	28.07453547606545	34.0	29.0	35.0	2.0	35.0
100	26.98469916994831	33.0	26.0	35.0	2.0	35.0
>>END_MODULE
>>Per sequence quality scores	pass
#Quality	Count
2	202896.0
3	67238.0
4	33864.0
5	26121.0
6	25014.0
7	24791.0
8	25694.0
9	27403.0
10	29432.0
11	31197.0
12	31979.0
13	32738.0
14	33506.0
15	33693.0
16	33737.0
17	32936.0
18	32351.0
19	31393.0
20	31188.0
21	32730.0
22	35369.0
23	41188.0
24	48766.0
25	60525.0
26	74242.0
27	90048.0
28	108761.0
29	127062.0
30	151876.0
31	183567.0
32	228279.0
33	298084.0
34	413208.0
35	615625.0
36	1022201.0
37	1578514.0
38	1243241.0
39	219720.0
40	208.0
>>END_MODULE
>>Per base sequence content	fail
#Base	G	A	T	C
1	34.61868508123479	15.78774363879501	7.7980720742927705	41.79549920567743
2	23.26669489047604	18.57225385776722	38.972117122649664	19.18893412910708
3	24.13250844359807	23.356504484909948	23.110784843615786	29.4002022278762
4	26.21907690300946	29.81828285861417	19.431831614760746	24.53080862361562
5	27.940863803176146	30.979370266228834	21.545915091516115	19.5338508390789
6	22.29794463529084	33.25041199036367	23.692154004546335	20.75948936979915
7	20.17451596592052	18.8634510093898	38.19946390609113	22.762569118598545
8	20.745436228865717	21.28171238627869	30.432214033060145	27.540637351795443
9	22.307365038630298	20.6421980937675	31.176891960222484	25.87354490737972
10-14	23.93751103780126	26.97335768391913	25.34596982145514	23.74316145682447
15-19	24.36749976943851	25.53590903159308	25.88250553762088	24.21408566134753
20-24	24.170405607023014	25.890679206758744	25.812344853691755	24.12657033252649
25-29	24.188050217029105	25.851066663405113	25.818826221790975	24.142056897774804
30-34	24.0110627703637	25.978469235965324	25.698626774852336	24.31184121881864
35-39	24.18109331821821	25.93025294724523	25.62389168219637	24.264762052340195
40-44	24.484117547728797	25.811704603861013	25.35393133629324	24.35024651211695
45-49	24.314049747613232	25.873438265809128	25.48032200785667	24.33218997872097
50-54	24.397425222602266	25.88222210977144	25.311679045522617	24.408673622103674
55-59	24.66411096188114	25.57097991101908	25.28866216802842	24.47624695907136
60-64	24.644348625398376	25.50948361546214	25.308095865797082	24.5380718933424
65-69	24.539786730346545	25.639986806000902	25.27006517845335	24.550161285199206
70-74	24.776454502901107	25.636014948158987	25.056741994586744	24.53078855435316
75-79	24.683859174032264	25.537766303014546	25.200313192486206	24.578061330466987
80-84	24.673078977323414	25.491838397684475	25.19647652715114	24.638606097840967
85-89	24.683038522699917	25.649632411613126	25.021368258176977	24.645960807509976
90-94	24.6497998009695	25.55726366215034	25.079166528526525	24.713770008353627
95-99	24.419126550224053	25.58951990937347	25.206317190621103	24.78503634978137
100	24.6567579329403	25.22190439480008	24.873224177208844	25.248113495050774
>>END_MODULE
>>Per base GC content	fail
#Base	%GC
1	76.41418428691222
2	42.45562901958312
3	53.53271067147427
4	50.749885526625086
5	47.47471464225505
6	43.05743400508999
7	42.93708508451907
8	48.28607358066116
9	48.18090994601001
10-14	47.68067249462573
15-19	48.58158543078604
20-24	48.296975939549505
25-29	48.33010711480391
30-34	48.322903989182336
35-39	48.445855370558405
40-44	48.83436405984575
45-49	48.6462397263342
50-54	48.806098844705936
55-59	49.140357920952496
60-64	49.18242051874078
65-69	49.08994801554575
70-74	49.30724305725427
75-79	49.261920504499244
80-84	49.311685075164384
85-89	49.328999330209896
90-94	49.363569809323124
95-99	49.20416290000543
100	49.904871427991075
>>END_MODULE
>>Per sequence GC content	warn
#GC Content	Count
0	3775.0
1	2641.5
2	1343.5
3	1200.0
4	1183.0
5	1142.0
6	1131.0
7	1173.5
8	1252.0
9	1278.0
10	1281.0
11	1351.5
12	1435.0
13	1478.5
14	1544.0
15	1647.0
16	1818.0
17	2076.5
18	2481.5
19	3135.5
20	4324.5
21	5870.5
22	7826.0
23	10742.0
24	14245.5
25	18831.5
26	25360.0
27	33380.5
28	41637.5
29	49399.5
30	58325.5
31	70193.5
32	84269.5
33	97317.5
34	108298.5
35	119623.0
36	128515.0
37	133703.5
38	138652.5
39	145433.0
40	155115.0
41	165343.5
42	177570.5
43	192396.5
44	213994.5
45	229359.0
46	241070.0
47	254590.5
48	263623.0
49	269841.5
50	279848.0
51	290596.5
52	298173.0
53	303949.5
54	292365.0
55	280634.5
56	269625.0
57	249680.5
58	228538.5
59	209668.0
60	186738.0
61	156803.0
62	131247.0
63	111601.0
64	94147.0
65	77928.0
66	67384.5
67	60417.5
68	51908.5
69	41166.0
70	30974.0
71	22966.5
72	17016.5
73	15961.0
74	16734.5
75	16052.5
76	13268.5
77	10190.5
78	6911.0
79	4229.5
80	3911.0
81	4192.0
82	4377.5
83	4205.0
84	4304.0
85	3534.5
86	2278.5
87	1610.5
88	985.5
89	679.0
90	554.5
91	433.5
92	344.0
93	301.0
94	208.0
95	135.0
96	108.5
97	76.0
98	47.0
99	29.0
100	11.0
>>END_MODULE
>>Per base N content	pass
#Base	N-Count
1	0.017444739643374632
2	0.002296075544961303
3	0.005040497202252327
4	0.008083816267763168
5	3.445526287008085
6	0.038177350777167225
7	0.0470763417946208
8	0.05317656617147065
9	0.0470763417946208
10-14	0.05227172219931431
15-19	0.030721219066665667
20-24	0.026188847458387024
25-29	0.026153523219233775
30-34	0.0499213016710403
35-39	0.04775565408602947
40-44	0.03880503533442884
45-49	0.02927292526138239
50-54	0.015159533095075868
55-59	0.005162773414705888
60-64	0.004814965521504649
65-69	9.401682113095985E-4
70-74	0.003094946799657898
75-79	0.004219887954230655
80-84	0.005385587846287932
85-89	0.0022933582957956685
90-94	0.009632648292174934
95-99	0.017711030061606833
100	0.004700841056547993
>>END_MODULE
>>Sequence Length Distribution	pass
#Length	Count
100	7360385.0
>>END_MODULE
>>Sequence Duplication Levels	warn
#Total Duplicate Percentage	41.96087745055704
#Duplication Level	Relative count
1	100.0
2	17.267701831005827
3	6.380620056991079
4	3.5749626135543537
5	2.4299329648009405
6	1.797525426503084
7	1.4686735065881986
8	1.158421808387956
9	0.999947919379199
10++	13.723987589932072
>>END_MODULE
>>Overrepresented sequences	warn
#Sequence	Count	Percentage	Possible Source
GATCGGAAGAGCACACGTCTGAACTCCAGTCACTAATGCGCATCTCGTAT	8662	0.1176840613636379	TruSeq Adapter, Index 3 (97% over 36bp)
TTTTTTTTTTTTTTTTTTTTTTTTTTTTTTTTTTTTTTTTTTTTTTTTTT	8203	0.11144797452850633	No Hit
>>END_MODULE
>>Kmer Content	fail
#Sequence	Count	Obs/Exp Overall	Obs/Exp Max	Max Obs/Exp Position
TTTTT	4437655	5.897726	10.064483	2
AAAAA	3530315	4.5739436	6.6068225	2
CTCCA	1488040	2.1982872	6.8888135	1
CTCCT	1409240	2.0925004	6.810511	1
CTGGA	1366185	2.030451	6.5749464	1
CTCTG	1363010	2.0299542	5.2008653	1
GAAAA	1458730	1.9770579	5.2764487	2
CTGCA	1330295	1.9711715	5.2678304	1
CTTTT	1353290	1.8662584	5.8257747	1
CTGAA	1307915	1.8582124	5.565538	1
GTTTT	1283830	1.775804	7.3724504	1
CTTTG	1195685	1.7161454	5.057035	1
CTCAG	1105440	1.6379914	5.461928	1
GGAAA	1148650	1.6285436	6.365074	1
CTGGG	942685	1.4656044	5.6020317	1
>>END_MODULE
