##FastQC	0.10.1
>>Basic Statistics	pass
#Measure	Value	
Filename	L_goodei_NA_FW_3_R1.fastq.gz	
File type	Conventional base calls	
Encoding	Sanger / Illumina 1.9	
Total Sequences	8110153	
Filtered Sequences	0	
Sequence length	100	
%GC	50	
>>END_MODULE
>>Per base sequence quality	pass
#Base	Mean	Median	Lower Quartile	Upper Quartile	10th Percentile	90th Percentile
1	30.298296591938524	31.0	30.0	34.0	26.0	34.0
2	30.586465754715107	31.0	30.0	34.0	27.0	34.0
3	29.173588956953093	31.0	30.0	34.0	16.0	34.0
4	32.906626669065304	37.0	33.0	37.0	19.0	37.0
5	33.61666777433175	37.0	35.0	37.0	28.0	37.0
6	31.06019393222298	37.0	32.0	37.0	10.0	37.0
7	31.90082233960321	37.0	32.0	37.0	17.0	37.0
8	33.02900796076227	37.0	33.0	37.0	27.0	37.0
9	34.73590905128424	38.0	35.0	39.0	27.0	39.0
10-14	34.373670755656526	38.8	34.2	39.4	21.6	39.4
15-19	35.520353635745224	39.4	34.8	41.0	27.0	41.0
20-24	35.450467309309694	39.6	35.0	41.0	26.2	41.0
25-29	35.058456628376796	39.0	34.2	41.0	24.6	41.0
30-34	34.60508666112711	39.0	33.6	41.0	23.0	41.0
35-39	34.216130546489076	38.2	33.0	40.4	20.8	41.0
40-44	33.86716983021159	38.0	33.0	40.0	18.4	41.0
45-49	33.35813149271043	37.8	32.8	40.0	15.6	41.0
50-54	32.628181860440854	36.6	31.8	40.0	9.2	41.0
55-59	31.907480315106262	35.4	31.0	39.4	4.8	41.0
60-64	31.074209944004753	35.0	30.4	38.4	2.0	40.4
65-69	30.347134141612365	35.0	30.0	36.8	2.0	39.8
70-74	29.574218612151952	34.2	29.2	35.6	2.0	38.8
75-79	28.583488326299147	33.6	28.4	35.0	2.0	36.4
80-84	28.508801375263822	34.0	29.0	35.0	2.0	36.0
85-89	28.016803973981744	34.0	28.2	35.0	2.0	35.0
90-94	27.557590343856646	34.0	27.0	35.0	2.0	35.0
95-99	26.942956637192914	33.8	26.8	35.0	2.0	35.0
100	25.80123013708866	33.0	24.0	35.0	2.0	35.0
>>END_MODULE
>>Per sequence quality scores	pass
#Quality	Count
2	234862.0
3	77602.0
4	41945.0
5	32034.0
6	33086.0
7	33966.0
8	34937.0
9	37841.0
10	40315.0
11	42373.0
12	43968.0
13	45021.0
14	45447.0
15	45961.0
16	45548.0
17	44281.0
18	43081.0
19	41959.0
20	41909.0
21	42783.0
22	46501.0
23	53594.0
24	66078.0
25	83001.0
26	107461.0
27	140600.0
28	172092.0
29	184305.0
30	220029.0
31	254776.0
32	301593.0
33	392788.0
34	540135.0
35	785454.0
36	1172670.0
37	1447477.0
38	936445.0
39	156038.0
40	197.0
>>END_MODULE
>>Per base sequence content	fail
#Base	G	A	T	C
1	36.041310585936316	14.574566727504104	7.599261267896949	41.78486141866263
2	25.099922094429246	17.57895183344435	36.30792947511276	21.013196597013646
3	25.293808635748643	22.496557012170765	21.888840514840872	30.32079383723972
4	27.747258946688262	28.80303690765164	18.56120519411337	24.888498951546723
5	29.266607364596865	29.859126547846298	21.05773911126069	19.81652697629615
6	22.617900943116794	34.791639830368545	22.208594354407527	20.38186487210713
7	21.36817359364651	18.944641308785386	36.929771438650064	22.75741365891804
8	21.60782320405463	21.056245529586228	29.836690134321785	27.49924113203735
9	23.148592861750533	20.145369955806842	30.889376497824877	25.816660684617748
10-14	24.78035363598626	26.332727414046126	24.719121879601563	24.167797070366056
15-19	25.13844745907982	24.86552994158857	25.30195624227814	24.694066357053465
20-24	24.880117139650448	25.20259105819137	25.25028275632364	24.667009045834543
25-29	24.94659762754286	25.21364463635517	25.205421582340037	24.634336153761936
30-34	24.778991691399536	25.181000135017563	25.14617631024209	24.89383186334081
35-39	24.913688772562512	25.19065440568844	25.03389848864659	24.86175833310246
40-44	25.099951918489754	25.122512635333464	24.858639077174423	24.918896369002354
45-49	25.065644881662607	25.162055097697266	24.804920204001817	24.96737981663831
50-54	25.05548302461527	25.245763389715414	24.755202218763568	24.943551366905744
55-59	25.248481127449363	24.93885692713308	24.67393649327744	25.138725452140115
60-64	25.305193373850027	24.846057395782843	24.712856591630864	25.13589263873627
65-69	25.211600743695083	25.015849587195564	24.62762717943538	25.14492248967397
70-74	25.365516617534894	25.020895471446032	24.621731053555933	24.991856857463144
75-79	25.356518253073627	24.885437699800903	24.60684962897835	25.151194418147117
80-84	25.314192395056356	24.855958494482692	24.622390205259006	25.20745890520194
85-89	25.30246675281271	25.001278676320194	24.439361469736458	25.256893101130647
90-94	25.21968161401511	24.920776407728447	24.498524341132732	25.361017637123712
95-99	25.06907629699891	24.993712039917355	24.562031278115295	25.375180384968438
100	25.332598329840216	24.595005059315152	24.084633925714087	25.987762685130544
>>END_MODULE
>>Per base GC content	fail
#Base	%GC
1	77.82617200459894
2	46.11311869144289
3	55.61460247298836
4	52.63575789823498
5	49.08313434089301
6	42.99976581522393
7	44.12558725256454
8	49.10706433609198
9	48.96525354636828
10-14	48.94815070635231
15-19	49.832513816133286
20-24	49.54712618548499
25-29	49.5809337813048
30-34	49.67282355474035
35-39	49.77544710566498
40-44	50.01884828749211
45-49	50.03302469830092
50-54	49.999034391521015
55-59	50.387206579589474
60-64	50.44108601258629
65-69	50.35652323336905
70-74	50.357373474998035
75-79	50.50771267122075
80-84	50.5216513002583
85-89	50.559359853943356
90-94	50.580699251138824
95-99	50.444256681967346
100	51.320361014970764
>>END_MODULE
>>Per sequence GC content	pass
#GC Content	Count
0	7693.0
1	5170.0
2	2228.0
3	1756.5
4	1626.5
5	1462.0
6	1378.5
7	1352.0
8	1310.0
9	1354.5
10	1439.0
11	1467.5
12	1491.0
13	1576.5
14	1666.5
15	1760.5
16	1956.5
17	2301.5
18	2886.5
19	3745.0
20	4905.0
21	6618.5
22	9033.0
23	12381.5
24	16707.5
25	22127.5
26	28852.0
27	36628.0
28	45205.5
29	54786.0
30	64669.5
31	74874.0
32	85810.5
33	95795.0
34	105366.0
35	115536.5
36	123508.0
37	130699.0
38	138646.0
39	146809.0
40	155834.5
41	166305.5
42	175911.0
43	186992.5
44	204439.5
45	221071.0
46	236331.0
47	251347.5
48	260650.0
49	269646.5
50	281462.5
51	298938.5
52	312470.5
53	308868.0
54	296929.5
55	296573.5
56	295332.5
57	277124.5
58	258110.0
59	243116.0
60	229870.0
61	209899.0
62	182592.0
63	159175.5
64	144522.0
65	131787.5
66	113445.0
67	97829.5
68	87212.0
69	71786.0
70	56257.5
71	45528.0
72	36447.5
73	31354.5
74	30574.0
75	27543.0
76	22379.0
77	16403.5
78	11834.5
79	10612.5
80	9059.0
81	8477.0
82	7279.0
83	4191.0
84	2112.5
85	1352.0
86	849.0
87	504.5
88	323.5
89	234.0
90	169.5
91	114.0
92	79.0
93	54.0
94	39.0
95	28.0
96	19.0
97	13.5
98	9.0
99	4.5
100	1.5
>>END_MODULE
>>Per base N content	pass
#Base	N-Count
1	0.027212803506912877
2	0.004130624909295793
3	3.225487854544791
4	0.007250171482584854
5	0.01708968992323573
6	2.173164920563151
7	0.03061594522322822
8	0.033069659721586014
9	0.03160236311201527
10-14	0.9462188937742606
15-19	0.022717203978765876
20-24	0.017314099992934782
25-29	0.015333866081194768
30-34	0.037725552156660916
35-39	0.038894457354873575
40-44	0.027799722150741175
45-49	0.02066792081481077
50-54	0.015738297415597464
55-59	0.003967865957645929
60-64	0.005452424880270446
65-69	0.0020048943589596894
70-74	0.0032280525410556373
75-79	0.004066507746524634
80-84	0.0028803402352582004
85-89	0.0025128995716850225
90-94	0.01018723074644831
95-99	0.022194402497708737
100	0.016621141426061876
>>END_MODULE
>>Sequence Length Distribution	pass
#Length	Count
100	8110153.0
>>END_MODULE
>>Sequence Duplication Levels	warn
#Total Duplicate Percentage	39.65620166016689
#Duplication Level	Relative count
1	100.0
2	15.751050647718904
3	6.038155481420505
4	3.4364484496627816
5	2.2738760596739023
6	1.6925898646794622
7	1.3546495674653034
8	1.0939733980330142
9	0.8816775702959144
10++	11.896509394451424
>>END_MODULE
>>Overrepresented sequences	warn
#Sequence	Count	Percentage	Possible Source
TTTTTTTTTTTTTTTTTTTTTTTTTTTTTTTTTTTTTTTTTTTTTTTTTT	11280	0.13908492231897474	No Hit
>>END_MODULE
>>Kmer Content	fail
#Sequence	Count	Obs/Exp Overall	Obs/Exp Max	Max Obs/Exp Position
TTTTT	5593790	7.664416	11.185616	2
AAAAA	4130820	5.5490017	7.7424884	2
GAAGA	1651055	2.1715624	5.089399	2
CTCCT	1632880	2.1685245	6.630874	1
CTCCA	1618355	2.1407454	6.325703	1
GAAAA	1536250	2.0420039	5.377101	2
CTGGA	1546395	2.028841	6.036839	1
CTTTT	1408970	1.9105294	5.623784	1
GTTTT	1375175	1.8570693	7.1802025	1
GGAAA	1208180	1.5890677	6.187686	1
CTGGG	1081265	1.4037049	5.20337	1
>>END_MODULE
