##FastQC	0.10.1
>>Basic Statistics	pass
#Measure	Value	
Filename	F_notatus_NA_BW_2_R1.fastq.gz	
File type	Conventional base calls	
Encoding	Sanger / Illumina 1.9	
Total Sequences	10558419	
Filtered Sequences	0	
Sequence length	100	
%GC	49	
>>END_MODULE
>>Per base sequence quality	pass
#Base	Mean	Median	Lower Quartile	Upper Quartile	10th Percentile	90th Percentile
1	30.898377588538587	31.0	31.0	34.0	27.0	34.0
2	31.182670151658122	33.0	31.0	34.0	27.0	34.0
3	29.71775045108553	33.0	31.0	34.0	22.0	34.0
4	33.49283439120952	37.0	35.0	37.0	22.0	37.0
5	34.273089938938774	37.0	35.0	37.0	30.0	37.0
6	31.672181412766438	37.0	33.0	37.0	10.0	37.0
7	32.57508752020544	37.0	33.0	37.0	17.0	37.0
8	33.80490942820133	37.0	33.0	37.0	28.0	37.0
9	35.61669289691951	39.0	35.0	39.0	30.0	39.0
10-14	35.27061470093202	39.2	35.0	39.4	25.2	39.4
15-19	36.57785147568021	40.0	36.0	41.0	29.8	41.0
20-24	36.6084436883969	40.0	36.2	41.0	30.0	41.0
25-29	36.31923451797091	40.0	36.0	41.0	29.4	41.0
30-34	35.96605995651432	40.0	35.4	41.0	28.0	41.0
35-39	35.71472016785847	39.2	35.0	41.0	27.2	41.0
40-44	35.50304019948441	39.0	35.0	41.0	27.0	41.0
45-49	35.129543087842976	39.0	34.4	41.0	26.4	41.0
50-54	34.50761364935413	38.0	33.4	40.0	24.6	41.0
55-59	33.85276566501102	37.0	33.0	40.0	23.4	41.0
60-64	33.05112538155571	35.6	32.4	39.2	22.2	41.0
65-69	32.3074231473481	35.0	32.0	38.2	20.8	40.0
70-74	31.487160018938443	35.0	31.2	36.6	18.6	39.2
75-79	30.424611752952785	34.4	30.4	35.2	14.2	37.4
80-84	30.317048357334563	34.6	31.0	35.0	9.4	36.4
85-89	29.841710297725445	34.0	30.4	35.0	3.6	35.6
90-94	29.446358455749863	34.0	30.0	35.0	2.0	35.0
95-99	28.921117546102312	34.0	30.0	35.0	2.0	35.0
100	27.855430533681226	33.0	28.0	35.0	2.0	35.0
>>END_MODULE
>>Per sequence quality scores	pass
#Quality	Count
2	191258.0
3	65505.0
4	35754.0
5	26508.0
6	25824.0
7	27206.0
8	28469.0
9	30838.0
10	34418.0
11	36525.0
12	38280.0
13	40066.0
14	40931.0
15	42394.0
16	42520.0
17	42445.0
18	41769.0
19	41143.0
20	40627.0
21	41693.0
22	45069.0
23	52963.0
24	65173.0
25	83430.0
26	111030.0
27	154368.0
28	201053.0
29	206430.0
30	252573.0
31	300785.0
32	350337.0
33	468590.0
34	657891.0
35	972269.0
36	1558365.0
37	2212666.0
38	1658762.0
39	292160.0
40	332.0
>>END_MODULE
>>Per base sequence content	fail
#Base	G	A	T	C
1	36.876393890127375	14.820972425500745	8.157574846943866	40.14505883742802
2	24.798403480972194	18.809392335837284	36.01442322719235	20.37778095599817
3	24.901832370905595	23.57605466720262	23.226512024627695	28.295600937264094
4	26.88850900413996	29.71339665840342	19.48457355979415	23.913520777662473
5	28.41867834953166	30.610949057849712	21.66417547865812	19.306197113960508
6	21.571882672129732	35.36687027062157	22.653777246215284	20.407469811033412
7	20.5927521628194	18.91736057398796	37.631769125447505	22.858118137745134
8	21.23973119924813	21.372407278804513	29.89209883818426	27.495762683763097
9	22.222666450910477	20.45639634361472	31.39673205165567	25.92420515381913
10-14	24.420715263342714	26.64897035343153	25.19121351940442	23.73910086382133
15-19	24.621987544427988	25.32323136423097	25.71069956648222	24.344081524858822
20-24	24.41377551149934	25.76747304224261	25.639380096147292	24.179371350110753
25-29	24.47468700492047	25.73908779654946	25.524357209710697	24.26186798881938
30-34	24.32820301053674	25.78037515947342	25.561744556093046	24.329677273896795
35-39	24.328065646510964	25.80582957611181	25.570477102530763	24.295627674846457
40-44	24.460394127686904	25.752658388786877	25.487067248888508	24.29988023463772
45-49	24.446326135917133	25.706121376703717	25.439544979694155	24.408007507684992
50-54	24.424322876390107	25.77927486194832	25.460343720330453	24.33605854133112
55-59	24.516256915953356	25.591206818304002	25.41327316728112	24.47926309846152
60-64	24.45610183688702	25.58672320903809	25.433616139906796	24.523558814168094
65-69	24.443585167307326	25.747095492893575	25.402541483142354	24.40677785665675
70-74	24.548216786233063	25.680225943794326	25.342894250201276	24.42866301977133
75-79	24.504453392672755	25.561106260663696	25.38026360629429	24.554176740369265
80-84	24.504583268707062	25.66258251357417	25.342177642322966	24.490656575395807
85-89	24.640718004234643	25.589004897162432	25.2406485792262	24.52962851937673
90-94	24.47252950079879	25.566778628388303	25.2872086882493	24.673483182563608
95-99	24.49305629117736	25.645289658558077	25.379315759589165	24.482338290675397
100	24.847050269059856	25.337171447590045	24.95238748408219	24.863390799267908
>>END_MODULE
>>Per base GC content	fail
#Base	%GC
1	77.0214527275554
2	45.17618443697036
3	53.197433308169686
4	50.80202978180244
5	47.72487546349217
6	41.97935248316315
7	43.45087030056454
8	48.73549388301123
9	48.146871604729604
10-14	48.15981612716405
15-19	48.96606906928681
20-24	48.593146861610094
25-29	48.736554993739844
30-34	48.65788028443354
35-39	48.62369332135742
40-44	48.760274362324616
45-49	48.85433364360212
50-54	48.76038141772123
55-59	48.99552001441488
60-64	48.97966065105512
65-69	48.85036302396408
70-74	48.97687980600439
75-79	49.058630133042016
80-84	48.99523984410287
85-89	49.17034652361137
90-94	49.14601268336239
95-99	48.975394581852754
100	49.71044106832776
>>END_MODULE
>>Per sequence GC content	warn
#GC Content	Count
0	344.0
1	342.5
2	329.0
3	322.5
4	301.0
5	292.5
6	302.0
7	323.5
8	362.0
9	411.5
10	477.5
11	548.0
12	618.0
13	696.0
14	851.0
15	1080.0
16	1351.5
17	1730.5
18	2304.0
19	3236.5
20	4590.0
21	6758.0
22	9844.0
23	13813.0
24	18992.5
25	25554.0
26	33959.5
27	43579.0
28	54431.5
29	67933.5
30	83990.5
31	100866.0
32	118771.0
33	134390.0
34	150030.5
35	166387.5
36	179919.5
37	194764.5
38	210277.5
39	224478.5
40	238746.5
41	250332.0
42	262596.0
43	279944.5
44	296121.0
45	311826.5
46	329102.5
47	346115.5
48	367241.0
49	387982.5
50	403508.5
51	414952.0
52	427576.0
53	434871.0
54	431219.0
55	423854.0
56	409733.0
57	384712.5
58	353573.5
59	320620.5
60	282616.5
61	243334.5
62	207495.5
63	176248.5
64	148385.0
65	122490.5
66	99806.0
67	81147.5
68	65617.0
69	50997.0
70	37848.0
71	27874.0
72	20538.0
73	15461.0
74	11685.5
75	8866.5
76	6664.5
77	4689.0
78	3205.5
79	2274.0
80	1756.5
81	1455.0
82	1196.0
83	966.0
84	614.0
85	346.0
86	254.0
87	176.5
88	122.5
89	85.5
90	58.0
91	46.0
92	32.0
93	19.0
94	14.5
95	7.5
96	4.5
97	4.5
98	2.5
99	1.5
100	2.0
>>END_MODULE
>>Per base N content	pass
#Base	N-Count
1	0.028204980310025583
2	0.004252530610880284
3	3.39557465942581
4	0.007870496520359725
5	0.017767811639223637
6	2.3600976623488803
7	0.03044963455229424
8	0.03209760855294718
9	0.03120732374799674
10-14	0.9625209986457254
15-19	0.022772348776838654
20-24	0.01767120626677157
25-29	0.01568037790506325
30-34	0.03784089265637213
35-39	0.03903614736259283
40-44	0.027905693077723098
45-49	0.020794779976055125
50-54	0.016292211930593017
55-59	0.004154031015438959
60-64	0.005479987107918334
65-69	0.0018033002857719511
70-74	0.0030705354655843837
75-79	0.0037979170934587837
80-84	0.002627287286098421
85-89	0.0025003743458182517
90-94	0.010046958735015158
95-99	0.022215447217997317
100	0.0174836781908352
>>END_MODULE
>>Sequence Length Distribution	pass
#Length	Count
100	1.0558419E7
>>END_MODULE
>>Sequence Duplication Levels	warn
#Total Duplicate Percentage	40.86016462256408
#Duplication Level	Relative count
1	100.0
2	20.5622744755938
3	7.936079939727983
4	4.5013680161782785
5	2.996946746500654
6	2.283199175225029
7	1.8375034696062493
8	1.5179031682461637
9	1.2300249811649946
10++	15.745271422340299
>>END_MODULE
>>Overrepresented sequences	pass
>>END_MODULE
>>Kmer Content	warn
#Sequence	Count	Obs/Exp Overall	Obs/Exp Max	Max Obs/Exp Position
AAAAA	4495925	4.1035647	6.8277016	2
TTTTT	4320370	4.020051	6.617732	2
CTCCT	2428175	2.5365415	6.2482963	1
CTCCA	2315330	2.4093573	6.1228504	1
TCCAG	2256910	2.3421133	5.3284135	7
CTGGA	2232000	2.3099	6.599683	1
GAAGA	2201420	2.175225	5.386589	2
GGAGA	1955195	2.010115	5.01877	1
GAAAA	2042285	1.9394925	5.4112825	2
GTTTT	1875680	1.8089442	7.447436	1
CTCAG	1672835	1.7359883	5.0495143	1
GGAAG	1652640	1.6990613	5.229835	1
GGAAA	1634020	1.6145766	6.478667	1
CTGGG	1434730	1.5448941	5.3534284	1
>>END_MODULE
