##FastQC	0.10.1
>>Basic Statistics	pass
#Measure	Value	
Filename	F_heteroclitus_MDPP_BW_1_R2.fastq.gz	
File type	Conventional base calls	
Encoding	Sanger / Illumina 1.9	
Total Sequences	19773376	
Filtered Sequences	0	
Sequence length	100	
%GC	49	
>>END_MODULE
>>Per base sequence quality	fail
#Base	Mean	Median	Lower Quartile	Upper Quartile	10th Percentile	90th Percentile
1	28.98951833010205	31.0	30.0	34.0	22.0	34.0
2	28.86584390040426	31.0	30.0	34.0	16.0	34.0
3	28.956598256160202	31.0	30.0	34.0	16.0	34.0
4	32.262790582650126	35.0	33.0	37.0	20.0	37.0
5	32.213546336245265	35.0	33.0	37.0	20.0	37.0
6	32.095136611977644	35.0	32.0	37.0	18.0	37.0
7	32.06906857989248	35.0	33.0	37.0	18.0	37.0
8	31.992430174796656	35.0	33.0	37.0	17.0	37.0
9	33.3157982733955	38.0	33.0	39.0	17.0	39.0
10-14	33.39036076591069	38.2	33.0	39.4	17.0	39.4
15-19	33.941205335902175	39.0	33.0	41.0	15.6	41.0
20-24	33.61904457792134	39.0	33.0	41.0	10.0	41.0
25-29	33.35084227397486	38.0	32.6	40.6	8.8	41.0
30-34	32.94898753758589	38.0	32.0	40.0	4.2	41.0
35-39	32.46213185851521	38.0	31.2	40.0	2.0	41.0
40-44	31.925042026207358	37.6	30.6	40.0	2.0	41.0
45-49	31.42959763674144	37.0	30.0	40.0	2.0	41.0
50-54	30.514766401043506	35.6	29.0	39.2	2.0	40.4
55-59	30.445703626937558	35.2	29.0	39.2	2.0	41.0
60-64	29.656716324010624	35.0	28.2	38.4	2.0	40.6
65-69	28.81618659352859	34.4	27.4	36.8	2.0	39.8
70-74	28.139254591628664	34.0	26.4	35.6	2.0	38.8
75-79	27.41804864278108	34.0	25.8	35.0	2.0	37.0
80-84	26.78602208343178	33.8	24.8	35.0	2.0	36.0
85-89	26.231516327813722	33.0	23.8	35.0	2.0	35.0
90-94	25.700766930239933	33.0	21.0	35.0	2.0	35.0
95-99	25.012635282917795	33.0	10.8	35.0	2.0	35.0
100	23.67287558786117	31.0	2.0	34.0	2.0	35.0
>>END_MODULE
>>Per sequence quality scores	pass
#Quality	Count
2	1221497.0
3	177027.0
4	117261.0
5	98762.0
6	101791.0
7	101064.0
8	105468.0
9	114328.0
10	121420.0
11	125867.0
12	123432.0
13	121906.0
14	123987.0
15	125536.0
16	125655.0
17	122984.0
18	120834.0
19	120851.0
20	122546.0
21	129376.0
22	142441.0
23	163615.0
24	196607.0
25	236439.0
26	281172.0
27	329144.0
28	379358.0
29	442469.0
30	516774.0
31	616758.0
32	755574.0
33	945644.0
34	1245280.0
35	1732958.0
36	2531043.0
37	3186556.0
38	2152276.0
39	397082.0
40	594.0
>>END_MODULE
>>Per base sequence content	fail
#Base	G	A	T	C
1	39.446553018184524	13.510848126232741	8.217285893257198	38.82531296232553
2	27.391751548182725	16.48973766091151	34.88842066457706	21.230090126328705
3	26.900369222182967	21.015157811270615	21.67010878281378	30.414364183732634
4	29.336136684146037	26.655269305534713	18.926174707167487	25.08241930315176
5	30.539298007890313	27.890416004881736	21.8076734500571	19.762612537170853
6	24.032728499679664	31.93148610643608	23.129720332631777	20.90606506125248
7	21.635389374784392	19.05763752072838	36.92030233203194	22.386670772455286
8	21.514854656482417	21.111207968732266	30.41831412457825	26.95562325020707
9	22.66690559880326	20.133449197206236	31.786242689617644	25.413402514372862
10-14	24.645191521350696	25.981340415326333	25.7522516795548	23.62121638376817
15-19	24.93850704448556	24.676347725963375	26.140006664844446	24.24513856470662
20-24	24.79639367079128	25.095146316610258	25.980097445694998	24.128362566903466
25-29	24.693872634279945	25.203500485700754	25.868108580798317	24.23451829922099
30-34	24.613479424287256	25.16516733333953	25.8440395389947	24.377313703378515
35-39	24.685908727385055	25.22133859774745	25.739473915724865	24.353278759142633
40-44	24.918518752688463	25.087188577600124	25.59169633635135	24.402596333360062
45-49	24.814485560636214	25.132947739640006	25.5579164535035	24.49465024622028
50-54	24.716005209566372	25.2801910719411	25.578305864461658	24.42549785403087
55-59	25.00030433768788	24.985400645361857	25.399777531427002	24.614517485523265
60-64	24.893567186224097	25.05142754144223	25.378378815429137	24.676626456904536
65-69	24.804167239186835	25.14664923486733	25.400510724251006	24.648672801694822
70-74	25.053293777065853	25.18968452287761	25.244835782132146	24.51218591792439
75-79	24.94767942112142	25.076198443935265	25.30685472464048	24.669267410302833
80-84	24.937914645531418	25.170313427426592	25.288257967272624	24.603513959769362
85-89	25.10032557043441	25.187838399621064	25.08601351429715	24.62582251564737
90-94	24.946012376377556	25.147563945118257	25.104751678888938	24.801671999615245
95-99	24.96397916222235	25.245918678947827	25.112153594086795	24.677948564743026
100	25.513001405294787	24.748978611348566	24.65351813445498	25.08450184890167
>>END_MODULE
>>Per base GC content	fail
#Base	%GC
1	78.27186598051006
2	48.62184167451143
3	57.3147334059156
4	54.4185559872978
5	50.30191054506117
6	44.93879356093215
7	44.02206014723968
8	48.47047790668948
9	48.08030811317612
10-14	48.26640790511887
15-19	49.18364560919218
20-24	48.924756237694744
25-29	48.92839093350093
30-34	48.990793127665775
35-39	49.03918748652769
40-44	49.32111508604853
45-49	49.30913580685649
50-54	49.14150306359724
55-59	49.614821823211145
60-64	49.57019364312863
65-69	49.452840040881654
70-74	49.565479694990245
75-79	49.61694683142426
80-84	49.54142860530078
85-89	49.726148086081785
90-94	49.747684375992804
95-99	49.64192772696538
100	50.597503254196454
>>END_MODULE
>>Per sequence GC content	fail
#GC Content	Count
0	69037.0
1	42428.0
2	13967.5
3	11761.5
4	10651.5
5	9371.0
6	8765.5
7	8744.0
8	8654.5
9	8588.0
10	8679.5
11	8604.0
12	8594.5
13	8780.0
14	8933.0
15	9300.0
16	9806.0
17	10503.5
18	11670.5
19	13507.5
20	16377.5
21	20270.0
22	25862.0
23	33201.5
24	43427.0
25	57446.0
26	74198.0
27	94082.5
28	116610.0
29	138936.0
30	161459.5
31	186640.5
32	210253.0
33	231129.0
34	255668.5
35	284886.5
36	308540.5
37	327191.0
38	346637.0
39	365403.0
40	379390.0
41	392559.0
42	410631.0
43	435886.0
44	471544.5
45	501786.0
46	533907.5
47	572627.5
48	603142.5
49	629868.0
50	661962.0
51	699874.5
52	738665.0
53	764628.5
54	774800.0
55	783200.0
56	769659.0
57	742291.5
58	711435.0
59	655459.0
60	592282.0
61	532724.5
62	467259.5
63	403597.5
64	342816.0
65	288773.5
66	246096.0
67	212137.0
68	182884.5
69	150922.5
70	118624.5
71	88071.0
72	65902.0
73	54198.5
74	46206.0
75	41076.5
76	34080.0
77	26361.0
78	19644.5
79	12590.5
80	10359.0
81	9379.5
82	9103.0
83	8660.5
84	6451.5
85	4712.5
86	3274.5
87	2132.5
88	1632.0
89	1342.0
90	956.0
91	597.0
92	435.5
93	310.5
94	171.0
95	84.0
96	62.5
97	43.5
98	25.0
99	14.5
100	12.5
>>END_MODULE
>>Per base N content	pass
#Base	N-Count
1	0.03267019248508702
2	0.3496873776132108
3	0.0694317449888173
4	0.040367411209901644
5	0.05009766668069226
6	0.0415558779643901
7	0.04758924323292087
8	0.039563299661120085
9	0.03869850044827954
10-14	0.05425578312980039
15-19	0.050441563443693174
20-24	0.09561644910813409
25-29	0.03793889318647458
30-34	0.0589661573218453
35-39	0.044356613660712266
40-44	0.04713003990820789
45-49	0.042438883476448336
50-54	0.04301946212927929
55-59	0.046255126084690845
60-64	0.04780367297926262
65-69	0.04260577455261054
70-74	0.03728346641463754
75-79	0.04151339659954881
80-84	0.05067116510604967
85-89	0.05571329852828369
90-94	0.04052216475325205
95-99	0.04262094646862529
100	0.04110577778928595
>>END_MODULE
>>Sequence Length Distribution	pass
#Length	Count
100	1.9773376E7
>>END_MODULE
>>Sequence Duplication Levels	fail
#Total Duplicate Percentage	54.241411835227126
#Duplication Level	Relative count
1	100.0
2	26.29890770386638
3	11.12716484617311
4	6.277331483943054
5	4.301758847213392
6	3.2200581787358646
7	2.642123716503882
8	2.131614941532297
9	1.821456780134466
10++	34.82440424589185
>>END_MODULE
>>Overrepresented sequences	warn
#Sequence	Count	Percentage	Possible Source
TTTTTTTTTTTTTTTTTTTTTTTTTTTTTTTTTTTTTTTTTTTTTTTTTT	126217	0.6383179078777443	No Hit
>>END_MODULE
>>Kmer Content	fail
#Sequence	Count	Obs/Exp Overall	Obs/Exp Max	Max Obs/Exp Position
TTTTT	25725210	12.591797	17.001482	2
AAAAA	12584005	6.9692492	8.69246	75-79
GGGGG	4398990	2.3465269	6.276171	1
CTCCT	4284325	2.3430285	6.2865815	1
GAAGA	4221675	2.303213	5.4060445	2
CTCCA	3988735	2.235929	5.713852	1
CTGGA	3855465	2.077429	5.7976184	1
GTTTT	3504680	1.745203	6.355646	1
GGAAG	3174995	1.7192277	5.1394	1
GGAAA	2980335	1.6259768	5.8709416	1
GGGAG	2822070	1.5166984	5.6585264	1
CTGGG	2736405	1.4634264	5.5895085	1
GGGGA	2603065	1.398996	5.368498	1
>>END_MODULE
