##FastQC	0.10.1
>>Basic Statistics	pass
#Measure	Value	
Filename	F_notatus_NA_BW_1_R1.fastq.gz	
File type	Conventional base calls	
Encoding	Sanger / Illumina 1.9	
Total Sequences	32171453	
Filtered Sequences	0	
Sequence length	100	
%GC	49	
>>END_MODULE
>>Per base sequence quality	pass
#Base	Mean	Median	Lower Quartile	Upper Quartile	10th Percentile	90th Percentile
1	30.518476116077196	31.0	30.0	34.0	26.0	34.0
2	30.825720523098536	31.0	31.0	34.0	27.0	34.0
3	30.396798148967658	31.0	31.0	34.0	26.0	34.0
4	32.1253242121206	37.0	33.0	37.0	19.0	37.0
5	33.20524388500575	37.0	33.0	37.0	22.0	37.0
6	33.670344046941246	37.0	35.0	37.0	28.0	37.0
7	33.83423369158987	37.0	35.0	37.0	30.0	37.0
8	33.833652959348775	37.0	35.0	37.0	30.0	37.0
9	35.35827042067388	39.0	35.0	39.0	30.0	39.0
10-14	35.450192709667164	39.2	35.2	39.4	29.0	39.4
15-19	35.65886874926041	39.2	35.4	41.0	24.4	41.0
20-24	35.91355099193064	39.0	36.0	41.0	27.0	41.0
25-29	35.60224781268039	39.0	35.0	41.0	26.6	41.0
30-34	35.21627272476627	39.0	35.0	41.0	25.2	41.0
35-39	34.84507069046585	39.0	34.0	41.0	24.0	41.0
40-44	34.62257012762215	38.6	34.0	40.8	23.6	41.0
45-49	34.155408771869894	38.0	33.2	40.0	22.2	41.0
50-54	33.49353581263488	37.4	33.0	40.0	19.4	41.0
55-59	32.10365322946402	36.0	31.2	39.6	11.2	41.0
60-64	31.906281777201674	35.0	31.0	38.8	10.8	40.6
65-69	31.18165638959484	35.0	31.0	37.4	7.0	40.0
70-74	30.41393721943488	34.8	30.0	36.2	2.0	39.0
75-79	29.34153442183665	33.8	29.0	35.0	2.0	37.0
80-84	29.312953213521318	34.0	30.0	35.0	2.0	36.2
85-89	28.83091955467476	34.0	29.2	35.0	2.0	35.4
90-94	27.7811096004896	34.0	27.4	35.0	2.0	35.0
95-99	27.609463408444746	34.0	28.4	35.0	2.0	35.0
100	26.452826796476987	33.0	25.0	35.0	2.0	35.0
>>END_MODULE
>>Per sequence quality scores	pass
#Quality	Count
2	720350.0
3	236293.0
4	138725.0
5	108342.0
6	101877.0
7	106192.0
8	112002.0
9	125503.0
10	140515.0
11	149187.0
12	151305.0
13	156185.0
14	160165.0
15	160164.0
16	159413.0
17	156331.0
18	153189.0
19	151282.0
20	153292.0
21	160390.0
22	179255.0
23	210071.0
24	256068.0
25	318224.0
26	391327.0
27	479843.0
28	580891.0
29	693471.0
30	841765.0
31	1026353.0
32	1278976.0
33	1652045.0
34	2237764.0
35	3188486.0
36	4736828.0
37	5997602.0
38	3980662.0
39	620472.0
40	648.0
>>END_MODULE
>>Per base sequence content	fail
#Base	G	A	T	C
1	37.94569360512207	14.379973592953348	7.683311509006328	39.99102129291826
2	26.04521001059578	19.535094936633115	32.088124740191695	22.33157031257941
3	26.144598342324393	23.06543223699667	21.26614379200367	29.523825628675265
4	29.234216709436588	28.51043607550559	18.635457929507513	23.61988928555031
5	29.787267840325327	28.864535484187044	21.501788316185046	19.84640835930259
6	23.806962198265357	32.321400514946035	23.320579369317628	20.551057917470978
7	22.01378263137755	19.978013496872745	35.50576527060787	22.502438601141847
8	21.84779845886276	21.67675649877375	30.134582148763045	26.34086289360045
9	21.853101746446075	19.972374645422335	32.63834074518444	25.536182862947143
10-14	24.691625668252215	26.26212602601846	25.330160410129686	23.716087895599635
15-19	24.71154530451768	25.193408127443945	25.670610562337565	24.42443600570081
20-24	24.67097692098126	25.569904232373524	25.562127986475847	24.196990860169365
25-29	24.630991955733805	25.356690824300294	25.544026712824703	24.4682905071412
30-34	24.588596773221685	25.551633988643047	25.473085412577934	24.386683825557334
35-39	24.55728253457589	25.487821622628854	25.435098601872784	24.51979724092247
40-44	24.653918383352973	25.529066334172107	25.360245896879114	24.456769385595805
45-49	24.637741267832993	25.374546054966746	25.31783107797581	24.669881599224457
50-54	24.60672993978335	25.599195765886	25.314040796761724	24.480033497568932
55-59	24.765296856924053	25.34100627118741	25.19042528517625	24.703271586712283
60-64	24.660222261576173	25.41460108672527	25.231575577319926	24.69360107437863
65-69	24.63655988356045	25.435902747953754	25.244323159569547	24.683214208916247
70-74	24.739350056382488	25.45010496895494	25.15544225896792	24.655102715694653
75-79	24.659491489618578	25.27475605181366	25.249152356287258	24.816600102280496
80-84	24.649840270972486	25.48169188256543	25.150986162586925	24.717481683875164
85-89	24.80325840360997	25.337511017437386	25.06783978600029	24.79139079295235
90-94	24.656831951372684	25.388176283188663	25.049268443120837	24.90572332231781
95-99	24.638998755471164	25.432397002230573	25.178925228972858	24.749679013325405
100	25.049148158680133	25.294509717664326	24.648446587443562	25.007895536211976
>>END_MODULE
>>Per base GC content	fail
#Base	%GC
1	77.93671489804032
2	48.37678032317519
3	55.66842397099966
4	52.8541059949869
5	49.633676199627914
6	44.35802011573633
7	44.51622123251939
8	48.18866135246321
9	47.38928460939322
10-14	48.40771356385185
15-19	49.13598131021849
20-24	48.867967781150625
25-29	49.09928246287501
30-34	48.97528059877902
35-39	49.077079775498355
40-44	49.11068776894878
45-49	49.30762286705745
50-54	49.08676343735228
55-59	49.46856844363634
60-64	49.35382333595481
65-69	49.3197740924767
70-74	49.39445277207714
75-79	49.47609159189908
80-84	49.36732195484765
85-89	49.59464919656232
90-94	49.56255527369049
95-99	49.38867776879657
100	50.05704369489211
>>END_MODULE
>>Per sequence GC content	warn
#GC Content	Count
0	22612.0
1	20383.0
2	16365.5
3	13939.0
4	10966.5
5	7276.0
6	5638.0
7	5210.0
8	5064.5
9	5010.5
10	4933.5
11	5051.0
12	5309.5
13	5525.0
14	5919.0
15	6498.5
16	7232.0
17	8386.5
18	10055.0
19	12422.0
20	16130.5
21	21768.0
22	29616.5
23	40915.5
24	56399.5
25	75426.0
26	99155.0
27	125880.0
28	156146.5
29	193231.0
30	237292.5
31	282799.0
32	332303.5
33	379439.5
34	425779.5
35	474654.5
36	512802.5
37	551549.0
38	598125.0
39	642568.0
40	681940.5
41	714924.0
42	752785.5
43	797452.5
44	840291.5
45	888048.0
46	944982.0
47	1008575.0
48	1084926.5
49	1157386.5
50	1200550.5
51	1232604.5
52	1278576.0
53	1307320.0
54	1303895.0
55	1292731.0
56	1266006.5
57	1206518.5
58	1125740.5
59	1036573.5
60	927993.5
61	813087.5
62	706203.0
63	607557.5
64	516648.0
65	431707.5
66	356877.0
67	293614.5
68	237096.0
69	186091.0
70	141486.0
71	104529.5
72	77740.5
73	58816.5
74	43448.5
75	32197.0
76	23913.5
77	16914.0
78	11920.5
79	8742.5
80	6773.0
81	5479.5
82	4452.0
83	3585.0
84	2576.5
85	1661.5
86	1179.5
87	839.5
88	598.0
89	409.0
90	285.0
91	223.0
92	164.5
93	116.5
94	80.0
95	60.0
96	41.5
97	23.0
98	12.5
99	6.0
100	2.5
>>END_MODULE
>>Per base N content	pass
#Base	N-Count
1	0.12395461280533396
2	0.003419180352220958
3	0.004186941758583301
4	3.797602800221675
5	0.008221574574204032
6	0.01305194390815982
7	0.013819705314522163
8	0.015781071498387096
9	0.018880092235809182
10-14	0.021372363878000785
15-19	0.18105243801080417
20-24	0.005248131006081696
25-29	0.00576971142708413
30-34	0.015901053645292304
35-39	0.016282758506431152
40-44	0.018757623412284177
45-49	0.007849194750389421
50-54	0.009044042866201907
55-59	0.9282683004712282
60-64	0.002319447617115708
65-69	0.0024941366496564516
70-74	0.0036659830067358166
75-79	0.003409855314896719
80-84	0.003792803514345467
85-89	0.0047874741622642904
90-94	0.9938189611765437
95-99	0.010242620996944092
100	0.00428019213182569
>>END_MODULE
>>Sequence Length Distribution	pass
#Length	Count
100	3.2171453E7
>>END_MODULE
>>Sequence Duplication Levels	fail
#Total Duplicate Percentage	57.20130623955905
#Duplication Level	Relative count
1	100.0
2	36.71066124177169
3	16.871202849172484
4	9.234450288335374
5	5.961871368242312
6	4.369686745393801
7	3.4478956479551894
8	2.784117848124993
9	2.2967593970868756
10++	38.84754060401575
>>END_MODULE
>>Overrepresented sequences	pass
>>END_MODULE
>>Kmer Content	warn
#Sequence	Count	Obs/Exp Overall	Obs/Exp Max	Max Obs/Exp Position
TTTTT	21656085	6.8812785	9.394571	10-14
AAAAA	15052580	4.77478	7.285768	2
CTCCA	6938340	2.3671093	5.0171413	1
CTGGA	6890155	2.316874	6.405025	1
GAAAA	6056265	1.9538584	5.3719664	2
CTTTT	5753635	1.8722874	5.3452663	1
GTTTT	5520285	1.7833925	6.017915	1
GGAAA	4911075	1.611426	6.211279	1
CTGGG	4511065	1.5427593	5.4553437	1
>>END_MODULE
