##FastQC	0.10.1
>>Basic Statistics	pass
#Measure	Value	
Filename	F_notatus_NA_transfer_2_R1.fastq.gz	
File type	Conventional base calls	
Encoding	Sanger / Illumina 1.9	
Total Sequences	12337870	
Filtered Sequences	0	
Sequence length	100	
%GC	48	
>>END_MODULE
>>Per base sequence quality	pass
#Base	Mean	Median	Lower Quartile	Upper Quartile	10th Percentile	90th Percentile
1	30.52666092283352	31.0	30.0	34.0	26.0	34.0
2	30.81549319290931	31.0	31.0	34.0	27.0	34.0
3	29.35448031143139	31.0	30.0	34.0	16.0	34.0
4	33.1064425220885	37.0	35.0	37.0	19.0	37.0
5	33.86605281138478	37.0	35.0	37.0	28.0	37.0
6	31.253602445154634	37.0	32.0	37.0	10.0	37.0
7	32.13639615265844	37.0	32.0	37.0	17.0	37.0
8	33.319826842072416	37.0	33.0	37.0	27.0	37.0
9	35.06955892710816	39.0	35.0	39.0	28.0	39.0
10-14	34.70587819453439	39.0	34.4	39.4	23.2	39.4
15-19	35.94245898197987	40.0	35.6	41.0	27.0	41.0
20-24	35.95042283635669	40.0	36.0	41.0	27.0	41.0
25-29	35.63036185338312	39.8	35.0	41.0	26.6	41.0
30-34	35.25406553967581	39.0	34.6	41.0	25.4	41.0
35-39	34.97343189707785	39.0	34.0	41.0	24.8	41.0
40-44	34.73426610914201	39.0	34.0	41.0	24.0	41.0
45-49	34.33664070054231	38.4	33.0	40.4	22.8	41.0
50-54	33.68999162740408	37.8	33.0	40.0	20.6	41.0
55-59	33.01500041741403	36.6	32.2	40.0	18.2	41.0
60-64	32.19775841372943	35.2	31.4	39.0	13.2	40.8
65-69	31.446202026767992	35.0	31.0	37.8	7.8	40.0
70-74	30.61623855657419	35.0	30.4	36.4	2.8	39.0
75-79	29.555812729425742	34.0	29.4	35.2	2.0	37.4
80-84	29.44502717243738	34.0	30.0	35.0	2.0	36.2
85-89	28.95381603145438	34.0	29.4	35.0	2.0	35.4
90-94	28.529208818053682	34.0	29.0	35.0	2.0	35.0
95-99	27.96529481993245	34.0	29.0	35.0	2.0	35.0
100	26.89834890463265	33.0	26.0	35.0	2.0	35.0
>>END_MODULE
>>Per sequence quality scores	pass
#Quality	Count
2	292478.0
3	99832.0
4	53567.0
5	38954.0
6	38216.0
7	40227.0
8	42763.0
9	46186.0
10	50221.0
11	53488.0
12	56122.0
13	58069.0
14	59689.0
15	60442.0
16	60585.0
17	59400.0
18	58434.0
19	56966.0
20	56643.0
21	57998.0
22	63642.0
23	73267.0
24	90616.0
25	113878.0
26	147675.0
27	198923.0
28	252271.0
29	262290.0
30	313218.0
31	367084.0
32	422654.0
33	552182.0
34	758068.0
35	1103171.0
36	1747844.0
37	2442444.0
38	1781384.0
39	306618.0
40	361.0
>>END_MODULE
>>Per base sequence content	fail
#Base	G	A	T	C
1	35.58260701778708	15.61187448391769	7.769328587301567	41.03618991099366
2	24.234808016278446	18.714303361125484	38.16100383746973	18.889884785126334
3	24.240625440297357	23.67448690681463	23.947605453313383	28.13728219957463
4	25.759442050449362	30.226890318999462	19.859282155967072	24.154385474584107
5	28.03957216676323	31.216187175136056	21.78840330710575	18.955837350994965
6	21.384455739803517	35.80094648463618	22.543033984928666	20.27156379063164
7	20.44113376299981	19.028121604466534	37.90589723645228	22.624847396081375
8	20.840701198625	21.487103175085775	30.091699620381636	27.58049600590759
9	22.346105241173532	20.444389781295424	31.319581839882144	25.8899231376489
10-14	24.30534080055202	26.758111609187218	25.210142175637323	23.72640541462344
15-19	24.525103880283424	25.427015106280574	25.73706862418851	24.31081238924749
20-24	24.311965516667776	25.841655755598207	25.65323979694988	24.19313893078414
25-29	24.445317984323268	25.8363686331155	25.452513679905252	24.265799702655976
30-34	24.251947759886804	25.832104383707183	25.531394834555343	24.38455302185067
35-39	24.280884422256584	25.90875245687444	25.52836949289904	24.28199362796994
40-44	24.397334453139138	25.786126279291814	25.467505033596932	24.349034233972112
45-49	24.416900578321314	25.7525884958464	25.40442217708826	24.426088748744025
50-54	24.393731826076117	25.78102740352996	25.430975543694927	24.394265226698995
55-59	24.47253188278875	25.65349749247039	25.367408776161533	24.506561848579327
60-64	24.467816277618006	25.562258604168843	25.382780359922023	24.58714475829113
65-69	24.427748736497488	25.79456672157124	25.325490304530152	24.45219423740112
70-74	24.545148648604616	25.711401868201385	25.279983561002776	24.463465922191222
75-79	24.49047105178247	25.593316488718788	25.298463325548653	24.61774913395009
80-84	24.52009055235663	25.64821143144313	25.295596149289384	24.536101866910847
85-89	24.65353170268304	25.578970423384856	25.173519253548633	24.593978620383474
90-94	24.502402006023505	25.55092546853976	25.209922418527263	24.736750106909476
95-99	24.506765979452734	25.599924897664554	25.31260333765999	24.580705785222722
100	24.854116921286003	25.33371542109165	24.876766564781104	24.935401092841243
>>END_MODULE
>>Per base GC content	fail
#Base	%GC
1	76.61879692878074
2	43.12469280140478
3	52.37790763987199
4	49.91382752503347
5	46.9954095177582
6	41.65601953043516
7	43.06598115908118
8	48.42119720453259
9	48.23602837882243
10-14	48.03174621517546
15-19	48.83591626953091
20-24	48.50510444745192
25-29	48.71111768697924
30-34	48.636500781737475
35-39	48.56287805022652
40-44	48.74636868711125
45-49	48.84298932706534
50-54	48.78799705277511
55-59	48.97909373136808
60-64	49.05496103590914
65-69	48.87994297389861
70-74	49.00861457079584
75-79	49.10822018573256
80-84	49.05619241926748
85-89	49.247510323066514
90-94	49.239152112932985
95-99	49.087471764675456
100	49.789518014127246
>>END_MODULE
>>Per sequence GC content	warn
#GC Content	Count
0	407.0
1	441.5
2	464.5
3	480.5
4	509.5
5	487.5
6	481.5
7	530.5
8	601.0
9	667.5
10	725.0
11	789.0
12	890.5
13	1048.0
14	1243.0
15	1465.5
16	1810.5
17	2335.5
18	3029.5
19	4154.5
20	5860.0
21	8276.5
22	11879.5
23	17031.5
24	23788.5
25	31834.5
26	42117.0
27	53951.5
28	66840.5
29	82405.0
30	100234.5
31	119216.5
32	140582.5
33	159762.5
34	176847.0
35	195305.0
36	209962.5
37	225075.0
38	243417.0
39	259102.5
40	273240.5
41	286884.0
42	304546.0
43	326329.5
44	345929.0
45	365157.5
46	385457.0
47	405931.0
48	428070.5
49	450357.0
50	469124.5
51	485816.5
52	502274.5
53	508049.0
54	500743.0
55	491100.0
56	477986.5
57	451472.0
58	415834.5
59	376872.5
60	331372.0
61	286191.5
62	244859.5
63	206895.5
64	172693.0
65	141140.5
66	114197.5
67	92605.5
68	74570.0
69	58129.0
70	43140.5
71	31802.0
72	24055.0
73	18293.0
74	13504.5
75	10117.5
76	7665.0
77	5404.0
78	3666.5
79	2589.0
80	1944.0
81	1616.5
82	1343.0
83	1054.5
84	724.0
85	421.5
86	268.0
87	179.0
88	120.0
89	87.5
90	62.0
91	42.5
92	34.0
93	24.0
94	15.5
95	6.5
96	3.5
97	3.5
98	3.0
99	2.5
100	1.0
>>END_MODULE
>>Per base N content	pass
#Base	N-Count
1	0.027192700198656654
2	0.004652342746357353
3	3.3564140325680203
4	0.007975444708041178
5	0.01725581482054844
6	2.319006441144217
7	0.029599922839193472
8	0.03164241477661865
9	0.030337489372152568
10-14	0.9658571536253827
15-19	0.02195840935266784
20-24	0.016845695407716244
25-29	0.015044736247018327
30-34	0.037069607638919845
35-39	0.03825944024373737
40-44	0.02715541661567191
45-49	0.01980568769163559
50-54	0.015613716143872485
55-59	0.004119025407140779
60-64	0.005385046203274958
65-69	0.001794475059309265
70-74	0.0030621168807906064
75-79	0.0038483141741645845
80-84	0.0027930266731615748
85-89	0.002475305705117658
90-94	0.010251364295457806
95-99	0.021891947313434166
100	0.017304445580963328
>>END_MODULE
>>Sequence Length Distribution	pass
#Length	Count
100	1.233787E7
>>END_MODULE
>>Sequence Duplication Levels	warn
#Total Duplicate Percentage	41.45270014390668
#Duplication Level	Relative count
1	100.0
2	21.677716688227683
3	8.874514877102198
4	5.104301423027167
5	3.315006468305304
6	2.4442108667529108
7	1.883085381630013
8	1.5370310478654592
9	1.321959896507115
10++	15.549805950840879
>>END_MODULE
>>Overrepresented sequences	warn
#Sequence	Count	Percentage	Possible Source
GATCGGAAGAGCACACGTCTGAACTCCAGTCACGAATTCGTATCTCGTAT	15132	0.12264677776634055	TruSeq Adapter, Index 7 (97% over 35bp)
>>END_MODULE
>>Kmer Content	warn
#Sequence	Count	Obs/Exp Overall	Obs/Exp Max	Max Obs/Exp Position
TTTTT	5453180	4.342357	7.4143133	2
AAAAA	5593375	4.319899	6.7662973	2
CTCCT	2809900	2.5080357	7.0495996	1
CTCCA	2668115	2.366967	6.479335	1
TCCAG	2592550	2.3013546	5.1920233	7
CTCTG	2556460	2.283235	5.3072557	1
CTGGA	2555260	2.2696574	6.7926216	1
GAAGA	2606860	2.2019634	5.655318	2
CTTCA	2460445	2.101256	5.264048	1
GAAAA	2416380	1.951692	5.513333	2
CTGAA	2250880	1.9117503	5.0802245	1
CTTTT	2281225	1.8869752	5.317454	1
GTTTT	2201245	1.8219446	7.9626994	1
CTTTG	2031575	1.7467152	5.149528	1
GGAAG	1931060	1.7058252	5.403009	1
CTCAG	1909335	1.6948785	5.521599	1
GGAAA	1911560	1.6146572	6.50762	1
CTGGG	1681550	1.562001	5.3912687	1
GTTTG	1658765	1.4270619	5.2029147	1
>>END_MODULE
