##FastQC	0.10.1
>>Basic Statistics	pass
#Measure	Value	
Filename	F_catanatus_NA_BW_1_R2.fastq.gz	
File type	Conventional base calls	
Encoding	Sanger / Illumina 1.9	
Total Sequences	8030678	
Filtered Sequences	0	
Sequence length	100	
%GC	49	
>>END_MODULE
>>Per base sequence quality	fail
#Base	Mean	Median	Lower Quartile	Upper Quartile	10th Percentile	90th Percentile
1	28.484441911380333	31.0	30.0	34.0	16.0	34.0
2	28.407487761307326	31.0	28.0	34.0	16.0	34.0
3	28.470422049047414	31.0	28.0	34.0	16.0	34.0
4	31.729670271924736	35.0	32.0	37.0	17.0	37.0
5	31.6657409249879	35.0	32.0	37.0	16.0	37.0
6	31.571670660932988	35.0	32.0	37.0	16.0	37.0
7	31.55363544647164	35.0	32.0	37.0	16.0	37.0
8	31.474762778435394	35.0	32.0	37.0	15.0	37.0
9	32.732514116491785	37.0	32.0	39.0	13.0	39.0
10-14	32.773675373361996	37.2	32.0	39.4	10.4	39.4
15-19	33.28022779645754	38.0	32.0	41.0	9.6	41.0
20-24	32.96926857234221	38.0	32.0	40.0	6.4	41.0
25-29	32.65639247396048	38.0	31.6	40.0	2.0	41.0
30-34	32.235378407651254	38.0	30.8	40.0	2.0	41.0
35-39	31.728728184594125	38.0	30.0	40.0	2.0	41.0
40-44	31.18392666223201	37.0	29.8	40.0	2.0	41.0
45-49	30.67612012335696	36.4	29.0	40.0	2.0	41.0
50-54	29.829478183535684	35.0	27.6	39.0	2.0	40.4
55-59	29.786482187431744	35.0	27.8	39.0	2.0	41.0
60-64	29.001288932266988	35.0	26.4	38.6	2.0	40.4
65-69	28.15310739641161	34.0	26.0	36.8	2.0	39.8
70-74	27.43281593409672	34.0	25.0	35.6	2.0	39.0
75-79	26.646344953688846	33.4	23.4	35.0	2.0	37.2
80-84	25.94031868791153	33.0	20.6	35.0	2.0	36.0
85-89	25.30941551883913	33.0	18.2	35.0	2.0	35.0
90-94	24.69640331737868	33.0	7.8	35.0	2.0	35.0
95-99	23.921931722327805	32.0	2.0	35.0	2.0	35.0
100	22.51701861287428	30.0	2.0	34.0	2.0	35.0
>>END_MODULE
>>Per sequence quality scores	pass
#Quality	Count
2	575346.0
3	79510.0
4	52412.0
5	44294.0
6	44530.0
7	44686.0
8	47550.0
9	50932.0
10	53713.0
11	55131.0
12	53892.0
13	53605.0
14	54099.0
15	55402.0
16	55557.0
17	55088.0
18	54902.0
19	55304.0
20	55168.0
21	59140.0
22	64133.0
23	73585.0
24	87376.0
25	104081.0
26	121992.0
27	142355.0
28	164562.0
29	189996.0
30	219965.0
31	260360.0
32	312698.0
33	388160.0
34	500296.0
35	678026.0
36	963807.0
37	1192528.0
38	822404.0
39	143885.0
40	208.0
>>END_MODULE
>>Per base sequence content	fail
#Base	G	A	T	C
1	33.52964007607135	14.550203456493394	8.957342146210658	42.9628143212246
2	25.557391256365896	17.523396862674403	37.61174103918199	19.30747084177771
3	25.63395148922205	22.45353800893076	23.240782514858953	28.671727986988238
4	26.973786570190462	29.222431539676663	19.568918986421853	24.234862903711026
5	28.861027321685494	30.511131899110843	21.806370869957856	18.821469909245806
6	22.210224805403918	33.69017897383221	23.095178242609858	21.004417978154017
7	20.559853989047188	18.5633029509266	37.95655673365396	22.92028632637225
8	21.013962712121987	21.04314875414341	30.192169470876863	27.750719062857744
9	22.35132650886405	20.34052091231592	31.091258622921103	26.216893955898925
10-14	24.110295847821387	26.47323941051089	25.414621878102313	24.001842863565408
15-19	24.482225638393857	25.03942852881689	26.04998631297306	24.428359519816194
20-24	24.295802203439692	25.524274712482452	25.913966001036993	24.265957083040863
25-29	24.32692337396472	25.644391601949724	25.77016075870768	24.25852426537788
30-34	24.151172220496637	25.6477939982779	25.746328023390213	24.454705757835246
35-39	24.413258590662597	25.606772623150732	25.61230861283894	24.367660173347733
40-44	24.70998331030096	25.418953553253992	25.416686235775853	24.454376900669196
45-49	24.605238801020786	25.484452191088653	25.448665485236987	24.461643522653578
50-54	24.549413473260294	25.587295354700252	25.35946391782372	24.503827254215736
55-59	24.969982781848106	25.2284332039877	25.219615712336598	24.581968301827597
60-64	24.891515086357515	25.21200978728075	25.169222512639287	24.72725261372245
65-69	24.82928727973387	25.216202312072628	25.273392857841344	24.68111755035216
70-74	25.06502426654157	25.292378131039072	25.03285406467374	24.609743537745615
75-79	25.01971891327243	25.191177975328582	25.040527197002348	24.748575914396636
80-84	25.074468084046103	25.1448124795622	25.025666535074077	24.75505290131762
85-89	25.13609801144918	25.266843101481545	24.85704342171744	24.740015465351828
90-94	25.08514459115062	25.259752634287114	24.900172278573923	24.754930495988344
95-99	24.99872997720935	25.267052967860764	24.92162171757658	24.812595337353308
100	25.38677171172884	24.750387385224787	24.480043011936782	25.382797891109593
>>END_MODULE
>>Per base GC content	fail
#Base	%GC
1	76.49245439729594
2	44.864862098143604
3	54.30567947621029
4	51.20864947390148
5	47.6824972309313
6	43.21464278355794
7	43.48014031541943
8	48.76468177497973
9	48.56822046476297
10-14	48.1121387113868
15-19	48.91058515821005
20-24	48.56175928648055
25-29	48.5854476393426
30-34	48.60587797833188
35-39	48.78091876401033
40-44	49.16436021097015
45-49	49.06688232367436
50-54	49.05324072747603
55-59	49.551951083675704
60-64	49.61876770007997
65-69	49.51040483008603
70-74	49.674767804287185
75-79	49.76829482766907
80-84	49.82952098536372
85-89	49.87611347680102
90-94	49.84007508713896
95-99	49.81132531456266
100	50.76956960283843
>>END_MODULE
>>Per sequence GC content	warn
#GC Content	Count
0	11123.0
1	6978.0
2	2562.0
3	2302.5
4	2198.0
5	2095.5
6	2091.5
7	2102.0
8	2095.0
9	2116.5
10	2161.0
11	2204.5
12	2240.0
13	2248.5
14	2340.5
15	2439.5
16	2591.5
17	2875.5
18	3398.0
19	4165.0
20	5404.0
21	6976.5
22	9354.0
23	12741.5
24	16960.0
25	22725.0
26	29294.0
27	36631.5
28	45738.5
29	56468.0
30	67944.5
31	80513.0
32	93694.0
33	104758.5
34	115539.5
35	125784.5
36	133721.5
37	142344.0
38	152161.5
39	161973.5
40	169175.0
41	176096.5
42	184990.0
43	196764.0
44	214508.5
45	235901.5
46	250414.0
47	256163.0
48	261718.0
49	267392.5
50	274958.0
51	288356.0
52	301142.5
53	309855.0
54	307567.0
55	299532.0
56	290654.0
57	276333.5
58	263397.5
59	239876.5
60	211377.5
61	185766.5
62	160746.0
63	137858.0
64	116304.0
65	100640.0
66	89153.5
67	78542.5
68	69336.0
69	56280.5
70	43187.0
71	33371.0
72	25880.5
73	22575.0
74	22903.5
75	24441.5
76	20805.0
77	15446.5
78	10850.5
79	8170.5
80	7526.5
81	8435.5
82	9645.0
83	8702.5
84	6249.5
85	4232.5
86	2811.5
87	1926.0
88	1279.5
89	942.0
90	777.5
91	603.5
92	465.0
93	394.0
94	274.5
95	184.0
96	128.0
97	80.5
98	47.5
99	27.5
100	16.0
>>END_MODULE
>>Per base N content	pass
#Base	N-Count
1	0.030209155441171965
2	0.25422511025843647
3	0.05863763931264584
4	0.037344293968703514
5	0.04496507019706182
6	0.037655600187182205
7	0.04152824954505709
8	0.035713049383875185
9	0.0348787487183523
10-14	0.04489284715437476
15-19	0.04194664510269245
20-24	0.07366252264130127
25-29	0.034811506575160904
30-34	0.054976678183336444
35-39	0.03992689035720272
40-44	0.044466980247495916
45-49	0.03880120707118378
50-54	0.040494712899707845
55-59	0.04298267219778953
60-64	0.04389417680549513
65-69	0.03894316270681006
70-74	0.034268588530134064
75-79	0.03867419413404447
80-84	0.04835955320335344
85-89	0.05254599922945484
90-94	0.03857955704362696
95-99	0.040631687635838465
100	0.03908760879218417
>>END_MODULE
>>Sequence Length Distribution	pass
#Length	Count
100	8030678.0
>>END_MODULE
>>Sequence Duplication Levels	warn
#Total Duplicate Percentage	40.88342786215456
#Duplication Level	Relative count
1	100.0
2	14.444436344018605
3	5.64421471636764
4	3.204123440769281
5	2.3030320703959406
6	1.7336531381454723
7	1.392463201790518
8	1.2036422754744216
9	1.0432538438545715
10++	14.838846078138328
>>END_MODULE
>>Overrepresented sequences	warn
#Sequence	Count	Percentage	Possible Source
TTTTTTTTTTTTTTTTTTTTTTTTTTTTTTTTTTTTTTTTTTTTTTTTTT	24632	0.30672379094268254	No Hit
CTGCAAGTCATTTAGCACCACGTTCTCCACAAACATGCTATGCGTAATCG	9605	0.11960384913951225	No Hit
>>END_MODULE
>>Kmer Content	fail
#Sequence	Count	Obs/Exp Overall	Obs/Exp Max	Max Obs/Exp Position
TTTTT	6554225	8.06588	12.850216	2
AAAAA	4009135	5.108878	7.210859	2
GAAGA	1659955	2.1941807	5.6074424	2
CTCCA	1595705	2.1620574	6.3751764	1
CTCCT	1582645	2.129459	6.5819554	1
GAAAA	1552565	2.015001	5.435807	2
CTGGA	1477810	1.9845194	6.6911693	1
CTTCA	1450105	1.9071974	5.207234	1
CTTTT	1484340	1.8818382	5.5804653	1
CTGCA	1380350	1.8619367	5.3820777	1
CTGAA	1353115	1.7841069	5.2177825	1
GTTTT	1408835	1.7781568	7.285662	1
GGAAA	1254585	1.65835	6.3701453	1
CTCAG	1179650	1.591215	5.155662	1
CTGGG	1103635	1.5094295	5.8669047	1
GGGAG	1099615	1.5077103	5.153613	1
GGGAA	1075835	1.448346	5.223939	1
>>END_MODULE
