##FastQC	0.10.1
>>Basic Statistics	pass
#Measure	Value	
Filename	F_olivaceous_NA_FW_3_R2.fastq.gz	
File type	Conventional base calls	
Encoding	Sanger / Illumina 1.9	
Total Sequences	8896418	
Filtered Sequences	0	
Sequence length	100	
%GC	49	
>>END_MODULE
>>Per base sequence quality	pass
#Base	Mean	Median	Lower Quartile	Upper Quartile	10th Percentile	90th Percentile
1	29.267682341364804	31.0	30.0	34.0	23.0	34.0
2	29.309275261121947	31.0	30.0	34.0	22.0	34.0
3	29.346649179478753	31.0	30.0	34.0	22.0	34.0
4	32.59265167171776	37.0	35.0	37.0	22.0	37.0
5	32.52599967762306	37.0	35.0	37.0	22.0	37.0
6	32.45276053800529	37.0	35.0	37.0	22.0	37.0
7	32.46752007380948	37.0	35.0	37.0	22.0	37.0
8	32.39081920386385	37.0	35.0	37.0	20.0	37.0
9	33.773113178809716	39.0	35.0	39.0	19.0	39.0
10-14	33.8237477825345	39.2	34.4	39.4	17.4	39.4
15-19	34.50508676638171	39.4	34.4	41.0	17.0	41.0
20-24	34.23437410427432	39.0	34.0	41.0	14.2	41.0
25-29	33.950523008248936	39.0	34.0	41.0	9.8	41.0
30-34	33.13355928194921	38.6	32.2	40.8	7.6	41.0
35-39	32.95886735537831	38.0	32.0	40.0	2.0	41.0
40-44	32.59564561827018	38.0	32.0	40.0	2.0	41.0
45-49	32.226280981851346	38.0	31.4	40.0	2.0	41.0
50-54	31.427114733143164	36.8	30.6	39.6	2.0	40.6
55-59	31.3510145319161	36.2	30.8	40.0	2.0	41.0
60-64	30.614135104712933	35.0	30.0	39.0	2.0	41.0
65-69	29.815117162885105	35.0	29.0	37.4	2.0	40.0
70-74	29.09214259042235	35.0	29.0	36.2	2.0	39.2
75-79	28.34936998239067	34.0	28.0	35.2	2.0	37.6
80-84	27.6865123918413	34.0	27.0	35.0	2.0	36.2
85-89	27.122901711677667	34.0	25.8	35.0	2.0	35.4
90-94	26.578321454769775	34.0	24.8	35.0	2.0	35.0
95-99	25.950033710196625	33.6	22.8	35.0	2.0	35.0
100	24.722114338602346	32.0	17.0	35.0	2.0	35.0
>>END_MODULE
>>Per sequence quality scores	pass
#Quality	Count
2	564346.0
3	76349.0
4	47135.0
5	38726.0
6	37437.0
7	37977.0
8	39831.0
9	42019.0
10	44817.0
11	45752.0
12	44479.0
13	43514.0
14	43359.0
15	44330.0
16	44983.0
17	44264.0
18	44365.0
19	44783.0
20	46022.0
21	48595.0
22	54008.0
23	62925.0
24	75587.0
25	89742.0
26	105155.0
27	124707.0
28	146822.0
29	172467.0
30	202838.0
31	245111.0
32	303667.0
33	390558.0
34	525413.0
35	755092.0
36	1174353.0
37	1614551.0
38	1200025.0
39	229943.0
40	371.0
>>END_MODULE
>>Per base sequence content	fail
#Base	G	A	T	C
1	34.72292689377481	14.206245968753963	7.555375939274704	43.51545119819652
2	25.130686203646334	17.220022360130812	38.6167624055596	19.03252903066325
3	25.946607689717922	22.208327345454823	22.595655937512863	29.2494090273144
4	27.534007063245475	29.303731587226427	18.89472701187069	24.267534337657406
5	29.48217744977269	30.408442204997282	21.27483925933906	18.834541085890965
6	22.627728854511915	33.53851419699252	23.032921892140727	20.800835056354835
7	20.719658239026003	18.656743355081904	37.77296050522439	22.850637900667707
8	20.88857431321706	20.96236764824622	30.35870398121902	27.790354057317696
9	22.41893590874238	20.35092718166527	31.212018205736243	26.018118703856107
10-14	24.341988812700585	26.52354750511646	25.13215927040333	24.002304411779622
15-19	24.732345755496414	25.084692681478998	25.72546413352827	24.457497429496314
20-24	24.55480842527366	25.623489071926365	25.560276488085627	24.261426014714353
25-29	24.614390042435826	25.64299583971118	25.49359972518401	24.249014392668983
30-34	24.817246095155834	25.583859677535447	25.3637645756856	24.23512965162312
35-39	24.682332438344964	25.611607438383764	25.310468561242033	24.395591562029235
40-44	24.936745603311465	25.521456407085463	25.151391803738672	24.390406185864396
45-49	24.814149768089326	25.556952303652036	25.162427456208274	24.466470472050368
50-54	24.81237256147317	25.633436486152156	25.095333837257417	24.458857115117258
55-59	25.16916080000342	25.280863058097907	24.982919129247918	24.567057012650757
60-64	25.034716482881286	25.259648158917404	24.972490904609913	24.7331444535914
65-69	24.894210415887155	25.314804279062113	25.087715671358968	24.703269633691765
70-74	25.116607410119446	25.326679581980066	24.928339446144776	24.628373561755712
75-79	25.079418007815363	25.23542204429665	24.943919389861676	24.74124055802631
80-84	25.14922628900338	25.16024888665578	24.958881774114534	24.73164305022631
85-89	25.210889469637326	25.272778633844105	24.72403389311838	24.79229800340018
90-94	25.13353183539672	25.247067410026723	24.863154948393003	24.756245806183554
95-99	25.057655530254763	25.273929839718818	24.912976328112745	24.755438301913674
100	25.481971861999845	24.826570876772852	24.46133085828874	25.230126402938563
>>END_MODULE
>>Per base GC content	fail
#Base	%GC
1	78.23837809197133
2	44.16321523430959
3	55.196016717032315
4	51.801541400902885
5	48.316718535663654
6	43.42856391086675
7	43.57029613969371
8	48.678928370534756
9	48.43705461259849
10-14	48.344293224480204
15-19	49.18984318499273
20-24	48.816234439988015
25-29	48.86340443510481
30-34	49.05237574677896
35-39	49.0779240003742
40-44	49.32715178917586
45-49	49.28062024013969
50-54	49.27122967659043
55-59	49.736217812654175
60-64	49.76786093647269
65-69	49.59748004957892
70-74	49.74498097187516
75-79	49.82065856584167
80-84	49.88086933922969
85-89	50.003187473037514
90-94	49.889777641580274
95-99	49.813093832168434
100	50.71209826493841
>>END_MODULE
>>Per sequence GC content	warn
#GC Content	Count
0	4441.0
1	3069.0
2	1530.0
3	1340.0
4	1228.0
5	1092.5
6	1052.5
7	1073.5
8	1080.5
9	1078.0
10	1074.5
11	1051.5
12	1075.0
13	1143.5
14	1199.0
15	1318.0
16	1568.0
17	1867.5
18	2316.0
19	3168.5
20	4569.5
21	6495.5
22	9195.5
23	12729.5
24	17442.5
25	23439.0
26	30605.0
27	39310.5
28	48826.0
29	58550.0
30	69860.5
31	83673.0
32	97969.0
33	111696.0
34	123151.0
35	132768.5
36	142000.5
37	151278.5
38	161271.0
39	171605.5
40	181204.0
41	191772.0
42	207350.0
43	225057.5
44	243776.5
45	256868.5
46	272658.5
47	286471.0
48	297911.0
49	313164.0
50	322851.0
51	338089.5
52	355596.5
53	358423.5
54	353245.5
55	353769.0
56	337537.0
57	309563.0
58	290843.0
59	266520.0
60	237702.0
61	209740.0
62	179653.5
63	153260.5
64	135715.0
65	117731.5
66	96911.0
67	83382.5
68	72588.5
69	59627.0
70	47418.5
71	35679.0
72	25644.5
73	20541.0
74	18972.0
75	19685.0
76	18498.0
77	14597.5
78	10649.0
79	7353.0
80	7304.0
81	9059.5
82	8939.5
83	6413.5
84	3691.0
85	2187.5
86	1340.5
87	906.0
88	617.5
89	388.5
90	229.5
91	129.0
92	73.0
93	45.0
94	31.0
95	24.5
96	16.0
97	7.5
98	4.0
99	3.5
100	3.5
>>END_MODULE
>>Per base N content	pass
#Base	N-Count
1	0.038060262006573885
2	0.052819010977227014
3	0.03880213362276818
4	0.037531959492011276
5	0.046580545113775004
6	0.035137737457929696
7	0.03843119781467103
8	0.045141763797519406
9	0.035711001888625284
10-14	0.03224443815477195
15-19	0.04930523723143405
20-24	0.04722350051447673
25-29	0.02936462742645411
30-34	0.05505586630484314
35-39	0.055143542041302465
40-44	0.09019360376277284
45-49	0.06661107875102092
50-54	0.06363010371140385
55-59	0.07144448473531706
60-64	0.062276750035800923
65-69	0.06410894811822017
70-74	0.06152588603638003
75-79	0.05743435166827818
80-84	0.0628545106581098
85-89	0.06027594476788298
90-94	0.053455222090508785
95-99	0.050240445087000186
100	0.05009881505118127
>>END_MODULE
>>Sequence Length Distribution	pass
#Length	Count
100	8896418.0
>>END_MODULE
>>Sequence Duplication Levels	warn
#Total Duplicate Percentage	41.17698869516583
#Duplication Level	Relative count
1	100.0
2	16.359212397993563
3	6.431084824436625
4	3.7366175039305234
5	2.445159841281725
6	1.8948865763270195
7	1.5227970352624092
8	1.2555214494272666
9	1.0421501834244216
10++	15.04679194429887
>>END_MODULE
>>Overrepresented sequences	pass
>>END_MODULE
>>Kmer Content	warn
#Sequence	Count	Obs/Exp Overall	Obs/Exp Max	Max Obs/Exp Position
TTTTT	4801755	5.5522404	9.138465	2
AAAAA	3739135	4.285614	6.471002	2
CTCCT	1816545	2.2451262	7.3811507	1
CTCCA	1802335	2.2236419	7.0330505	1
GAAGA	1835955	2.151923	5.4807463	2
CTGGA	1749885	2.10449	7.1777368	1
CTCTG	1699910	2.074314	5.4411707	1
GAAAA	1711645	1.9838873	5.322957	2
CTTCA	1630825	1.9678618	5.1229224	1
CTGCA	1573940	1.9172182	5.311175	1
CTTTT	1621530	1.9170585	5.8753934	1
GTTTT	1579165	1.8432828	7.6151457	1
CTGAA	1540850	1.8324676	5.5169897	1
CTTTG	1449830	1.7303088	5.186537	1
CTCAG	1346970	1.6407458	5.6893754	1
GGAAA	1398270	1.6389122	6.499901	1
CTGGG	1261620	1.5343602	6.2687078	1
GGGAG	1199280	1.4375008	5.0629478	1
GGGAA	1141340	1.3528235	5.0293417	1
GTTTG	1143240	1.3470943	5.0325155	1
>>END_MODULE
