##FastQC	0.10.1
>>Basic Statistics	pass
#Measure	Value	
Filename	A_xenica_NA_BW_2_R1.fastq.gz	
File type	Conventional base calls	
Encoding	Sanger / Illumina 1.9	
Total Sequences	14459574	
Filtered Sequences	0	
Sequence length	100	
%GC	48	
>>END_MODULE
>>Per base sequence quality	pass
#Base	Mean	Median	Lower Quartile	Upper Quartile	10th Percentile	90th Percentile
1	30.199204347237337	31.0	30.0	34.0	25.0	34.0
2	30.490307598273642	31.0	30.0	34.0	27.0	34.0
3	29.061401255666315	31.0	30.0	34.0	16.0	34.0
4	32.7581945360216	37.0	33.0	37.0	19.0	37.0
5	33.48622372968941	37.0	33.0	37.0	28.0	37.0
6	30.881871139495534	37.0	32.0	37.0	10.0	37.0
7	31.730845805000893	37.0	32.0	37.0	17.0	37.0
8	32.89017145318389	37.0	32.0	37.0	26.0	37.0
9	34.60629365706071	39.0	35.0	39.0	27.0	39.0
10-14	34.240923653767396	39.0	34.2	39.4	21.6	39.4
15-19	35.42759990024602	40.0	35.0	41.0	26.6	41.0
20-24	35.401047153947964	40.0	35.0	41.0	25.6	41.0
25-29	35.060706560234756	39.6	34.6	41.0	24.2	41.0
30-34	34.6686787591391	39.0	34.0	41.0	22.2	41.0
35-39	34.37543915194182	39.0	33.6	41.0	20.6	41.0
40-44	34.11254184943484	39.0	33.0	41.0	18.2	41.0
45-49	33.697314125575204	38.0	33.0	40.4	14.6	41.0
50-54	33.046599989736904	37.6	32.4	40.0	9.0	41.0
55-59	32.38328541352601	36.4	31.8	40.0	4.8	41.0
60-64	31.58140544112849	35.2	31.0	39.0	2.0	41.0
65-69	30.8557052787309	35.0	30.6	37.6	2.0	40.0
70-74	30.054871007956386	35.0	30.0	36.4	2.0	39.2
75-79	29.013070454219463	34.0	29.0	35.2	2.0	37.4
80-84	28.89578585095245	34.0	29.0	35.0	2.0	36.2
85-89	28.40487270233549	34.0	29.0	35.0	2.0	35.6
90-94	27.981861429665912	34.0	28.8	35.0	2.0	35.0
95-99	27.42348266968308	34.0	27.6	35.0	2.0	35.0
100	26.378461357160315	33.0	25.0	35.0	2.0	35.0
>>END_MODULE
>>Per sequence quality scores	pass
#Quality	Count
2	488501.0
3	150847.0
4	75474.0
5	55565.0
6	55804.0
7	55889.0
8	56795.0
9	60207.0
10	64901.0
11	68456.0
12	70517.0
13	73231.0
14	74247.0
15	74992.0
16	74907.0
17	73245.0
18	71276.0
19	68858.0
20	68464.0
21	68966.0
22	75010.0
23	87698.0
24	104931.0
25	131919.0
26	168766.0
27	224565.0
28	283816.0
29	295195.0
30	352652.0
31	413401.0
32	475334.0
33	618912.0
34	856042.0
35	1255575.0
36	1991501.0
37	2787985.0
38	2100883.0
39	383797.0
40	450.0
>>END_MODULE
>>Per base sequence content	fail
#Base	G	A	T	C
1	34.43057039913682	14.999333465648645	8.72316023202175	41.84693590319279
2	24.383740876056283	19.023822918065743	35.82224664695198	20.77018955892599
3	24.37743501825557	23.148298888414256	23.18232512574043	29.291940967589742
4	25.538255877632317	30.241786503097355	19.758213496902645	24.461744122367683
5	27.814790103040416	30.79351065217611	22.104909951867068	19.28678929291641
6	21.272368802428332	35.81196916949523	22.789765019855658	20.125897008220782
7	19.80760950594689	18.67939262088725	38.843307722405804	22.669690150760054
8	21.07928340727652	21.64907865552839	30.08126521054939	27.190372726645705
9	22.10854938493875	20.715260991750597	31.562762729357345	25.613426893953307
10-14	23.816995784447034	27.188878113202065	25.632415345372557	23.361710756978344
15-19	24.182461811306936	25.66539684609175	26.150087888945382	24.00205345365593
20-24	24.002444742889743	26.048800509976246	26.07092521178457	23.87782953534944
25-29	24.061259269502372	26.07678896630063	25.962490488614755	23.899461275582244
30-34	23.800033800559046	26.11407420243867	26.004737114865193	24.081154882137085
35-39	23.873871530309756	26.20666396605308	25.967335047313412	23.952129456323757
40-44	24.050558147694552	26.05359750829986	25.8760298379764	24.019814506029192
45-49	24.01749811952642	26.08216826009056	25.87154940827354	24.028784212109482
50-54	24.02040597949926	26.103992500413803	25.8292543762054	24.046347143881537
55-59	24.071296328225735	26.012870823364953	25.72653776588813	24.189295082521184
60-64	24.089902351968966	25.930266756481746	25.766128031635834	24.213702859913457
65-69	24.072673999102555	26.0790949833417	25.691891710282142	24.1563393072736
70-74	24.185823151952928	26.000153757768775	25.695280153819738	24.118742936458563
75-79	24.071447155024384	25.953194264223985	25.72651589198984	24.248842688761783
80-84	24.083751246269493	25.945863215214832	25.71246778510939	24.257917753406286
85-89	24.174778229721536	25.94824193896888	25.594740413176304	24.282239418133283
90-94	23.99539153365355	25.882018929007018	25.698405405739265	24.424184131600164
95-99	24.075518828020517	25.985564196471294	25.665442774176476	24.27347420133171
100	24.26811409698605	25.711297359098168	25.453430429086282	24.5671581148295
>>END_MODULE
>>Per base GC content	fail
#Base	%GC
1	76.2775063023296
2	45.15393043498228
3	53.66937598584531
4	50.0
5	47.10157939595682
6	41.398265810649114
7	42.47729965670695
8	48.269656133922226
9	47.72197627889206
10-14	47.17870654142538
15-19	48.18451526496287
20-24	47.880274278239185
25-29	47.96072054508462
30-34	47.88118868269613
35-39	47.82600098663351
40-44	48.070372653723744
45-49	48.0462823316359
50-54	48.06675312338079
55-59	48.26059141074692
60-64	48.30360521188243
65-69	48.22901330637615
70-74	48.30456608841149
75-79	48.32028984378617
80-84	48.341668999675775
85-89	48.45701764785482
90-94	48.41957566525371
95-99	48.34899302935223
100	48.83527221181555
>>END_MODULE
>>Per sequence GC content	warn
#GC Content	Count
0	15732.0
1	10459.0
2	4404.5
3	3507.0
4	3226.5
5	2951.5
6	2858.5
7	2848.5
8	2810.0
9	2821.0
10	2899.5
11	2982.5
12	3091.0
13	3259.5
14	3459.5
15	3733.0
16	4186.0
17	4891.0
18	6018.0
19	7881.0
20	10319.5
21	13615.5
22	18860.0
23	26469.0
24	35686.0
25	46001.0
26	58761.0
27	74086.5
28	90844.0
29	109223.0
30	129178.0
31	152829.0
32	177169.0
33	200746.5
34	222987.0
35	243736.0
36	264341.5
37	285226.0
38	306335.5
39	329434.5
40	349670.0
41	362583.0
42	377341.0
43	401045.5
44	425830.5
45	438748.0
46	451112.0
47	470761.5
48	494716.0
49	514642.0
50	526241.0
51	539977.0
52	552089.5
53	552201.0
54	540580.0
55	525663.5
56	509411.0
57	485836.5
58	451752.0
59	411131.0
60	363058.5
61	316269.5
62	276215.0
63	236679.0
64	199403.5
65	164525.5
66	135142.5
67	111150.0
68	90861.5
69	72135.0
70	54521.0
71	40257.0
72	30283.0
73	24085.5
74	19437.5
75	15729.5
76	12040.0
77	8814.0
78	6616.0
79	4552.0
80	3341.0
81	2639.0
82	2453.0
83	2344.5
84	1539.0
85	748.0
86	435.5
87	294.5
88	207.0
89	138.0
90	85.5
91	64.5
92	53.0
93	38.0
94	32.0
95	24.0
96	13.5
97	7.0
98	4.5
99	2.0
100	0.5
>>END_MODULE
>>Per base N content	pass
#Base	N-Count
1	0.029081078045591107
2	0.0044261331627059
3	3.3139703839131083
4	0.0077180697024684134
5	0.017483225992688305
6	2.291623529157913
7	0.02964126052399607
8	0.03151545128507935
9	0.03006312634106648
10-14	0.9631680712032041
15-19	0.021773808827286335
20-24	0.016805474352148964
25-29	0.014963096423172633
30-34	0.03717398590027618
35-39	0.038554386180395084
40-44	0.026985580626372532
45-49	0.019664479741934308
50-54	0.015512213568670833
55-59	0.00420344333795726
60-64	0.00573184244570414
65-69	0.002042937087911442
70-74	0.0032310772087753067
75-79	0.0040485286772625525
80-84	0.0029184815541592026
85-89	0.002767716393304533
90-94	0.010294909103131253
95-99	0.022022778817688545
100	0.01732416183215356
>>END_MODULE
>>Sequence Length Distribution	pass
#Length	Count
100	1.4459574E7
>>END_MODULE
>>Sequence Duplication Levels	warn
#Total Duplicate Percentage	42.48342858208329
#Duplication Level	Relative count
1	100.0
2	20.526307258404383
3	8.632119817162122
4	4.950238272765585
5	3.234512270236976
6	2.3689499789282586
7	1.8632281907478847
8	1.5090608487048984
9	1.224592342853438
10++	17.781307744675335
>>END_MODULE
>>Overrepresented sequences	warn
#Sequence	Count	Percentage	Possible Source
TTTTTTTTTTTTTTTTTTTTTTTTTTTTTTTTTTTTTTTTTTTTTTTTTT	23487	0.1624321712382398	No Hit
>>END_MODULE
>>Kmer Content	warn
#Sequence	Count	Obs/Exp Overall	Obs/Exp Max	Max Obs/Exp Position
TTTTT	10916455	6.891067	9.82043	2
AAAAA	8340630	5.21051	7.105103	2
CTCCT	3110845	2.3744547	6.84094	1
CTCCA	2918800	2.223234	6.1937723	1
GAAGA	3046835	2.1969237	5.167429	2
CTGGA	2817620	2.1734588	6.133362	1
GAAAA	2928245	1.9653105	5.048335	2
GTTTT	2669015	1.8063152	6.68081	1
CTCAG	2186990	1.6763769	5.273258	1
GGAAA	2224595	1.6040467	5.824784	1
CTGGG	1856600	1.5386139	5.2255783	1
>>END_MODULE
