##FastQC	0.10.1
>>Basic Statistics	pass
#Measure	Value	
Filename	F_catanatus_NA_BW_3_R2.fastq.gz	
File type	Conventional base calls	
Encoding	Sanger / Illumina 1.9	
Total Sequences	16052631	
Filtered Sequences	0	
Sequence length	100	
%GC	49	
>>END_MODULE
>>Per base sequence quality	pass
#Base	Mean	Median	Lower Quartile	Upper Quartile	10th Percentile	90th Percentile
1	30.07746966836776	31.0	31.0	34.0	26.0	34.0
2	30.12206385358263	31.0	31.0	34.0	26.0	34.0
3	30.168513061815226	31.0	31.0	34.0	26.0	34.0
4	33.516351618622515	37.0	35.0	37.0	28.0	37.0
5	33.46410741018092	37.0	35.0	37.0	28.0	37.0
6	33.41662534945206	37.0	35.0	37.0	27.0	37.0
7	33.42758760230644	37.0	35.0	37.0	28.0	37.0
8	33.377024115236935	37.0	35.0	37.0	27.0	37.0
9	34.82858841021139	39.0	35.0	39.0	27.0	39.0
10-14	34.91264104930836	39.2	35.2	39.4	27.0	39.4
15-19	35.64725890727819	40.0	36.0	41.0	26.6	41.0
20-24	35.367754419820656	40.0	35.6	41.0	24.8	41.0
25-29	35.07509103024919	39.0	35.0	41.0	23.8	41.0
30-34	34.23860218303156	39.0	34.2	41.0	18.2	41.0
35-39	34.08846519925612	38.6	33.6	40.6	17.8	41.0
40-44	33.742420803169274	38.0	33.0	40.0	14.6	41.0
45-49	33.37380312298962	38.0	33.0	40.0	10.8	41.0
50-54	32.54559392787388	37.0	32.0	39.6	7.4	40.6
55-59	32.47607883094055	36.6	32.0	40.0	2.8	41.0
60-64	31.721008076495373	35.4	31.4	39.2	2.0	41.0
65-69	30.910698426943224	35.0	31.0	37.8	2.0	40.2
70-74	30.178435784140305	35.0	30.2	36.4	2.0	39.2
75-79	29.42401517857104	34.8	29.8	35.4	2.0	37.6
80-84	28.76506870431395	34.0	29.0	35.0	2.0	36.4
85-89	28.211052319087134	34.0	29.0	35.0	2.0	35.6
90-94	27.678577848079858	34.0	27.8	35.0	2.0	35.0
95-99	27.061088640235983	34.0	26.8	35.0	2.0	35.0
100	25.780481342902604	33.0	23.0	35.0	2.0	35.0
>>END_MODULE
>>Per sequence quality scores	pass
#Quality	Count
2	667630.0
3	100187.0
4	67386.0
5	58647.0
6	61384.0
7	61857.0
8	64559.0
9	68870.0
10	72226.0
11	74723.0
12	73826.0
13	73855.0
14	74815.0
15	76505.0
16	76778.0
17	76059.0
18	76636.0
19	77222.0
20	79551.0
21	84772.0
22	93202.0
23	107119.0
24	127606.0
25	152418.0
26	181260.0
27	212966.0
28	254387.0
29	300493.0
30	357261.0
31	436481.0
32	546702.0
33	705970.0
34	961421.0
35	1407680.0
36	2249938.0
37	3113162.0
38	2339887.0
39	436561.0
40	629.0
>>END_MODULE
>>Per base sequence content	fail
#Base	G	A	T	C
1	34.20955464339671	14.360332353088356	7.752350347601736	43.6777626559132
2	25.280993452362516	17.404513334330147	37.59461938557677	19.719873827730563
3	25.338592802275038	22.17421794564754	22.692325117641012	29.794864134436406
4	26.903407722394284	28.81899080057225	19.284591985210223	24.99300949182324
5	29.155863714814412	30.100091721088862	21.583934768026417	19.16010979607031
6	22.444516080666652	33.24959040954808	23.35547042159011	20.950423088195162
7	20.274991912607426	18.65049009505514	38.213972185102854	22.860545807234576
8	20.781519107016933	21.11647189297715	30.430851678768157	27.671157321237764
9	22.2818775216933	20.440399937558443	31.36879436380807	25.908928176940183
10-14	24.167258986722427	26.659444998184906	25.48128600967779	23.69201000541488
15-19	24.6044389563139	25.218256253745018	25.92143364458062	24.255871145360462
20-24	24.519196862646083	25.586160400362584	25.775644921842	24.118997815149335
25-29	24.447555291454677	25.839122677168675	25.585765212511514	24.127556818865134
30-34	24.58070438170966	25.633294758027997	25.594977493998826	24.19102336626352
35-39	24.46369220103979	25.696489283293005	25.587587863404774	24.252230652262423
40-44	24.740654422932778	25.542450939953248	25.419538403287273	24.297356233826694
45-49	24.610588249462793	25.57218926308095	25.458005368551778	24.35921711890447
50-54	24.575307459585236	25.689531055338332	25.423831697584433	24.311329787492003
55-59	24.860115645853508	25.330768274098936	25.328349504697744	24.48076657534981
60-64	24.78427505319991	25.342936722635397	25.315622113717883	24.557166110446815
65-69	24.582601583616345	25.358210155775986	25.526415971544953	24.532772289062716
70-74	24.858576042835452	25.496911031172754	25.230323931357436	24.41418899463436
75-79	24.80404165176236	25.401279389825405	25.227753234582735	24.566925723829506
80-84	24.75368323054751	25.406640762813055	25.28737346027436	24.552302546365077
85-89	24.822141298661172	25.530233816277498	25.089274986355964	24.55834989870537
90-94	24.733333878499675	25.517877275843016	25.111041907119514	24.637746938537795
95-99	24.76502984652407	25.5609712268374	25.11587923534202	24.558119691296515
100	25.1508739432529	25.145738233365662	24.690623340554907	25.012764482826533
>>END_MODULE
>>Per base GC content	fail
#Base	%GC
1	77.88731729930991
2	45.000867280093075
3	55.13345693671145
4	51.89641721421753
5	48.31597351088472
6	43.39493916886182
7	43.135537719842006
8	48.4526764282547
9	48.19080569863348
10-14	47.8592689921373
15-19	48.86031010167436
20-24	48.63819467779542
25-29	48.575112110319814
30-34	48.77172774797317
35-39	48.71592285330222
40-44	49.038010656759475
45-49	48.96980536836726
50-54	48.88663724707724
55-59	49.340882221203316
60-64	49.34144116364672
65-69	49.115373872679065
70-74	49.27276503746981
75-79	49.37096737559186
80-84	49.305985776912586
85-89	49.380491197366545
90-94	49.37108081703747
95-99	49.32314953782058
100	50.16363842607944
>>END_MODULE
>>Per sequence GC content	warn
#GC Content	Count
0	11521.0
1	7816.0
2	3750.5
3	3299.0
4	3000.5
5	2677.5
6	2498.5
7	2481.5
8	2517.5
9	2584.5
10	2638.5
11	2642.0
12	2628.0
13	2673.5
14	2889.0
15	3142.0
16	3498.0
17	4161.5
18	5193.5
19	6663.0
20	9103.5
21	12465.5
22	17204.0
23	23715.5
24	31926.5
25	42588.0
26	55559.0
27	70347.5
28	88414.0
29	110487.5
30	133450.0
31	158668.5
32	185787.5
33	208952.0
34	231112.5
35	250866.5
36	267160.5
37	287153.5
38	308748.5
39	329814.5
40	347037.0
41	363709.0
42	383781.0
43	410316.5
44	444669.0
45	476702.5
46	503765.5
47	523619.0
48	538996.5
49	556340.5
50	574656.0
51	599129.0
52	620173.5
53	631592.0
54	628452.5
55	617140.0
56	599036.0
57	570628.0
58	535100.0
59	481260.5
60	425453.5
61	369012.5
62	315652.0
63	269969.5
64	226028.0
65	192980.5
66	168170.0
67	144826.0
68	124225.0
69	98344.0
70	73605.0
71	55720.5
72	43681.0
73	36798.0
74	33093.5
75	33762.0
76	28477.5
77	20289.5
78	13967.5
79	9756.0
80	9683.5
81	11121.0
82	10870.5
83	9799.0
84	8165.0
85	5725.0
86	3767.5
87	2514.0
88	1467.0
89	1001.0
90	852.0
91	635.0
92	444.5
93	335.0
94	147.0
95	59.5
96	40.5
97	21.5
98	11.0
99	6.5
100	6.5
>>END_MODULE
>>Per base N content	pass
#Base	N-Count
1	0.03714032920833974
2	0.05119410020700034
3	0.0382740997410331
4	0.03657967345041445
5	0.04515147703824999
6	0.03428721435134215
7	0.03768852594942225
8	0.04414229667398447
9	0.035047214378751995
10-14	0.03115127981201337
15-19	0.047725509917969214
20-24	0.046194296747991026
25-29	0.02837167315438821
30-34	0.05412196916505463
35-39	0.05344544455049144
40-44	0.08968747864446645
45-49	0.06611875648297155
50-54	0.06362570721273042
55-59	0.07111606813861229
60-64	0.06188269075642492
65-69	0.06391849410853585
70-74	0.06085731367026378
75-79	0.05712832992921846
80-84	0.06340892031966598
85-89	0.060596920218249584
90-94	0.053562559308813616
95-99	0.050350624766743846
100	0.05052754280591138
>>END_MODULE
>>Sequence Length Distribution	pass
#Length	Count
100	1.6052631E7
>>END_MODULE
>>Sequence Duplication Levels	fail
#Total Duplicate Percentage	50.789882878684274
#Duplication Level	Relative count
1	100.0
2	21.88667221327291
3	9.41388893806093
4	5.458391602202121
5	3.675806765679489
6	2.8128374431325343
7	2.213626949425572
8	1.795861287638739
9	1.54449381317378
10++	28.2177692021738
>>END_MODULE
>>Overrepresented sequences	warn
#Sequence	Count	Percentage	Possible Source
TTTTTTTTTTTTTTTTTTTTTTTTTTTTTTTTTTTTTTTTTTTTTTTTTT	23994	0.1494708250628822	No Hit
>>END_MODULE
>>Kmer Content	warn
#Sequence	Count	Obs/Exp Overall	Obs/Exp Max	Max Obs/Exp Position
TTTTT	10056820	6.1278234	9.764678	2
AAAAA	7531505	4.6861215	6.407854	2
CTCCT	3392345	2.3091586	7.5945616	1
CTCCA	3282185	2.2435412	7.1888313	1
GAAGA	3381460	2.2128146	5.4901934	2
CTGGA	3099645	2.0871527	7.0014367	1
CTCTG	3056250	2.0648012	5.224512	1
CTTTT	2923615	1.8484249	5.0815544	1
CTGAA	2768200	1.8175455	5.0386786	1
GTTTT	2819945	1.7695299	7.1089015	1
GGAAA	2518645	1.6481917	5.8079267	1
CTCAG	2409330	1.6345679	5.6081176	1
CTGGG	2173795	1.50112	6.110598	1
CTCCC	1988535	1.4045042	5.110116	1
>>END_MODULE
