##FastQC	0.10.1
>>Basic Statistics	pass
#Measure	Value	
Filename	L_goodei_NA_transfer_2_R2.fastq.gz	
File type	Conventional base calls	
Encoding	Sanger / Illumina 1.9	
Total Sequences	13113333	
Filtered Sequences	0	
Sequence length	100	
%GC	51	
>>END_MODULE
>>Per base sequence quality	pass
#Base	Mean	Median	Lower Quartile	Upper Quartile	10th Percentile	90th Percentile
1	29.935339017166726	31.0	31.0	34.0	26.0	34.0
2	29.977924529179575	31.0	31.0	34.0	25.0	34.0
3	30.01779631463641	31.0	31.0	34.0	26.0	34.0
4	33.33006238764775	37.0	35.0	37.0	27.0	37.0
5	33.26030567514758	37.0	35.0	37.0	27.0	37.0
6	33.19729827649462	37.0	35.0	37.0	27.0	37.0
7	33.20962008667057	37.0	35.0	37.0	27.0	37.0
8	33.14463241343753	37.0	35.0	37.0	26.0	37.0
9	34.58392942511259	39.0	35.0	39.0	27.0	39.0
10-14	34.66543291472885	39.2	35.2	39.4	25.8	39.4
15-19	35.383201097691945	40.0	36.0	41.0	24.8	41.0
20-24	35.07467020016956	39.8	35.2	41.0	22.8	41.0
25-29	34.76094454399961	39.0	35.0	41.0	20.6	41.0
30-34	33.87358037807779	38.8	33.4	41.0	15.2	41.0
35-39	33.651387179750564	38.0	33.0	40.2	13.8	41.0
40-44	33.22100892275061	38.0	32.8	40.0	8.4	41.0
45-49	32.7738133699495	37.6	32.0	40.0	4.6	41.0
50-54	31.873925034924376	36.0	31.2	39.6	2.0	40.6
55-59	31.72487278405879	35.4	31.2	39.6	2.0	41.0
60-64	30.94969518428305	35.0	30.8	38.6	2.0	40.6
65-69	30.159705743764768	35.0	30.0	36.8	2.0	39.6
70-74	29.489634664200167	35.0	29.6	35.6	2.0	38.8
75-79	28.819093071151322	34.0	29.0	35.0	2.0	36.8
80-84	28.227948775494372	34.0	29.0	35.0	2.0	36.0
85-89	27.716502738091073	34.0	27.2	35.0	2.0	35.0
90-94	27.189001850254236	34.0	26.8	35.0	2.0	35.0
95-99	26.56013571835627	34.0	24.8	35.0	2.0	35.0
100	25.250952599159955	33.0	19.0	35.0	2.0	35.0
>>END_MODULE
>>Per sequence quality scores	pass
#Quality	Count
2	627275.0
3	93766.0
4	61859.0
5	53687.0
6	53436.0
7	55716.0
8	58981.0
9	62289.0
10	63650.0
11	64734.0
12	62158.0
13	60238.0
14	60235.0
15	60688.0
16	61232.0
17	60982.0
18	61440.0
19	62463.0
20	65248.0
21	69908.0
22	77366.0
23	89417.0
24	107712.0
25	129356.0
26	153625.0
27	181724.0
28	215152.0
29	256934.0
30	305389.0
31	374121.0
32	469460.0
33	613459.0
34	843100.0
35	1248770.0
36	1950930.0
37	2460460.0
38	1553582.0
39	262454.0
40	337.0
>>END_MODULE
>>Per base sequence content	fail
#Base	G	A	T	C
1	34.53117434344558	12.183465468512875	8.26630451076798	45.01905567727357
2	27.34747533382653	16.8145584138448	33.22576598814852	22.612200264180153
3	27.275071427541526	21.91294975548974	20.874556445857387	29.937422371111346
4	29.896951966760486	28.206917838650696	17.473323682418165	24.42280651217065
5	30.77835150532846	29.536953063433767	20.023395002072544	19.66130042916523
6	23.257492426500377	32.83068888618158	22.04007968242375	21.87173900489429
7	21.99092920353982	17.89169972535856	36.323870918523035	23.793500152578577
8	21.91374778851096	19.961137149971705	29.154644891833208	28.970470169684127
9	23.01182818363471	18.97027082633879	30.791245363577673	27.226655626448824
10-14	25.47931759012475	25.226161484271962	24.016640410219996	25.277880515383295
15-19	25.812881467062628	23.827825598201898	24.710478383743574	25.648814550991904
20-24	25.57267613212286	24.342084833808947	24.57342144055028	25.51181759351791
25-29	25.68375579588171	24.41473038856827	24.407743010077525	25.493770805472497
30-34	25.72936679512428	24.35721825796898	24.408510963243494	25.504903983663247
35-39	25.64197628379844	24.348626380552233	24.324775948778385	25.684621386870944
40-44	25.97043003160796	24.214836430139997	24.107283875513026	25.70744966273902
45-49	25.896897201928404	24.22046812616903	24.021493915528282	25.86114075637428
50-54	25.819187987734082	24.49206824623863	23.993159656471903	25.69558410955538
55-59	26.25104217614851	23.93598670776583	23.83305461838667	25.97991649769899
60-64	26.22657292198119	23.883173008025906	23.911258870213647	25.97899519977926
65-69	26.05270913769136	23.976982193793578	23.92965493329611	26.04065373521895
70-74	26.245683588987934	24.09779333311601	23.902874937595712	25.753648140300346
75-79	26.27353734726703	23.94096063113708	23.867365228581217	25.918136793014675
80-84	26.222223897609627	23.83818085567268	23.94773949142798	25.991855755289716
85-89	26.23914437202115	24.064538431242386	23.65993172724479	26.036385469491673
90-94	26.234831610978727	23.980593825722153	23.745024902080523	26.039549661218597
95-99	26.06656870111368	24.00183617505972	23.806746389902024	26.124848733924576
100	26.55503465636167	23.433634997752243	23.182871935198662	26.82845841068742
>>END_MODULE
>>Per base GC content	fail
#Base	%GC
1	79.55023002071914
2	49.95967559800668
3	57.21249379865287
4	54.31975847893115
5	50.43965193449369
6	45.12923143139467
7	45.7844293561184
8	50.88421795819509
9	50.23848381008354
10-14	50.75719810550804
15-19	51.46169601805454
20-24	51.08449372564077
25-29	51.17752660135421
30-34	51.234270778787526
35-39	51.326597670669386
40-44	51.67787969434697
45-49	51.75803795830268
50-54	51.514772097289466
55-59	52.230958673847496
60-64	52.20556812176045
65-69	52.09336287291031
70-74	51.99933172928828
75-79	52.191674140281705
80-84	52.214079652899336
85-89	52.27552984151282
90-94	52.274381272197324
95-99	52.191417435038254
100	53.383493067049095
>>END_MODULE
>>Per sequence GC content	pass
#GC Content	Count
0	17606.0
1	10998.0
2	3718.5
3	2900.5
4	2413.0
5	1875.5
6	1629.5
7	1546.5
8	1510.0
9	1497.5
10	1446.0
11	1454.5
12	1470.5
13	1492.0
14	1599.0
15	1736.5
16	1983.5
17	2385.0
18	2987.0
19	3937.0
20	5293.0
21	7318.5
22	10215.5
23	14099.5
24	19194.0
25	25806.0
26	33491.5
27	42333.5
28	52645.0
29	63804.5
30	75703.5
31	88549.0
32	102479.0
33	115798.5
34	129032.0
35	142217.5
36	152266.0
37	162238.0
38	174752.5
39	186671.0
40	198995.5
41	215621.0
42	236232.0
43	261831.0
44	297802.5
45	329300.5
46	354655.5
47	382047.0
48	401662.5
49	423797.5
50	454254.5
51	493879.5
52	531007.5
53	534880.5
54	510944.5
55	514573.5
56	525272.0
57	501161.0
58	471535.5
59	447712.0
60	426527.5
61	391301.0
62	336495.5
63	287929.0
64	265949.0
65	249281.5
66	216270.0
67	191782.0
68	177809.5
69	145872.5
70	112843.5
71	92873.5
72	73372.5
73	62191.5
74	62805.5
75	58715.5
76	49308.0
77	36456.5
78	25064.0
79	21601.0
80	18201.0
81	17899.5
82	17346.5
83	10952.0
84	5510.0
85	3742.5
86	2522.5
87	1565.5
88	991.5
89	582.5
90	326.0
91	219.5
92	161.0
93	129.0
94	106.5
95	67.0
96	34.0
97	27.5
98	21.5
99	14.0
100	7.0
>>END_MODULE
>>Per base N content	pass
#Base	N-Count
1	0.03939501879499285
2	0.054334012565684105
3	0.040371124564593915
4	0.038716320252067116
5	0.047737672794551926
6	0.03657346305473978
7	0.04066853179126924
8	0.04738688478360154
9	0.03733604568724061
10-14	0.03374733181869171
15-19	0.05131876083677582
20-24	0.04990645780138429
25-29	0.030362990095653027
30-34	0.05624656980799619
35-39	0.057122014670107135
40-44	0.09305795864407622
45-49	0.06956431290199067
50-54	0.0665582121646724
55-59	0.07429080005823081
60-64	0.06496441446274566
65-69	0.06737265041618329
70-74	0.06454651918013521
75-79	0.060204373670675486
80-84	0.06535028127479109
85-89	0.06337366709134894
90-94	0.05612455658679605
95-99	0.05305592407361271
100	0.052900357216582546
>>END_MODULE
>>Sequence Length Distribution	pass
#Length	Count
100	1.3113333E7
>>END_MODULE
>>Sequence Duplication Levels	fail
#Total Duplicate Percentage	53.546700295591826
#Duplication Level	Relative count
1	100.0
2	22.51588639605758
3	8.662084468075909
4	4.900358794795314
5	3.272381446418536
6	2.514157264513898
7	2.061124800069165
8	1.659101716163057
9	1.3547745644749924
10++	25.973284917650112
>>END_MODULE
>>Overrepresented sequences	warn
#Sequence	Count	Percentage	Possible Source
TTTTTTTTTTTTTTTTTTTTTTTTTTTTTTTTTTTTTTTTTTTTTTTTTT	20738	0.15814438632802202	No Hit
>>END_MODULE
>>Kmer Content	fail
#Sequence	Count	Obs/Exp Overall	Obs/Exp Max	Max Obs/Exp Position
TTTTT	7541150	7.4177566	10.165833	2
AAAAA	5492530	5.4976435	8.907937	2
AAGAA	2603165	2.4014099	5.5294833	2
GAAGA	2653555	2.2560732	5.754269	2
CTCCT	2756140	2.1736956	5.520157	1
CTCCA	2691340	2.130001	5.994025	1
GAAAA	2258090	2.0830793	5.88938	2
CTGGA	2520720	1.9771647	6.350422	1
AAAAT	1972370	1.9673367	5.003612	3
AAAAG	2087520	1.9257293	5.0030026	3
TTTAA	1929290	1.9109977	5.219168	7
CTTTT	2080485	1.9011675	5.5790863	1
GTTTT	1982650	1.8036628	6.845868	1
CTGAA	2105015	1.791484	5.1673636	1
TTTCA	1862445	1.7078632	5.341795	6
GGAAA	1873525	1.5928855	6.373522	1
CTGGG	1818675	1.3147217	5.139231	1
>>END_MODULE
