##FastQC	0.10.1
>>Basic Statistics	pass
#Measure	Value	
Filename	F_olivaceous_NA_transfer_1_R2.fastq.gz	
File type	Conventional base calls	
Encoding	Sanger / Illumina 1.9	
Total Sequences	11437097	
Filtered Sequences	0	
Sequence length	100	
%GC	48	
>>END_MODULE
>>Per base sequence quality	fail
#Base	Mean	Median	Lower Quartile	Upper Quartile	10th Percentile	90th Percentile
1	29.08547772218772	31.0	30.0	34.0	23.0	34.0
2	28.974403906865525	31.0	30.0	34.0	18.0	34.0
3	29.05559793713387	31.0	30.0	34.0	20.0	34.0
4	32.38357373378926	35.0	33.0	37.0	22.0	37.0
5	32.32864222450854	35.0	33.0	37.0	22.0	37.0
6	32.22041764619116	35.0	33.0	37.0	21.0	37.0
7	32.20441174889047	35.0	33.0	37.0	20.0	37.0
8	32.13248632935438	35.0	33.0	37.0	19.0	37.0
9	33.455133938271224	38.0	33.0	39.0	19.0	39.0
10-14	33.53283423232311	38.2	33.0	39.4	17.6	39.4
15-19	34.127209378393836	39.0	33.0	41.0	17.2	41.0
20-24	33.866402094867254	39.0	33.0	41.0	15.8	41.0
25-29	33.610465243059494	38.4	33.0	40.6	11.6	41.0
30-34	33.24378920629947	38.0	32.2	40.0	8.6	41.0
35-39	32.81437160146495	38.0	31.8	40.0	6.2	41.0
40-44	32.351537002790124	38.0	31.0	40.0	2.0	41.0
45-49	31.934137132875588	37.2	31.0	40.0	2.0	41.0
50-54	31.087587977963288	36.0	29.6	39.4	2.0	40.6
55-59	31.08305472970982	35.8	30.0	39.6	2.0	41.0
60-64	30.31530808910688	35.0	29.0	38.8	2.0	40.8
65-69	29.46383945156713	34.8	28.4	37.4	2.0	40.0
70-74	28.763031405609308	34.0	28.0	36.2	2.0	39.0
75-79	28.003319601119063	34.0	27.0	35.0	2.0	37.2
80-84	27.335114041613885	34.0	26.0	35.0	2.0	36.2
85-89	26.75699368467365	33.4	25.0	35.0	2.0	35.2
90-94	26.211833842101715	33.0	24.2	35.0	2.0	35.0
95-99	25.509899566297285	33.0	20.4	35.0	2.0	35.0
100	24.142160025398052	32.0	2.0	34.0	2.0	35.0
>>END_MODULE
>>Per sequence quality scores	pass
#Quality	Count
2	648892.0
3	95759.0
4	62331.0
5	51648.0
6	50690.0
7	52167.0
8	55808.0
9	62027.0
10	67052.0
11	68816.0
12	65695.0
13	64326.0
14	64818.0
15	66236.0
16	65986.0
17	65696.0
18	65429.0
19	66010.0
20	67355.0
21	70184.0
22	79014.0
23	92642.0
24	111286.0
25	133641.0
26	161131.0
27	189366.0
28	220063.0
29	257222.0
30	302603.0
31	361520.0
32	440365.0
33	553716.0
34	720020.0
35	993195.0
36	1456395.0
37	1890057.0
38	1352839.0
39	244764.0
40	333.0
>>END_MODULE
>>Per base sequence content	fail
#Base	G	A	T	C
1	37.13517919725298	14.778672128982489	6.79048129661197	41.295667377152554
2	25.979854498082926	17.259192433142672	37.56535958602	19.1955934827544
3	26.422189657484935	21.8554183409465	21.924651217402342	29.797740784166223
4	28.584846313497238	27.76166696289496	18.96967835205636	24.683808371551446
5	30.159946779173367	28.546955089022852	22.020878064910338	19.272220066893436
6	23.59461893700398	32.2567784384512	23.41696048260542	20.731642141939403
7	21.337145202436805	19.606225045949916	36.676404818329445	22.380224933283834
8	21.41227372583403	21.60602308513426	30.464858514248288	26.516844674783425
9	22.286761038066153	20.423456384212844	32.09667562413884	25.193106953582173
10-14	24.3603584714848	26.571759344954447	25.70436585763384	23.363516325926913
15-19	24.609173296647327	25.309954121672746	26.029235753622014	24.05163682805791
20-24	24.50094836105121	25.71324493631063	25.861202771311625	23.924603931326534
25-29	24.431478583655498	25.687119706016396	25.863061829582218	24.018339880745888
30-34	24.409728355233707	25.701087088223595	25.771121741615747	24.11806281492695
35-39	24.393523174413303	25.779596221288426	25.77429197092193	24.052588633376338
40-44	24.512583093237364	25.69482186099285	25.639873802111584	24.1527212436582
45-49	24.46323259900883	25.680062704181505	25.63856862772814	24.218136069081524
50-54	24.36158653383651	25.76868836171921	25.73689966024349	24.132825444200787
55-59	24.509378747865927	25.684400894898076	25.568485978199906	24.23773437903609
60-64	24.45845970537546	25.62744100522612	25.572424872064794	24.34167441733363
65-69	24.39843226764042	25.70863828661362	25.639248156320072	24.253681289425895
70-74	24.524129303160713	25.651695444363394	25.55806324065107	24.266112011824823
75-79	24.45903951525854	25.58356870544099	25.533679510256675	24.423712269043797
80-84	24.465286792278864	25.665248966730054	25.54442065719354	24.32504358379754
85-89	24.627982500358545	25.63101862484936	25.405760089564527	24.33523878522757
90-94	24.49726818275895	25.56167967482454	25.464353125875615	24.476699016540895
95-99	24.528736104324363	25.676391327473546	25.483868416984784	24.311004151217308
100	25.07298465607818	25.31423463202403	24.966149254671315	24.64663145722648
>>END_MODULE
>>Per base GC content	fail
#Base	%GC
1	78.43084657440555
2	45.175447980837326
3	56.21993044165116
4	53.26865468504868
5	49.432166846066806
6	44.32626107894338
7	43.71737013572064
8	47.92911840061745
9	47.47986799164832
10-14	47.72387479741171
15-19	48.660810124705236
20-24	48.425552292377745
25-29	48.44981846440138
30-34	48.527791170160654
35-39	48.44611180778964
40-44	48.66530433689557
45-49	48.68136866809035
50-54	48.4944119780373
55-59	48.74711312690202
60-64	48.80013412270909
65-69	48.652113557066315
70-74	48.790241314985536
75-79	48.882751784302336
80-84	48.790330376076405
85-89	48.963221285586116
90-94	48.97396719929984
95-99	48.83974025554167
100	49.71961611330465
>>END_MODULE
>>Per sequence GC content	warn
#GC Content	Count
0	6665.0
1	5657.0
2	4447.0
3	4263.5
4	3632.5
5	2595.0
6	2085.5
7	1932.0
8	1879.5
9	1885.5
10	1871.5
11	1858.0
12	1909.5
13	1996.5
14	2177.0
15	2402.0
16	2676.5
17	3078.5
18	3811.5
19	5020.5
20	6898.5
21	9484.5
22	12938.0
23	17657.0
24	24053.0
25	32004.5
26	41718.5
27	53156.5
28	65783.0
29	79304.5
30	95046.0
31	113268.0
32	132391.0
33	149829.0
34	164969.0
35	179294.5
36	193499.5
37	206879.0
38	219081.0
39	232317.0
40	245648.5
41	259095.0
42	276736.5
43	294851.0
44	313040.0
45	328801.5
46	342887.0
47	365098.0
48	387639.5
49	407831.0
50	425615.5
51	439515.0
52	452362.0
53	459536.0
54	457665.5
55	447333.0
56	431156.5
57	409116.0
58	381270.0
59	348216.5
60	312487.0
61	275109.5
62	237091.5
63	202084.5
64	170447.5
65	141865.5
66	116465.5
67	95200.5
68	77286.5
69	60779.5
70	46518.5
71	35920.0
72	27220.0
73	20176.5
74	15120.0
75	11272.5
76	8355.0
77	5988.0
78	4219.0
79	3046.0
80	2285.5
81	1789.5
82	1374.0
83	987.5
84	709.0
85	520.0
86	379.5
87	281.5
88	196.5
89	130.5
90	93.0
91	64.5
92	41.5
93	32.0
94	23.0
95	13.0
96	7.0
97	8.5
98	7.0
99	2.5
100	0.5
>>END_MODULE
>>Per base N content	pass
#Base	N-Count
1	0.031537723252675044
2	0.2908168042992028
3	0.06606571580183328
4	0.039109574746109085
5	0.047931743518482006
6	0.039223239953285347
7	0.04446058296086848
8	0.037465800980790845
9	0.03658270975580604
10-14	0.04841962956159242
15-19	0.045144322899421066
20-24	0.08202955697586548
25-29	0.03613504370908107
30-34	0.05657029926387788
35-39	0.041582230176066534
40-44	0.04555351764525561
45-49	0.040410604194403524
50-54	0.04138462758512934
55-59	0.04451479252121408
60-64	0.04527022897506247
65-69	0.04052951548806485
70-74	0.03554048724077447
75-79	0.039882498154907665
80-84	0.049575517283800254
85-89	0.053709433434026135
90-94	0.038915469546161936
95-99	0.04101915022667028
100	0.03984402685401724
>>END_MODULE
>>Sequence Length Distribution	pass
#Length	Count
100	1.1437097E7
>>END_MODULE
>>Sequence Duplication Levels	warn
#Total Duplicate Percentage	38.39662447257383
#Duplication Level	Relative count
1	100.0
2	19.679327521793276
3	8.05417185554172
4	4.5960460772104605
5	3.1413449564134495
6	2.2875155666251556
7	1.785491905354919
8	1.4726027397260273
9	1.2157534246575343
10++	13.433997509339974
>>END_MODULE
>>Overrepresented sequences	pass
>>END_MODULE
>>Kmer Content	warn
#Sequence	Count	Obs/Exp Overall	Obs/Exp Max	Max Obs/Exp Position
TTTTT	7924050	6.5242033	9.099978	10-14
AAAAA	5679190	4.878438	6.408495	2
CTCCT	2596120	2.5108128	7.3802037	1
GGAGG	2553415	2.480441	5.1385293	1
CTCCA	2413430	2.3540034	6.6968718	1
CTGGA	2392565	2.2672644	7.498042	1
CTCTG	2349235	2.2394898	5.4599805	1
GAAGA	2430665	2.2203736	5.374602	2
GAAAA	2276830	2.0168717	5.2191086	2
CTTTT	2223140	1.931302	5.964204	1
GGGGG	1927265	1.9306443	5.7380695	1
GTTTT	2167975	1.8563962	7.13905	1
CTCAG	1750310	1.682753	5.1664863	1
GGAAG	1785975	1.6824013	5.2476325	1
GGAAA	1823365	1.6656147	6.191049	1
CTGGG	1637730	1.6004201	6.8505726	1
GTGGA	1632835	1.525154	5.2514076	1
GGGAG	1534080	1.4902376	5.2493014	1
GGGGA	1384795	1.345219	5.0314965	1
>>END_MODULE
