##FastQC	0.10.1
>>Basic Statistics	pass
#Measure	Value	
Filename	F_chrysotus_NA_BW_1_R1.fastq.gz	
File type	Conventional base calls	
Encoding	Sanger / Illumina 1.9	
Total Sequences	13768147	
Filtered Sequences	0	
Sequence length	100	
%GC	47	
>>END_MODULE
>>Per base sequence quality	pass
#Base	Mean	Median	Lower Quartile	Upper Quartile	10th Percentile	90th Percentile
1	30.03545626001814	31.0	30.0	34.0	25.0	34.0
2	30.368708803007404	31.0	30.0	34.0	26.0	34.0
3	29.924844134798967	31.0	30.0	34.0	25.0	34.0
4	31.55415685204407	35.0	32.0	37.0	16.0	37.0
5	32.65958323948749	35.0	33.0	37.0	19.0	37.0
6	33.082965558110324	36.0	33.0	37.0	27.0	37.0
7	33.23633441740562	36.0	35.0	37.0	27.0	37.0
8	33.225959165020534	37.0	35.0	37.0	27.0	37.0
9	34.68276079562486	39.0	35.0	39.0	27.0	39.0
10-14	34.73769762917261	39.2	35.2	39.4	27.0	39.4
15-19	34.87001087364916	39.2	33.8	41.0	21.8	41.0
20-24	35.10977130037905	39.0	35.0	41.0	24.6	41.0
25-29	34.80252343325503	39.0	34.0	41.0	23.2	41.0
30-34	34.42171207207477	39.0	34.0	41.0	20.6	41.0
35-39	34.04165440708906	38.2	33.0	40.6	17.4	41.0
40-44	33.80378794619203	38.0	33.0	40.6	15.4	41.0
45-49	33.35174733390049	38.0	33.0	40.0	10.6	41.0
50-54	32.737453456881305	37.4	32.0	40.0	6.2	41.0
55-59	31.39966977400808	36.0	30.0	39.8	2.0	41.0
60-64	31.239359501318518	35.0	30.6	39.0	2.0	40.8
65-69	30.53915630040847	35.0	30.0	37.6	2.0	40.0
70-74	29.76845216716527	34.8	29.4	36.4	2.0	39.0
75-79	28.662933741192624	33.8	28.2	35.2	2.0	37.4
80-84	28.588139464228554	34.0	29.0	35.0	2.0	36.4
85-89	28.08978339641493	34.0	29.0	35.0	2.0	35.6
90-94	27.04323357384258	34.0	25.6	35.0	2.0	35.0
95-99	26.886717145015957	34.0	26.6	35.0	2.0	35.0
100	25.827533363785264	33.0	24.0	35.0	2.0	35.0
>>END_MODULE
>>Per sequence quality scores	pass
#Quality	Count
2	453124.0
3	141380.0
4	76038.0
5	57882.0
6	56924.0
7	54823.0
8	56049.0
9	61292.0
10	66628.0
11	72159.0
12	76575.0
13	80305.0
14	81825.0
15	80963.0
16	78178.0
17	75920.0
18	73344.0
19	71298.0
20	71160.0
21	73920.0
22	81452.0
23	95985.0
24	116179.0
25	142400.0
26	173246.0
27	209017.0
28	249257.0
29	292797.0
30	350328.0
31	421448.0
32	515888.0
33	656525.0
34	878556.0
35	1246226.0
36	1853217.0
37	2475524.0
38	1830618.0
39	319186.0
40	511.0
>>END_MODULE
>>Per base sequence content	fail
#Base	G	A	T	C
1	35.47526119785588	15.58190017213206	8.994289171679004	39.94854945833306
2	24.14782600926996	18.3528344133613	38.3983845085515	19.100955068817235
3	24.612839611986157	23.003940425130107	24.019633122814156	28.363586840069583
4	25.78886967365207	29.90668080658011	20.20826271317833	24.09618680658949
5	27.574726215975296	30.960490027788072	22.512431125434514	18.95235263080211
6	21.982665471582724	33.77073173176685	24.146979053415357	20.099623743235068
7	19.723233712075423	19.058558482645118	39.240892523407936	21.97731528187152
8	20.408048074469985	21.6072147735838	31.324382666365246	26.660354485580974
9	21.84739451795958	20.722233381364056	32.35749241127907	25.072879689397293
10-14	23.439123617703313	27.073940847868013	26.589153546863365	22.897781987565313
15-19	23.718356914073663	25.88939411653329	26.94590597343304	23.446342995960016
20-24	23.6304212241258	26.049655898285835	26.887633302288528	23.43228957529984
25-29	23.70115289677636	26.198943134978837	26.66760076270467	23.432303205540133
30-34	23.5304864538953	26.17557524181041	26.72579226279334	23.568146041500952
35-39	23.579671857771086	26.245269023409328	26.61381828357144	23.561240835248146
40-44	23.678715798398486	26.258082901450518	26.473292772337093	23.589908527813904
45-49	23.652692040215328	26.260898385010194	26.435649675923962	23.65075989885051
50-54	23.638560408039563	26.338323409054716	26.413546885101617	23.609569297804107
55-59	23.72767203930496	26.186173725452278	26.376709626428465	23.709444608814305
60-64	23.702543284341115	26.183124886383606	26.344883252247147	23.76944857702813
65-69	23.654666407647404	26.388167501131228	26.239117148928315	23.71804894229306
70-74	23.750331573945566	26.34050152865394	26.18569971327025	23.72346718413024
75-79	23.653240603469676	26.325373841195688	26.206308238377176	23.815077316957463
80-84	23.66476920204188	26.356707253739764	26.1706346249103	23.807888919308056
85-89	23.74576386983934	26.406349162722066	26.03262153073791	23.815265436700688
90-94	23.647055023213536	26.343811139453948	26.028122473876103	23.98101136345641
95-99	23.634368211276612	26.488835763839226	26.043975942174235	23.832820082709926
100	23.873481549725575	26.33031980291661	25.63636306849435	24.159835578863465
>>END_MODULE
>>Per base GC content	fail
#Base	%GC
1	75.42381065618893
2	43.2487810780872
3	52.97642645205573
4	49.88505648024156
5	46.52707884677741
6	42.08228921481779
7	41.700548993946946
8	47.068402560050956
9	46.92027420735687
10-14	46.336905605268626
15-19	47.16469991003368
20-24	47.06271079942564
25-29	47.133456102316494
30-34	47.098632495396245
35-39	47.14091269301923
40-44	47.2686243262124
45-49	47.30345193906584
50-54	47.24812970584367
55-59	47.437116648119265
60-64	47.47199186136925
65-69	47.372715349940464
70-74	47.4737987580758
75-79	47.46831792042714
80-84	47.47265812134994
85-89	47.56102930654003
90-94	47.62806638666995
95-99	47.46718829398654
100	48.03331712858904
>>END_MODULE
>>Per sequence GC content	fail
#GC Content	Count
0	42518.0
1	27357.5
2	9890.5
3	7381.0
4	7031.0
5	6766.5
6	6672.0
7	6766.5
8	6837.0
9	6793.0
10	6810.0
11	7007.5
12	7030.5
13	6979.0
14	7116.0
15	7277.5
16	7611.5
17	8239.0
18	9095.5
19	10656.5
20	13336.0
21	17023.0
22	22217.5
23	29830.0
24	39082.5
25	49700.0
26	63321.5
27	78739.5
28	95635.0
29	114946.5
30	136578.0
31	160880.5
32	186708.0
33	208251.5
34	227266.5
35	245369.5
36	262016.5
37	278187.5
38	294875.5
39	309279.0
40	319685.5
41	335396.5
42	353508.5
43	369645.5
44	390537.0
45	413056.5
46	434000.0
47	452387.5
48	474888.5
49	497341.0
50	509699.0
51	519732.0
52	531338.0
53	535649.0
54	527854.0
55	513440.0
56	492255.5
57	457289.5
58	413991.5
59	370381.5
60	324450.5
61	280673.0
62	237420.0
63	197342.0
64	164625.5
65	135855.5
66	111422.0
67	91079.0
68	72831.5
69	56281.0
70	42315.0
71	31096.5
72	21656.5
73	15803.0
74	12637.0
75	9888.5
76	7464.5
77	5789.0
78	4550.5
79	3464.0
80	2889.0
81	2461.0
82	1770.5
83	1201.0
84	936.0
85	738.0
86	481.5
87	312.0
88	233.5
89	171.5
90	123.0
91	93.5
92	67.0
93	46.5
94	41.0
95	22.0
96	9.0
97	5.5
98	2.5
99	1.0
100	0.0
>>END_MODULE
>>Per base N content	pass
#Base	N-Count
1	0.12403266757683513
2	0.003253887396757167
3	0.0043360954818393495
4	3.965682527939308
5	0.007924087388084975
6	0.012710497643582685
7	0.013618390332410017
8	0.015768280219553146
9	0.01926185128616073
10-14	0.021616561763903305
15-19	0.2025995219254995
20-24	0.005339861638606851
25-29	0.005999354887771027
30-34	0.01595712189882923
35-39	0.016167753002637175
40-44	0.018937915174787136
45-49	0.007542046144626434
50-54	0.008484801912704738
55-59	0.9555156550841591
60-64	0.002377952530576555
65-69	0.0022980579739597493
70-74	0.003479044783586346
75-79	0.00321611906090195
80-84	0.003720181081738886
85-89	0.004994136102701402
90-94	1.0226270826422756
95-99	0.010047829965789878
100	0.00416904322709512
>>END_MODULE
>>Sequence Length Distribution	pass
#Length	Count
100	1.3768147E7
>>END_MODULE
>>Sequence Duplication Levels	warn
#Total Duplicate Percentage	41.985329569764126
#Duplication Level	Relative count
1	100.0
2	19.665147052890628
3	8.272078105458506
4	4.7944487029491265
5	3.2630007665308427
6	2.2818412877718157
7	1.8316052769596967
8	1.5532335498446765
9	1.308750554726268
10++	18.404808972445235
>>END_MODULE
>>Overrepresented sequences	warn
#Sequence	Count	Percentage	Possible Source
TTTTTTTTTTTTTTTTTTTTTTTTTTTTTTTTTTTTTTTTTTTTTTTTTT	66263	0.4812775459181254	No Hit
>>END_MODULE
>>Kmer Content	fail
#Sequence	Count	Obs/Exp Overall	Obs/Exp Max	Max Obs/Exp Position
TTTTT	16677305	9.822316	14.558956	2
AAAAA	9423550	5.962265	8.005046	95-96
CTCCT	2953480	2.4032075	7.5024214	1
CTCCA	2833005	2.3384407	7.0726795	1
CTGGA	2739850	2.2646224	6.823607	1
TCCAG	2688390	2.2205791	5.0543365	7
CTCTG	2696130	2.195296	5.115307	1
GAAGA	2862570	2.1861446	5.4212704	2
GAAAA	2860160	1.9881545	5.1362076	2
GTTTT	2635775	1.7301395	6.4298654	1
GGAAG	2060695	1.7290179	5.422871	1
CTCAG	2038850	1.6840667	5.477993	1
GGAAA	2155520	1.6461705	6.3085423	1
CTGGG	1751950	1.5909396	5.7726135	1
GGGAG	1620815	1.4941088	5.247612	1
GGGAA	1587040	1.3315995	5.1469336	1
GGGGA	1444195	1.3312958	5.046573	1
>>END_MODULE
