##FastQC	0.10.1
>>Basic Statistics	pass
#Measure	Value	
Filename	F_diaphanus_NA_transfer_2_R2.fastq.gz	
File type	Conventional base calls	
Encoding	Sanger / Illumina 1.9	
Total Sequences	6571329	
Filtered Sequences	0	
Sequence length	100	
%GC	49	
>>END_MODULE
>>Per base sequence quality	fail
#Base	Mean	Median	Lower Quartile	Upper Quartile	10th Percentile	90th Percentile
1	28.564916777108557	31.0	30.0	34.0	16.0	34.0
2	28.565272565108216	31.0	30.0	34.0	16.0	34.0
3	28.605027537047683	31.0	30.0	34.0	16.0	34.0
4	31.82593947130025	35.0	33.0	37.0	17.0	37.0
5	31.741006119157937	35.0	33.0	37.0	16.0	37.0
6	31.60785268855052	35.0	32.0	37.0	15.0	37.0
7	31.64402010613074	35.0	32.0	37.0	15.0	37.0
8	31.576044967463964	35.0	32.0	37.0	13.0	37.0
9	32.827767412041005	38.0	33.0	39.0	11.0	39.0
10-14	32.86174267031829	38.2	32.8	39.4	10.0	39.4
15-19	33.433126967162956	38.8	33.0	41.0	8.8	41.0
20-24	33.091821060853896	38.4	32.0	40.8	4.2	41.0
25-29	32.79574847036269	38.0	32.0	40.0	2.0	41.0
30-34	32.417426094477996	38.0	31.2	40.0	2.0	41.0
35-39	31.93558551093698	38.0	30.4	40.0	2.0	41.0
40-44	31.412604208372464	37.6	30.0	40.0	2.0	41.0
45-49	30.883747321127885	37.0	29.2	40.0	2.0	41.0
50-54	30.1862208086066	35.8	28.6	39.2	2.0	40.4
55-59	30.111189715200688	35.4	28.4	39.4	2.0	41.0
60-64	29.314159129758984	35.0	27.6	38.6	2.0	40.4
65-69	28.54054067297498	34.4	26.2	37.2	2.0	39.8
70-74	27.78260361031992	34.0	26.0	35.8	2.0	39.0
75-79	27.04149181999562	34.0	24.8	35.0	2.0	37.2
80-84	26.355567344139974	33.2	23.4	35.0	2.0	36.0
85-89	25.772551275396495	33.0	20.6	35.0	2.0	35.0
90-94	25.19272819851205	33.0	16.4	35.0	2.0	35.0
95-99	24.461206979592713	33.0	3.0	35.0	2.0	35.0
100	23.150184079963125	31.0	2.0	34.0	2.0	35.0
>>END_MODULE
>>Per sequence quality scores	pass
#Quality	Count
2	495029.0
3	66920.0
4	42363.0
5	33868.0
6	32656.0
7	33449.0
8	34993.0
9	37529.0
10	40446.0
11	40459.0
12	39593.0
13	38828.0
14	38459.0
15	39173.0
16	39664.0
17	38906.0
18	39318.0
19	39770.0
20	40757.0
21	43224.0
22	47772.0
23	54868.0
24	64626.0
25	76249.0
26	89679.0
27	104876.0
28	122353.0
29	143548.0
30	168377.0
31	200596.0
32	247792.0
33	313117.0
34	410427.0
35	568652.0
36	838909.0
37	1048887.0
38	702197.0
39	112880.0
40	120.0
>>END_MODULE
>>Per base sequence content	fail
#Base	G	A	T	C
1	37.37543414790396	12.043469139760687	10.519144525770582	40.061952186564774
2	28.444508592459083	20.690931972705222	28.278723529618645	22.585835905217046
3	28.829815803944804	26.12092132739057	20.190331457899564	24.85893141076506
4	30.792946612417648	31.151675236641687	17.528452190196354	20.526925960744315
5	29.9043179113478	32.030381868191675	20.118419315879688	17.94688090458083
6	22.096154645420288	35.14930220994887	22.35112825212	20.403414892510842
7	21.90516947007006	18.58180930767377	36.77396312743173	22.73905809482444
8	22.616930158241086	21.013359184187948	28.95640773796294	27.413302919608025
9	22.268587072793526	19.686827155227142	31.69222772652574	26.352358045453588
10-14	25.056512793471043	26.232585979395758	24.759770392800753	23.951130834332453
15-19	24.913131509960753	25.174218043533198	25.64299611191119	24.269654334594858
20-24	24.917297160150923	25.9482993566794	25.258549040411392	23.875854442758286
25-29	24.8647333024034	25.87632167615875	25.15323406530112	24.10571095613673
30-34	24.63666966893828	25.784914484889264	25.46329863776683	24.115117208405625
35-39	24.73485489110306	25.838080431401494	25.247807881169738	24.179256796325706
40-44	24.892805848532156	25.691206640520885	25.183480942771197	24.23250656817576
45-49	24.84347432589738	25.682300946214898	25.20372845804818	24.27049626983955
50-54	24.70830703911842	25.826861571031046	25.257064081303533	24.207767308547
55-59	24.999224078440477	25.525492305096805	25.11540976562235	24.359873850840373
60-64	24.777710899994986	25.608992061388562	25.1629031720638	24.45039386655265
65-69	24.728908277137702	25.63928466693514	25.28067461619926	24.351132439727895
70-74	24.864729930978264	25.681658397616193	25.108129871691304	24.345481799714236
75-79	24.79508634808189	25.58094321461773	25.180066312763895	24.443904124536484
80-84	24.81224275926213	25.728714167982762	25.069323208297483	24.38971986445763
85-89	24.96947150355898	25.55100380230314	25.008243166121375	24.4712815280165
90-94	24.85120754602646	25.563282184111312	25.033009754857975	24.552500515004247
95-99	24.92588232829076	25.609782838297818	25.04346803337741	24.42086680003401
100	25.471302763067648	25.186526253467388	24.52604758650347	24.81612339696149
>>END_MODULE
>>Per base GC content	fail
#Base	%GC
1	77.43738633446873
2	51.030344497676126
3	53.68874721470986
4	51.31987257316196
5	47.85119881592863
6	42.49956953793113
7	44.6442275648945
8	50.030233077849104
9	48.620945118247114
10-14	49.007643627803496
15-19	49.18278584455561
20-24	48.793151602909205
25-29	48.97044425854013
30-34	48.7517868773439
35-39	48.91411168742877
40-44	49.125312416707914
45-49	49.11397059573693
50-54	48.91607434766542
55-59	49.35909792928085
60-64	49.22810476654764
65-69	49.0800407168656
70-74	49.2102117306925
75-79	49.238990472618376
80-84	49.20196262371976
85-89	49.44075303157548
90-94	49.403708061030706
95-99	49.346749128324774
100	50.287426160029135
>>END_MODULE
>>Per sequence GC content	warn
#GC Content	Count
0	4245.0
1	2704.5
2	1102.0
3	980.0
4	839.0
5	726.5
6	683.0
7	660.0
8	673.0
9	718.0
10	742.5
11	807.0
12	848.5
13	911.5
14	1035.5
15	1179.5
16	1426.0
17	1776.5
18	2192.5
19	2893.5
20	4055.5
21	5694.5
22	7790.5
23	10474.0
24	14118.5
25	18754.5
26	24803.5
27	31742.0
28	38973.0
29	46429.0
30	55667.0
31	65845.0
32	74369.5
33	84547.0
34	94186.5
35	101554.5
36	108836.5
37	115136.5
38	120844.0
39	128360.0
40	135371.0
41	141495.0
42	149142.0
43	158847.5
44	169802.5
45	180088.0
46	191132.0
47	201970.0
48	213726.5
49	225395.5
50	235181.5
51	245845.0
52	255305.0
53	259571.5
54	259483.5
55	257701.0
56	251822.5
57	242285.0
58	228471.0
59	208018.0
60	185868.5
61	164133.0
62	144151.0
63	126054.5
64	107502.0
65	89603.0
66	74647.0
67	62348.0
68	51475.0
69	41076.0
70	31600.5
71	23870.0
72	17996.0
73	14167.5
74	11698.0
75	9466.5
76	7074.0
77	5075.5
78	3642.0
79	2608.5
80	1988.5
81	1663.5
82	1454.0
83	1196.5
84	919.5
85	636.5
86	429.5
87	328.5
88	259.0
89	199.0
90	129.5
91	73.0
92	49.0
93	36.5
94	21.0
95	8.0
96	8.0
97	7.0
98	4.5
99	2.5
100	1.5
>>END_MODULE
>>Per base N content	pass
#Base	N-Count
1	0.041315843416149155
2	0.048483343323702105
3	0.04402458011157256
4	0.04343109285808091
5	0.042700647007629655
6	0.042700647007629655
7	0.04117888481918954
8	0.03598967575660875
9	0.04770724460759764
10-14	0.03343311528002935
15-19	0.03878971818333856
20-24	0.04095366401530041
25-29	0.024972117512302307
30-34	0.04180585084082687
35-39	0.033904861558445784
40-44	0.08489911249307408
45-49	0.06287312657759184
50-54	0.0605387433805247
55-59	0.07522983554772558
60-64	0.07289545235065845
65-69	0.06724362758279186
70-74	0.06008830177274642
75-79	0.061269189230975955
80-84	0.07696464444254732
85-89	0.07117890460209798
90-94	0.05207470208842078
95-99	0.06397792592639936
100	0.06733797683847514
>>END_MODULE
>>Sequence Length Distribution	pass
#Length	Count
100	6571329.0
>>END_MODULE
>>Sequence Duplication Levels	warn
#Total Duplicate Percentage	33.564489144073924
#Duplication Level	Relative count
1	100.0
2	17.013772133786443
3	6.1019495617957435
4	3.3954569844392775
5	2.2056877123949206
6	1.6319084242532642
7	1.307816133071007
8	1.038096941513146
9	0.9136111607941334
10++	9.478805222679306
>>END_MODULE
>>Overrepresented sequences	warn
#Sequence	Count	Percentage	Possible Source
TTTTTTTTTTTTTTTTTTTTTTTTTTTTTTTTTTTTTTTTTTTTTTTTTT	7757	0.11804309295729981	No Hit
>>END_MODULE
>>Kmer Content	warn
#Sequence	Count	Obs/Exp Overall	Obs/Exp Max	Max Obs/Exp Position
TTTTT	3875810	6.208231	8.267852	2
AAAAA	3289935	4.810604	9.531834	2
TCCAG	1351550	2.2567935	5.1144066	7
CTGGA	1379420	2.2370093	7.03971	1
GAAGA	1434955	2.1781368	5.606668	2
AAGAA	1454615	2.1670938	5.038857	2
GAAAA	1333740	1.9870133	6.591548	1
GGAGA	1279865	1.9793767	5.376128	1
CTTTT	1179960	1.9469723	5.0034285	1
AAAAC	1229500	1.8860214	5.1403456	3
GTTTT	1173705	1.8808885	6.559641	1
AAAAG	1262410	1.8807455	5.20467	3
AAAAT	1230860	1.8329033	5.670352	3
CTGAA	1143130	1.8194896	5.0777564	1
GGAAG	1078880	1.668543	5.4340153	1
GGAAA	1065940	1.6180043	6.973036	1
CTGGG	928050	1.5334159	5.24817	1
GCCAG	884110	1.4769465	5.289294	1
GGGAG	917565	1.4458337	5.40421	1
>>END_MODULE
