##FastQC	0.10.1
>>Basic Statistics	pass
#Measure	Value	
Filename	F_heteroclitus_MDPP_transfer_3_R2.fastq.gz	
File type	Conventional base calls	
Encoding	Sanger / Illumina 1.9	
Total Sequences	15065332	
Filtered Sequences	0	
Sequence length	100	
%GC	49	
>>END_MODULE
>>Per base sequence quality	pass
#Base	Mean	Median	Lower Quartile	Upper Quartile	10th Percentile	90th Percentile
1	30.910836813951395	33.0	31.0	34.0	28.0	34.0
2	30.96015208957891	33.0	31.0	34.0	27.0	34.0
3	31.016739956344807	34.0	31.0	34.0	27.0	34.0
4	34.428979991944416	37.0	35.0	37.0	31.0	37.0
5	34.383395931798916	37.0	35.0	37.0	30.0	37.0
6	34.347427126066655	37.0	35.0	37.0	31.0	37.0
7	34.35099226489002	37.0	35.0	37.0	31.0	37.0
8	34.308620214941165	37.0	35.0	37.0	30.0	37.0
9	35.878216756192295	39.0	37.0	39.0	31.0	39.0
10-14	36.01838983701122	39.2	37.0	39.4	30.2	39.4
15-19	36.88894226824872	40.0	37.0	41.0	30.6	41.0
20-24	36.66748703579849	40.0	37.0	41.0	30.0	41.0
25-29	36.430362862232315	40.0	37.0	41.0	29.6	41.0
30-34	35.59503371050833	40.0	35.8	41.0	23.2	41.0
35-39	35.53531424332368	39.0	34.8	41.0	25.8	41.0
40-44	35.24715116799284	39.0	35.0	41.0	25.4	41.0
45-49	34.94275997369324	39.0	35.0	41.0	24.4	41.0
50-54	34.08331297312266	38.0	33.6	40.0	23.2	40.6
55-59	34.01297014894859	37.4	34.0	40.0	22.8	41.0
60-64	33.28730835802357	36.0	33.0	39.6	21.4	41.0
65-69	32.49801926701649	35.0	33.0	38.6	20.0	40.6
70-74	31.792810168405186	35.0	32.4	36.8	18.0	39.4
75-79	31.074263428114296	35.0	32.0	35.6	12.4	38.0
80-84	30.456549394331308	35.0	31.4	35.0	5.6	36.6
85-89	29.959508067927082	35.0	31.0	35.0	2.0	36.0
90-94	29.50524095984078	34.2	31.0	35.0	2.0	35.0
95-99	28.993367500961813	34.0	30.4	35.0	2.0	35.0
100	27.779081005317373	34.0	27.0	35.0	2.0	35.0
>>END_MODULE
>>Per sequence quality scores	pass
#Quality	Count
2	400061.0
3	63789.0
4	44729.0
5	38402.0
6	39499.0
7	41615.0
8	43672.0
9	47079.0
10	51017.0
11	52678.0
12	51008.0
13	50723.0
14	50701.0
15	51105.0
16	52437.0
17	51282.0
18	51539.0
19	52216.0
20	53916.0
21	58104.0
22	65286.0
23	76013.0
24	92698.0
25	112222.0
26	134944.0
27	162579.0
28	193495.0
29	234802.0
30	286056.0
31	356157.0
32	455172.0
33	604830.0
34	852075.0
35	1291500.0
36	2208694.0
37	3310857.0
38	2702837.0
39	578455.0
40	1088.0
>>END_MODULE
>>Per base sequence content	fail
#Base	G	A	T	C
1	39.631856383668556	15.224950350694394	6.7362289291348505	38.4069643365022
2	25.586122919474676	17.206631699180974	38.821234784302014	18.386010597042343
3	25.668656794915144	21.968098006002528	22.93229907226219	29.43094612682014
4	28.008169872684736	27.532215954453456	19.629946575625276	24.829667597236536
5	29.387389543649196	28.741941529409626	22.243716494846044	19.626952432095138
6	23.459967720090983	32.23259675838317	23.545939904334283	20.76149561719157
7	21.150564553075345	19.508047830575705	36.81919592682149	22.522191689527453
8	21.049316998399043	21.794063715913094	30.36940613981884	26.787213145869025
9	22.523253797144072	20.836076899355596	31.311926125450846	25.32874317804949
10-14	24.42174575354944	26.437135304666327	25.57801121914951	23.563107722634722
15-19	24.632118888278224	25.295175234678762	25.94493034056396	24.127775536479053
20-24	24.51280166951346	25.589421721619544	25.83739760576392	24.060379003103076
25-29	24.479333333767137	25.631122529111718	25.7243738819243	24.16517025519685
30-34	24.687363868064722	25.61120304185035	25.63379907515795	24.067634014926984
35-39	24.35146005770774	25.624901967827167	25.8211908045078	24.20244716995729
40-44	24.5524537560441	25.58970644436188	25.659325516734782	24.19851428285924
45-49	24.48853989455181	25.544436661385323	25.622456489246176	24.344566954816692
50-54	24.459944322973726	25.631853053205628	25.719177530793125	24.18902509302752
55-59	24.598480853554282	25.479048417345872	25.5548970636712	24.367573665428647
60-64	24.487296744106366	25.497778238067305	25.53309214539951	24.48183287242682
65-69	24.39017777051488	25.574468300488245	25.685136559955968	24.350217369040912
70-74	24.576100302788202	25.594973191642232	25.51256390572112	24.316362599848446
75-79	24.49207453652451	25.49909312070886	25.54490201532569	24.46393032744094
80-84	24.493392873394775	25.602594838520215	25.5705145792351	24.333497708849908
85-89	24.631265174334505	25.55442051851183	25.45433950282402	24.35997480432965
90-94	24.5294205276714	25.51778044577022	25.45819095191032	24.49460807464806
95-99	24.515727388583965	25.60868253000387	25.530242769027968	24.345347312384202
100	25.08633232037541	25.298715440423507	24.902759293662584	24.712192945538497
>>END_MODULE
>>Per base GC content	fail
#Base	%GC
1	78.03882072017075
2	43.97213351651701
3	55.09960292173529
4	52.837837469921276
5	49.01434197574433
6	44.22146333728255
7	43.6727562426028
8	47.83653014426807
9	47.851996975193565
10-14	47.98485347618416
15-19	48.75989442475728
20-24	48.57318067261654
25-29	48.644503588963985
30-34	48.75499788299171
35-39	48.55390722766503
40-44	48.75096803890334
45-49	48.833106849368505
50-54	48.64896941600125
55-59	48.96605451898293
60-64	48.96912961653319
65-69	48.740395139555794
70-74	48.892462902636645
75-79	48.956004863965454
80-84	48.82689058224469
85-89	48.991239978664154
90-94	49.02402860231946
95-99	48.861074700968175
100	49.79852526591391
>>END_MODULE
>>Per sequence GC content	warn
#GC Content	Count
0	4230.0
1	3015.0
2	1667.5
3	1501.5
4	1369.0
5	1226.5
6	1161.5
7	1174.5
8	1251.0
9	1302.5
10	1371.0
11	1514.0
12	1683.5
13	1833.5
14	2072.5
15	2477.0
16	3023.5
17	3838.5
18	4951.5
19	6403.5
20	8818.5
21	12530.0
22	17694.5
23	24544.0
24	33314.5
25	44946.0
26	59999.5
27	77547.5
28	95181.0
29	113049.0
30	135950.0
31	158170.5
32	179900.0
33	204513.5
34	226358.0
35	245478.0
36	263861.5
37	285885.5
38	306190.5
39	318866.0
40	329138.0
41	342323.0
42	357542.5
43	374469.0
44	396199.0
45	418583.0
46	448627.5
47	481106.0
48	503813.0
49	521161.0
50	536517.0
51	556418.0
52	572390.5
53	577676.0
54	575694.5
55	571105.5
56	556541.0
57	532532.5
58	503730.5
59	463989.5
60	418268.5
61	367884.0
62	318668.5
63	275864.5
64	233889.5
65	195305.5
66	161479.0
67	133018.5
68	110460.0
69	88989.5
70	69301.0
71	52096.5
72	38836.0
73	29782.0
74	23177.0
75	18153.0
76	13806.0
77	10092.0
78	7105.0
79	4739.5
80	3722.0
81	3032.5
82	2581.5
83	2225.5
84	1595.5
85	1158.5
86	815.0
87	545.5
88	417.0
89	330.5
90	238.0
91	154.5
92	105.0
93	63.5
94	44.0
95	30.5
96	16.5
97	13.0
98	11.0
99	5.5
100	2.5
>>END_MODULE
>>Per base N content	pass
#Base	N-Count
1	0.04121382787979714
2	0.05760244779205662
3	0.04205682290971085
4	0.04049695021656343
5	0.05027436501233428
6	0.03856536317951705
7	0.04267413423082877
8	0.04952429856839531
9	0.038870699962005484
10-14	0.03515090142055947
15-19	0.05369811962988933
20-24	0.05190327036934865
25-29	0.03150411819666503
30-34	0.05779494272014716
35-39	0.0600743481789847
40-44	0.09481370871879889
45-49	0.07100673254329876
50-54	0.06782193714682158
55-59	0.07570228123747953
60-64	0.06686610026250997
65-69	0.06921984859012732
70-74	0.06630985629788975
75-79	0.06175768313635571
80-84	0.06616117056033016
85-89	0.06458138459875959
90-94	0.0574232283762482
95-99	0.054246398287140306
100	0.05382556454779755
>>END_MODULE
>>Sequence Length Distribution	pass
#Length	Count
100	1.5065332E7
>>END_MODULE
>>Sequence Duplication Levels	warn
#Total Duplicate Percentage	47.347632431624845
#Duplication Level	Relative count
1	100.0
2	24.777874332736268
3	10.149502544912835
4	5.715856491744551
5	3.951265362583574
6	2.955468459041978
7	2.4030361608172095
8	1.8585844254881445
9	1.6289215599340274
10++	23.90533278947275
>>END_MODULE
>>Overrepresented sequences	pass
>>END_MODULE
>>Kmer Content	warn
#Sequence	Count	Obs/Exp Overall	Obs/Exp Max	Max Obs/Exp Position
TTTTT	8639775	5.3909373	8.544787	2
AAAAA	7269105	4.808233	6.103688	2
CTCCT	3408000	2.4899414	7.1841764	1
GGAGG	3284385	2.4180944	5.0719733	1
CTCCA	3169235	2.3426776	6.3895226	1
CTCTG	3095705	2.229994	5.514905	1
CTGGA	3103060	2.229757	6.591223	1
GAAGA	3140285	2.1914468	5.126387	2
GGAGA	2831650	2.0296917	5.418488	1
GGGGG	2499710	1.8903295	5.544197	1
GTTTT	2816245	1.8261206	7.733874	1
GGAAG	2375015	1.7023815	5.3097944	1
CTCAG	2333160	1.700424	5.334832	1
GGAAA	2298250	1.603833	5.738798	1
GTGGA	2198905	1.5578601	5.498747	1
CTGGG	2051555	1.5141858	5.860566	1
GTCCA	2040205	1.4869161	5.243901	1
GGGAG	1975835	1.4546881	5.286073	1
GTTTG	2037280	1.3727989	5.1669006	1
GGGGA	1761510	1.2968935	5.111896	1
GTCAG	1760420	1.26498	5.081603	1
>>END_MODULE
