##FastQC	0.10.1
>>Basic Statistics	pass
#Measure	Value	
Filename	F_similis_NA_transfer_2_R1.fastq.gz	
File type	Conventional base calls	
Encoding	Sanger / Illumina 1.9	
Total Sequences	6900428	
Filtered Sequences	0	
Sequence length	100	
%GC	51	
>>END_MODULE
>>Per base sequence quality	pass
#Base	Mean	Median	Lower Quartile	Upper Quartile	10th Percentile	90th Percentile
1	30.29983603915583	31.0	30.0	34.0	26.0	34.0
2	30.584720686890726	31.0	30.0	34.0	27.0	34.0
3	29.198202633227968	31.0	30.0	34.0	16.0	34.0
4	32.91574928395746	37.0	33.0	37.0	19.0	37.0
5	33.61512416331277	37.0	35.0	37.0	28.0	37.0
6	31.086436377569623	37.0	32.0	37.0	10.0	37.0
7	31.928686162655417	37.0	32.0	37.0	17.0	37.0
8	33.039687103466626	37.0	33.0	37.0	27.0	37.0
9	34.74421601094889	38.0	35.0	39.0	27.0	39.0
10-14	34.3831520305697	38.8	34.2	39.4	21.6	39.4
15-19	35.53212997802456	39.4	34.8	41.0	27.0	41.0
20-24	35.45578355429547	39.6	35.0	41.0	26.2	41.0
25-29	35.05044927647966	39.0	34.4	41.0	24.6	41.0
30-34	34.580354407002005	39.0	33.6	41.0	22.8	41.0
35-39	34.16668977634431	38.2	33.0	40.4	20.8	41.0
40-44	33.79388353881817	38.0	33.0	40.0	18.0	41.0
45-49	33.24918141309496	37.6	32.6	40.0	13.8	41.0
50-54	32.49516951702126	36.6	31.6	40.0	7.8	41.0
55-59	31.742403659599084	35.2	31.0	39.4	2.8	41.0
60-64	30.877847142235236	35.0	30.0	38.2	2.0	40.2
65-69	30.12758011532038	35.0	29.8	36.6	2.0	39.6
70-74	29.339709507874005	34.0	29.0	35.4	2.0	38.4
75-79	28.35020505974412	33.6	27.8	35.0	2.0	36.2
80-84	28.269383029574396	34.0	28.6	35.0	2.0	35.8
85-89	27.767356372677177	34.0	27.4	35.0	2.0	35.0
90-94	27.295244005154462	34.0	27.0	35.0	2.0	35.0
95-99	26.6664173294758	33.0	25.4	35.0	2.0	35.0
100	25.49347692635877	32.0	23.0	35.0	2.0	35.0
>>END_MODULE
>>Per sequence quality scores	pass
#Quality	Count
2	203211.0
3	65376.0
4	35149.0
5	27075.0
6	28263.0
7	29608.0
8	30680.0
9	32860.0
10	36079.0
11	37831.0
12	38852.0
13	39426.0
14	40390.0
15	40754.0
16	40558.0
17	39233.0
18	38263.0
19	37551.0
20	36916.0
21	37816.0
22	40966.0
23	47515.0
24	56975.0
25	72057.0
26	92552.0
27	121258.0
28	146935.0
29	159830.0
30	190699.0
31	218610.0
32	259275.0
33	336756.0
34	462449.0
35	671567.0
36	1006411.0
37	1240064.0
38	748972.0
39	111542.0
40	104.0
>>END_MODULE
>>Per base sequence content	fail
#Base	G	A	T	C
1	34.7862301177796	14.58267468166921	7.581941340537153	43.04915386001403
2	25.26572337001913	17.717340564891053	35.98220728401086	21.034728781078957
3	25.192275835070845	22.528914140412727	21.7874952281773	30.491314796339132
4	27.55002497861202	29.107713543219376	18.300300743358275	25.04196073481033
5	29.160894837945023	30.080498077232757	20.810848143929174	19.947758940893042
6	22.48444433977481	34.76219232126784	21.91154102681799	20.841822312139364
7	21.214499516976563	18.34583028423581	37.11607464886574	23.323595549921894
8	21.54310052391542	20.376511656900636	29.686419080147168	28.393968739036772
9	23.10334155051829	19.95439353623329	30.309757188345564	26.632507724902855
10-14	24.822610260849114	26.17934611700737	24.35162997301147	24.64641364913205
15-19	25.335449618321032	24.546495760873288	25.038709153902794	25.079345466902886
20-24	25.02262312266347	24.881918547481888	24.97070357795527	25.12475475189937
25-29	25.0678929837921	24.924681640078468	24.933641951464796	25.073783424664636
30-34	24.93142636182896	25.035811966386913	24.76588698971645	25.266874682067673
35-39	25.20278270501138	24.882958650140157	24.623984701936397	25.290273942912066
40-44	25.467396130609437	24.880471541295307	24.355749790639827	25.29638253745543
45-49	25.384114369871536	24.91460622151131	24.39491631866301	25.306363089954143
50-54	25.416269620312754	24.94430142143561	24.237531855505352	25.40189710274628
55-59	25.815455729198366	24.46932103538281	24.24034602420333	25.474877211215492
60-64	25.7616885627506	24.41129180948365	24.23185494489199	25.59516468287376
65-69	25.630006331040278	24.484880181374464	24.238107865587867	25.647005621997387
70-74	26.045908207931245	24.474116997120664	23.9899689922211	25.49000580272699
75-79	25.89035176631546	24.378705747188135	24.09519349724102	25.63574898925538
80-84	25.86556479290738	24.249329661580184	24.156521376194416	25.72858416931802
85-89	25.826633002992004	24.505682165336225	23.905887096839642	25.761797734832133
90-94	25.78679696293833	24.463140657733202	24.043706343166075	25.706356036162386
95-99	25.482714579690725	24.439742632623446	24.12456488720638	25.95297790047945
100	25.67921913045167	23.98044840311667	23.790631577223316	26.549700889208346
>>END_MODULE
>>Per base GC content	fail
#Base	%GC
1	77.83538397779364
2	46.300452151098085
3	55.68359063140997
4	52.59198571342235
5	49.10865377883807
6	43.326266651914175
7	44.53809506689846
8	49.93706926295219
9	49.735849275421145
10-14	49.46902390998116
15-19	50.414795085223915
20-24	50.14737787456285
25-29	50.14167640845674
30-34	50.19830104389664
35-39	50.49305664792345
40-44	50.763778668064866
45-49	50.69047745982568
50-54	50.818166723059036
55-59	51.29033294041386
60-64	51.35685324562436
65-69	51.277011953037665
70-74	51.53591401065823
75-79	51.52610075557084
80-84	51.594148962225404
85-89	51.58843073782413
90-94	51.49315299910072
95-99	51.43569248017017
100	52.228920019660016
>>END_MODULE
>>Per sequence GC content	warn
#GC Content	Count
0	3381.0
1	2354.5
2	1169.5
3	1013.0
4	951.0
5	890.5
6	931.5
7	951.5
8	963.0
9	1031.5
10	1121.5
11	1154.5
12	1178.0
13	1265.0
14	1380.5
15	1523.0
16	1727.5
17	2078.5
18	2501.5
19	3077.5
20	4042.5
21	5337.0
22	7130.0
23	9548.0
24	12758.5
25	17016.5
26	21522.0
27	26752.0
28	32474.0
29	38558.0
30	46378.5
31	53950.0
32	60977.5
33	68529.0
34	75528.5
35	82148.5
36	89121.0
37	96300.0
38	103000.0
39	109984.5
40	116856.5
41	125318.0
42	136295.5
43	151417.5
44	176198.0
45	191842.5
46	202144.5
47	213707.0
48	221729.5
49	228204.5
50	237684.0
51	256431.0
52	274850.5
53	282510.5
54	274828.0
55	270496.5
56	269645.0
57	260578.0
58	249173.5
59	230416.5
60	208405.0
61	189681.0
62	165023.5
63	142753.5
64	124980.0
65	108024.0
66	92162.5
67	80997.5
68	75751.5
69	63331.5
70	48155.0
71	36028.0
72	26867.5
73	23411.5
74	24788.5
75	26131.0
76	20957.0
77	15876.5
78	12007.5
79	7836.0
80	6875.0
81	7633.0
82	8607.5
83	8702.0
84	6141.0
85	3110.0
86	1783.0
87	980.0
88	788.5
89	700.0
90	527.0
91	367.0
92	311.0
93	202.5
94	95.0
95	40.5
96	25.0
97	16.0
98	6.5
99	6.5
100	4.5
>>END_MODULE
>>Per base N content	pass
#Base	N-Count
1	0.02702730903068621
2	0.004362048267150965
3	3.1588040625885814
4	0.00760822372177494
5	0.018216261368135426
6	2.1596776315903883
7	0.03205598261441175
8	0.034316711948882014
9	0.03308490429868988
10-14	0.9484889922770008
15-19	0.024233279442956293
20-24	0.018723476282920423
25-29	0.016146824515812643
30-34	0.039614934030179
35-39	0.040910505841086964
40-44	0.02940397320282162
45-49	0.021827631561404597
50-54	0.016659836172480895
55-59	0.004150467188412081
60-64	0.005747469577249411
65-69	0.0020317580300816124
70-74	0.003246175454623974
75-79	0.0038780203198989973
80-84	0.0026375175568819787
85-89	0.002481005526034037
90-94	0.010237046165832032
95-99	0.022131960510275595
100	0.01659317364082344
>>END_MODULE
>>Sequence Length Distribution	pass
#Length	Count
100	6900428.0
>>END_MODULE
>>Sequence Duplication Levels	warn
#Total Duplicate Percentage	41.22349926703376
#Duplication Level	Relative count
1	100.0
2	13.296865284793103
3	5.106225417251762
4	2.96564877496699
5	2.0651255073739514
6	1.518803400890044
7	1.2239850774422065
8	1.0563158887514934
9	0.8264693759213073
10++	11.664885181536828
>>END_MODULE
>>Overrepresented sequences	warn
#Sequence	Count	Percentage	Possible Source
CTGCAAGTCATTTAGCACCACGTTCTCCACAAACATGCTATGCGTAATCG	8491	0.12305033832684001	No Hit
AAAGAAACTAACCAGGATTCCCTCAGTAGCGGCGAGCGAAGAGGGAAGAG	7589	0.10997868538009527	No Hit
TTTTTTTTTTTTTTTTTTTTTTTTTTTTTTTTTTTTTTTTTTTTTTTTTT	6929	0.10041406127272105	No Hit
>>END_MODULE
>>Kmer Content	fail
#Sequence	Count	Obs/Exp Overall	Obs/Exp Max	Max Obs/Exp Position
TTTTT	4279355	7.4881954	10.707725	2
AAAAA	3304855	5.6039915	7.99925	2
GAAGA	1401610	2.2044604	5.4815593	2
AAGAA	1343895	2.1947012	5.676865	2
CTCCA	1398095	2.1281726	6.0804486	1
CTCCT	1363440	2.088512	6.425006	1
GAAAA	1262620	2.061972	5.8634634	2
CTGGA	1289630	1.9648789	5.611537	1
CTTTT	1154915	1.9332272	5.4752727	1
AAAAG	1183040	1.9320105	5.044717	3
TTTAA	1091515	1.8861102	5.3905835	7
GTTTT	1095395	1.8344415	7.1565976	1
CTGAA	1152260	1.8228718	5.110592	1
GGAAA	1020505	1.6050562	6.8578568	1
CTGGG	941095	1.380922	5.183494	1
GGGAA	910590	1.3793135	5.091469	1
>>END_MODULE
