##FastQC	0.10.1
>>Basic Statistics	pass
#Measure	Value	
Filename	F_diaphanus_NA_FW_2_R1.fastq.gz	
File type	Conventional base calls	
Encoding	Sanger / Illumina 1.9	
Total Sequences	10373266	
Filtered Sequences	0	
Sequence length	100	
%GC	50	
>>END_MODULE
>>Per base sequence quality	pass
#Base	Mean	Median	Lower Quartile	Upper Quartile	10th Percentile	90th Percentile
1	31.21910380009536	33.0	31.0	34.0	27.0	34.0
2	31.533090831759257	34.0	31.0	34.0	28.0	34.0
3	31.282928828779674	34.0	31.0	34.0	27.0	34.0
4	34.81372048109053	37.0	35.0	37.0	32.0	37.0
5	33.30697313652229	37.0	35.0	37.0	26.0	37.0
6	33.74437443327878	37.0	35.0	37.0	26.0	37.0
7	34.38868269646223	37.0	35.0	37.0	31.0	37.0
8	34.517447060549685	37.0	35.0	37.0	32.0	37.0
9	36.15657749449402	39.0	37.0	39.0	32.0	39.0
10-14	36.30744964989811	39.2	37.2	39.4	31.4	39.4
15-19	37.16380092827082	40.0	37.6	41.0	31.0	41.0
20-24	36.983129768387315	40.0	37.0	41.0	30.6	41.0
25-29	36.68468621165215	40.0	37.0	41.0	30.0	41.0
30-34	36.30457880864136	40.0	36.0	41.0	29.4	41.0
35-39	35.96145144643934	40.0	35.4	41.0	28.0	41.0
40-44	35.728786960635155	39.4	35.0	41.0	27.6	41.0
45-49	35.23563012844749	39.0	35.0	41.0	26.4	41.0
50-54	34.58703648397717	38.0	34.0	40.0	25.0	41.0
55-59	33.823718990720955	36.6	33.4	40.0	23.4	41.0
60-64	33.002922531823636	35.4	33.0	39.0	22.0	41.0
65-69	32.25124174006528	35.0	32.2	37.4	20.2	40.0
70-74	31.483791951348785	35.0	32.0	36.2	18.6	39.0
75-79	30.486884381447464	34.6	30.4	35.0	15.6	37.2
80-84	30.46444660726911	35.0	31.0	35.0	11.8	36.2
85-89	30.025944075858074	34.8	31.0	35.0	4.6	35.4
90-94	29.588749117201854	34.0	31.0	35.0	2.0	35.0
95-99	29.09151522770167	34.0	30.2	35.0	2.0	35.0
100	27.932889988553267	34.0	29.0	35.0	2.0	35.0
>>END_MODULE
>>Per sequence quality scores	pass
#Quality	Count
2	175943.0
3	61171.0
4	33585.0
5	26934.0
6	26561.0
7	27359.0
8	28011.0
9	30240.0
10	33080.0
11	35232.0
12	35784.0
13	37204.0
14	38245.0
15	39027.0
16	38685.0
17	38217.0
18	38078.0
19	37666.0
20	37968.0
21	39688.0
22	44830.0
23	52160.0
24	63003.0
25	76684.0
26	95175.0
27	118621.0
28	145220.0
29	172336.0
30	211840.0
31	262120.0
32	332839.0
33	442818.0
34	625525.0
35	957208.0
36	1623221.0
37	2357427.0
38	1661932.0
39	271363.0
40	266.0
>>END_MODULE
>>Per base sequence content	fail
#Base	G	A	T	C
1	36.53698708539314	12.346637597295361	10.771158535033273	40.34521678227823
2	27.569743430553494	20.807460122510125	28.101497924423168	23.521298522513213
3	27.606342893099733	25.83806424202354	20.654796903769814	25.900795961106915
4	29.64083809297569	31.686053434033397	17.52393575560188	21.149172717389032
5	29.072811223672367	32.512184616213915	19.71267015414132	18.702334005972396
6	21.95590996135605	34.95981061753462	22.313022474750177	20.771256946359156
7	21.74640801299647	18.11321872049918	36.61633531873327	23.524037947771085
8	22.903348860492358	20.48935869569935	28.364391670215294	28.242900773592993
9	22.569031397135795	19.318172392687856	31.00660294869082	27.106193261485522
10-14	25.308639855757995	25.681033163369136	24.229045138628337	24.78128184224453
15-19	25.278022896177927	24.654432557343146	25.062207057689584	25.005337488789348
20-24	25.171517390454778	25.228394143167883	24.838711630852366	24.761376835524977
25-29	25.232193407638466	25.172188792254858	24.689511696965777	24.9061061031409
30-34	24.951260118921684	25.22282190774997	24.90132040382941	24.92459756949894
35-39	25.136933640891108	25.161124668880362	24.722281559029486	24.97966013119905
40-44	25.2644075900155	25.042463336832295	24.722281811202745	24.97084726194946
45-49	25.228965503860845	25.020409950964623	24.69892682548258	25.05169771969195
50-54	25.22376774103079	25.125344066343047	24.642770905374782	25.008117287251387
55-59	25.421192477576565	24.765793370630753	24.583224860152022	25.229789291640657
60-64	25.332708339386826	24.831047928476128	24.629181387949693	25.20706234418735
65-69	25.338948180881903	24.95261281808738	24.56266042959815	25.145778571432565
70-74	25.519991406848753	24.929081147687	24.391066354193818	25.159861091270436
75-79	25.441390733488667	24.731869622880907	24.59421113220373	25.232528511426693
80-84	25.382637468867287	24.842091112639398	24.507153900978285	25.26811751751503
85-89	25.458903265723926	24.829495072502553	24.394456615984513	25.317145045789008
90-94	25.33807922367378	24.788314660350434	24.511356649413145	25.36224946656264
95-99	25.31414507900313	24.867315713933866	24.479219094565796	25.339320112497205
100	25.647562471903633	24.403701494574793	24.14661523334673	25.802120800174844
>>END_MODULE
>>Per base GC content	fail
#Base	%GC
1	76.88220386767138
2	51.09104195306671
3	53.50713885420665
4	50.79001081036473
5	47.775145229644764
6	42.7271669077152
7	45.27044596076755
8	51.14624963408535
9	49.67522465862132
10-14	50.08992169800253
15-19	50.28336038496727
20-24	49.93289422597976
25-29	50.13829951077937
30-34	49.87585768842062
35-39	50.116593772090155
40-44	50.23525485196496
45-49	50.28066322355279
50-54	50.23188502828218
55-59	50.65098176921722
60-64	50.53977068357418
65-69	50.484726752314465
70-74	50.67985249811918
75-79	50.67391924491537
80-84	50.65075498638232
85-89	50.77604831151293
90-94	50.70032869023642
95-99	50.65346519150034
100	51.449683272078474
>>END_MODULE
>>Per sequence GC content	warn
#GC Content	Count
0	1380.0
1	952.5
2	466.5
3	423.0
4	396.0
5	352.0
6	348.5
7	385.0
8	453.0
9	511.5
10	578.0
11	658.0
12	736.5
13	831.5
14	981.0
15	1215.5
16	1488.0
17	1879.5
18	2448.0
19	3400.5
20	4880.5
21	7029.0
22	9906.5
23	13561.5
24	18538.0
25	25092.5
26	33226.0
27	43032.0
28	52845.5
29	61913.5
30	74029.5
31	87714.5
32	100155.5
33	114968.0
34	127935.5
35	137832.5
36	148058.5
37	157608.5
38	166106.5
39	177231.0
40	188019.5
41	198197.0
42	211825.0
43	228734.0
44	252358.0
45	272222.0
46	291831.0
47	313145.0
48	331173.5
49	350811.5
50	371848.5
51	396395.0
52	416536.0
53	425235.0
54	426207.0
55	426154.5
56	422468.5
57	409866.5
58	386046.0
59	351673.0
60	315578.5
61	279824.0
62	245469.5
63	214133.0
64	182235.5
65	152433.5
66	129640.0
67	110391.0
68	95652.0
69	79735.5
70	60576.5
71	44779.0
72	32831.0
73	27111.0
74	26310.5
75	24374.0
76	18652.5
77	14191.0
78	10614.0
79	7537.5
80	7531.0
81	8474.0
82	8806.5
83	8526.0
84	6365.5
85	3499.0
86	1795.0
87	1025.5
88	820.5
89	802.0
90	640.0
91	401.5
92	341.5
93	277.0
94	138.0
95	62.0
96	36.5
97	23.5
98	15.5
99	6.5
100	2.5
>>END_MODULE
>>Per base N content	pass
#Base	N-Count
1	0.016908850115286738
2	0.0023714806889170684
3	0.005041806505299295
4	0.007837454471908848
5	3.4271848422666498
6	0.038416059127376084
7	0.047333212124320345
8	0.0521629349907734
9	0.04692832517743207
10-14	0.05164043802597947
15-19	0.031049044727089806
20-24	0.026726394560787316
25-29	0.026321507613899037
30-34	0.04979338233493675
35-39	0.047807508262103754
40-44	0.039385859766827534
45-49	0.029685925339232602
50-54	0.015177476409069236
55-59	0.0048432190980159965
60-64	0.004552086102872518
65-69	9.852249040948145E-4
70-74	0.003414546585424494
75-79	0.004771881874040442
80-84	0.0055488792054498555
85-89	0.0024293216813296797
90-94	0.009715358692238298
95-99	0.01811965488979074
100	0.0046561998892152194
>>END_MODULE
>>Sequence Length Distribution	pass
#Length	Count
100	1.0373266E7
>>END_MODULE
>>Sequence Duplication Levels	warn
#Total Duplicate Percentage	46.452041810970215
#Duplication Level	Relative count
1	100.0
2	23.38665704770613
3	8.876007683983591
4	4.97948980362221
5	3.333640916373764
6	2.443607445746546
7	1.9595835884874464
8	1.5980337055088123
9	1.3564412082980313
10++	19.83910610776032
>>END_MODULE
>>Overrepresented sequences	warn
#Sequence	Count	Percentage	Possible Source
GATCGGAAGAGCACACGTCTGAACTCCAGTCACCGCTCATTATCTCGTAT	10940	0.10546340949899483	TruSeq Adapter, Index 2 (97% over 37bp)
>>END_MODULE
>>Kmer Content	warn
#Sequence	Count	Obs/Exp Overall	Obs/Exp Max	Max Obs/Exp Position
TTTTT	4359815	4.9177737	7.332855	2
AAAAA	4494740	4.732874	10.138932	2
AAGAA	2176270	2.2438385	5.6710253	2
GAAGA	2208255	2.229392	5.7241926	2
TCCAG	2171615	2.2266672	5.1154146	7
CTGGA	2183850	2.2138333	6.2908125	1
AGAAA	1970055	2.031221	5.060292	2
GAAAA	1945190	2.005584	7.1629667	1
GTTTT	1715810	1.869184	6.6689897	1
AAAAG	1806655	1.8627477	5.5011234	3
AAAAC	1764355	1.8399886	5.312728	3
AAAAT	1722950	1.8393698	5.9396315	3
GGAAG	1648455	1.6295694	5.049734	1
GGAAA	1561655	1.5766032	7.509099	1
GCCAG	1467250	1.4529781	5.1072044	1
AAGAT	1263795	1.3210871	5.005814	3
>>END_MODULE
