##FastQC	0.10.1
>>Basic Statistics	pass
#Measure	Value	
Filename	F_sciadicus_NA_BW_2_R2.fastq.gz	
File type	Conventional base calls	
Encoding	Sanger / Illumina 1.9	
Total Sequences	9485042	
Filtered Sequences	0	
Sequence length	100	
%GC	49	
>>END_MODULE
>>Per base sequence quality	fail
#Base	Mean	Median	Lower Quartile	Upper Quartile	10th Percentile	90th Percentile
1	28.72200955989441	31.0	30.0	34.0	16.0	34.0
2	28.740030249734264	31.0	30.0	34.0	16.0	34.0
3	28.780785261678336	31.0	30.0	34.0	16.0	34.0
4	31.99331463160627	37.0	33.0	37.0	17.0	37.0
5	31.914725522564897	37.0	33.0	37.0	16.0	37.0
6	31.78700811235206	37.0	33.0	37.0	15.0	37.0
7	31.824159661074773	37.0	33.0	37.0	16.0	37.0
8	31.76507515728449	37.0	33.0	37.0	15.0	37.0
9	33.07450404542225	38.0	33.0	39.0	13.0	39.0
10-14	33.11087697872081	38.2	33.0	39.4	10.2	39.4
15-19	33.72655163783144	39.0	33.0	41.0	9.0	41.0
20-24	33.39273181921598	39.0	33.0	41.0	4.2	41.0
25-29	33.124286850812055	39.0	32.8	41.0	2.0	41.0
30-34	32.77421074150225	38.0	32.0	40.4	2.0	41.0
35-39	32.31769529328389	38.0	31.2	40.0	2.0	41.0
40-44	31.822358530410305	38.0	30.6	40.0	2.0	41.0
45-49	31.32416493253272	37.2	30.0	40.0	2.0	41.0
50-54	30.62152287781119	36.0	29.4	39.6	2.0	40.6
55-59	30.572650368865006	35.8	29.4	39.8	2.0	41.0
60-64	29.80791673879778	35.0	28.2	39.0	2.0	40.8
65-69	29.06387533128477	35.0	28.0	37.4	2.0	40.0
70-74	28.32230372833352	34.2	26.6	36.2	2.0	39.0
75-79	27.598532088735077	34.0	26.0	35.0	2.0	37.6
80-84	26.93001857029204	34.0	25.2	35.0	2.0	36.2
85-89	26.368574983642667	33.8	23.8	35.0	2.0	35.4
90-94	25.830885767295495	33.0	21.6	35.0	2.0	35.0
95-99	25.17451467268147	33.0	11.4	35.0	2.0	35.0
100	23.94222714037534	32.0	2.0	35.0	2.0	35.0
>>END_MODULE
>>Per sequence quality scores	pass
#Quality	Count
2	720543.0
3	92191.0
4	59080.0
5	46125.0
6	44412.0
7	44327.0
8	46604.0
9	49864.0
10	51973.0
11	53203.0
12	51250.0
13	50071.0
14	49821.0
15	50096.0
16	50912.0
17	50176.0
18	50100.0
19	50214.0
20	52073.0
21	55163.0
22	60510.0
23	69857.0
24	83901.0
25	99850.0
26	118344.0
27	138107.0
28	162349.0
29	190534.0
30	223479.0
31	268174.0
32	330575.0
33	420215.0
34	560044.0
35	791371.0
36	1201683.0
37	1618831.0
38	1205762.0
39	222950.0
40	308.0
>>END_MODULE
>>Per base sequence content	fail
#Base	G	A	T	C
1	35.99030700496516	14.39216105290549	7.97406425564631	41.64346768648304
2	25.160379528931713	17.534768720667408	38.130174326469266	19.174677423931605
3	26.255443142068195	22.674018631099216	22.08986909455609	28.9806691322765
4	28.082154428833313	29.043037586939118	18.800389142120522	24.07441884210705
5	29.420841577041124	30.082591957797845	21.355634213223553	19.140932251937485
6	22.551527293482344	33.26724869668755	23.275430955689327	20.905793054140776
7	20.504755585980806	18.72170355142119	38.10499101833989	22.668549844258116
8	20.823039147438898	20.98968682892666	30.60983558835069	27.577438435283746
9	22.264300694089087	20.315937698544932	31.59125928134105	25.82850232602493
10-14	24.233466515472234	26.78132982883552	25.366344750943153	23.61885890474909
15-19	24.584665647780167	25.268700216397182	25.936432376002067	24.21020175982058
20-24	24.471041598870418	25.741090249310034	25.755656817641288	24.032211334178257
25-29	24.476127543763372	25.780630340843995	25.72502134876979	24.018220766622843
30-34	24.348796016850585	25.785397108811875	25.64533207801628	24.220474796321255
35-39	24.470898617088665	25.759063470396786	25.58504728569979	24.184990626814756
40-44	24.71133975406025	25.68730172659448	25.424177455428705	24.17718106391657
45-49	24.60606373915635	25.720247191663216	25.40216437770844	24.271524691471992
50-54	24.52311438998632	25.81743507154648	25.383766031443734	24.275684507023474
55-59	24.827295897420107	25.484961038025368	25.32716698753975	24.360576077014777
60-64	24.78527070597651	25.452888071916284	25.30295836775391	24.458882854353295
65-69	24.639956537768892	25.514204313338613	25.36421310842228	24.481626040470214
70-74	24.86677584170139	25.550595745811265	25.18841618741966	24.394212225067683
75-79	24.757468023409096	25.517558711007897	25.229495249185273	24.49547801639773
80-84	24.852267956180913	25.408845805190367	25.227911998418918	24.510974240209805
85-89	24.905752949246278	25.515325571656344	25.067787795442957	24.511133683654425
90-94	24.909527959256806	25.427571363514907	25.11955217001775	24.543348507210535
95-99	24.781914975326433	25.462286487514834	25.18745090903014	24.568347628128592
100	25.190295647348098	25.110036225939712	24.728732756806146	24.97093536990604
>>END_MODULE
>>Per base GC content	fail
#Base	%GC
1	77.6337746914482
2	44.33505695286332
3	55.2361122743447
4	52.15657327094036
5	48.5617738289786
6	43.45732034762312
7	43.173305430238926
8	48.400477582722644
9	48.09280302011402
10-14	47.85232542022132
15-19	48.79486740760075
20-24	48.50325293304867
25-29	48.494348310386215
30-34	48.56927081317185
35-39	48.655889243903424
40-44	48.88852081797682
45-49	48.87758843062834
50-54	48.798798897009796
55-59	49.187871974434884
60-64	49.244153560329806
65-69	49.12158257823911
70-74	49.26098806676907
75-79	49.25294603980683
80-84	49.363242196390715
85-89	49.416886632900706
90-94	49.452876466467345
95-99	49.35026260345502
100	50.16123101725414
>>END_MODULE
>>Per sequence GC content	warn
#GC Content	Count
0	7849.0
1	5156.5
2	2213.0
3	1903.5
4	1683.0
5	1480.5
6	1406.5
7	1372.0
8	1389.0
9	1391.0
10	1387.5
11	1434.0
12	1479.0
13	1507.0
14	1565.0
15	1721.0
16	2006.0
17	2424.0
18	3023.0
19	3976.5
20	5423.5
21	7691.5
22	10788.0
23	14608.0
24	19708.0
25	26568.0
26	35001.5
27	43846.5
28	53726.0
29	65475.5
30	78890.0
31	93834.5
32	110380.5
33	125224.5
34	137377.5
35	148976.0
36	161690.5
37	174583.5
38	186387.0
39	196581.5
40	204484.5
41	214647.0
42	227727.5
43	242596.5
44	262006.0
45	279345.0
46	294700.5
47	307488.5
48	319805.5
49	331229.0
50	339803.5
51	355580.0
52	368673.0
53	369345.0
54	366749.0
55	363306.5
56	350409.5
57	328807.5
58	302449.0
59	272071.5
60	243952.5
61	221740.0
62	195587.5
63	163840.0
64	135755.0
65	115022.0
66	97312.0
67	84925.0
68	74611.0
69	60410.5
70	49208.5
71	39028.5
72	27591.5
73	20456.5
74	18648.0
75	17542.5
76	15325.5
77	12764.5
78	10168.0
79	7782.0
80	7473.5
81	7660.5
82	5400.0
83	3325.5
84	2535.5
85	1936.0
86	1415.5
87	1102.5
88	791.5
89	519.0
90	330.0
91	201.0
92	105.5
93	59.5
94	30.5
95	20.0
96	14.0
97	6.0
98	5.5
99	6.0
100	3.0
>>END_MODULE
>>Per base N content	pass
#Base	N-Count
1	0.046188514505259966
2	0.05466501887919948
3	0.050226451290358014
4	0.049562247589415
5	0.048276011851080894
6	0.050342423365125843
7	0.04862392807538438
8	0.04177103274819447
9	0.05413787308480026
10-14	0.03943683117059471
15-19	0.044645031619259035
20-24	0.046692465884705624
25-29	0.0291258594321459
30-34	0.04536616706599718
35-39	0.03943050542106192
40-44	0.09074498563105993
45-49	0.06923532863639402
50-54	0.06488743012418922
55-59	0.08306341711507445
60-64	0.08083464469635453
65-69	0.07400705236729578
70-74	0.06661225116346349
75-79	0.06785631523824565
80-84	0.084185183365556
85-89	0.07855526628137229
90-94	0.056647087066140564
95-99	0.07085261193361084
100	0.07408506994486687
>>END_MODULE
>>Sequence Length Distribution	pass
#Length	Count
100	9485042.0
>>END_MODULE
>>Sequence Duplication Levels	warn
#Total Duplicate Percentage	38.73583532591746
#Duplication Level	Relative count
1	100.0
2	16.15844885973779
3	6.282324644567247
4	3.542891713824065
5	2.3838157283143597
6	1.768494676808889
7	1.4268955798700005
8	1.1376799297619136
9	0.9215059872066342
10++	13.936948037096334
>>END_MODULE
>>Overrepresented sequences	warn
#Sequence	Count	Percentage	Possible Source
TTTTTTTTTTTTTTTTTTTTTTTTTTTTTTTTTTTTTTTTTTTTTTTTTT	13162	0.1387658589176516	No Hit
>>END_MODULE
>>Kmer Content	warn
#Sequence	Count	Obs/Exp Overall	Obs/Exp Max	Max Obs/Exp Position
TTTTT	5820000	6.01658	9.714687	2
AAAAA	4299535	4.4727325	6.711584	2
CTCCA	1916995	2.2401118	6.8531322	1
CTCCT	1912795	2.2324011	6.8994246	1
GAAGA	1925050	2.1085246	5.16959	2
CTGGA	1832865	2.085145	7.225425	1
CTCTG	1786915	2.0577197	5.0320344	1
GAAAA	1875685	2.002184	5.3003383	2
CTTTT	1778240	1.9141507	5.701771	1
GTTTT	1723450	1.8304715	7.5983152	1
CTGAA	1627650	1.8045719	5.2650986	1
GGAAA	1495230	1.6377392	6.3846836	1
CTCAG	1385515	1.5974913	5.378632	1
CTGGG	1334155	1.5574163	6.5054374	1
GGGAG	1275190	1.4706076	5.0073524	1
>>END_MODULE
