##FastQC	0.10.1
>>Basic Statistics	pass
#Measure	Value	
Filename	F_notatus_NA_BW_1_R2.fastq.gz	
File type	Conventional base calls	
Encoding	Sanger / Illumina 1.9	
Total Sequences	32171453	
Filtered Sequences	0	
Sequence length	100	
%GC	49	
>>END_MODULE
>>Per base sequence quality	fail
#Base	Mean	Median	Lower Quartile	Upper Quartile	10th Percentile	90th Percentile
1	29.272993358428668	31.0	30.0	34.0	24.0	34.0
2	29.160196681200567	31.0	30.0	34.0	22.0	34.0
3	29.248040801887313	31.0	30.0	34.0	22.0	34.0
4	32.603922831834794	35.0	33.0	37.0	25.0	37.0
5	32.53997685463569	35.0	33.0	37.0	24.0	37.0
6	32.42893965653339	35.0	33.0	37.0	23.0	37.0
7	32.4099982677189	35.0	33.0	37.0	23.0	37.0
8	32.33821608865475	35.0	33.0	37.0	22.0	37.0
9	33.681532972725854	38.0	34.0	39.0	22.0	39.0
10-14	33.773469243058436	38.2	33.4	39.4	20.8	39.4
15-19	34.36832694500929	39.0	33.6	41.0	18.2	41.0
20-24	34.099738858546424	39.0	33.4	41.0	17.4	41.0
25-29	33.825803857848754	38.4	33.0	40.4	16.0	41.0
30-34	33.44353410459888	38.0	32.8	40.0	10.2	41.0
35-39	32.99720708293778	38.0	32.0	40.0	8.2	41.0
40-44	32.513340127969975	38.0	31.2	40.0	3.8	41.0
45-49	32.069069177571805	37.0	31.0	40.0	2.0	41.0
50-54	31.212876595906312	36.0	29.8	39.2	2.0	40.6
55-59	31.189691600189768	35.6	30.0	39.6	2.0	41.0
60-64	30.402006505581205	35.0	29.2	38.8	2.0	40.6
65-69	29.536358634470133	34.8	28.8	37.2	2.0	39.8
70-74	28.8227673210781	34.0	28.2	35.8	2.0	39.0
75-79	28.05943775682124	34.0	27.0	35.0	2.0	37.2
80-84	27.389276940646727	34.0	26.2	35.0	2.0	36.0
85-89	26.806061846196382	33.2	25.2	35.0	2.0	35.2
90-94	26.24901288107814	33.0	24.2	35.0	2.0	35.0
95-99	25.520653425258722	33.0	20.6	35.0	2.0	35.0
100	24.09882774023293	31.0	2.0	34.0	2.0	35.0
>>END_MODULE
>>Per sequence quality scores	pass
#Quality	Count
2	1695638.0
3	251548.0
4	169162.0
5	139738.0
6	137395.0
7	142786.0
8	153175.0
9	170639.0
10	185944.0
11	190997.0
12	184223.0
13	180948.0
14	183111.0
15	185137.0
16	187066.0
17	186168.0
18	186750.0
19	188663.0
20	193717.0
21	203273.0
22	225118.0
23	262202.0
24	313740.0
25	379318.0
26	453734.0
27	535592.0
28	625629.0
29	732361.0
30	867666.0
31	1038961.0
32	1273883.0
33	1603437.0
34	2096616.0
35	2887506.0
36	4189113.0
37	5309706.0
38	3644188.0
39	615859.0
40	746.0
>>END_MODULE
>>Per base sequence content	fail
#Base	G	A	T	C
1	38.78674949089911	13.466552443500794	7.5794887331793985	40.1672093324207
2	27.248903874537277	18.514516875136035	32.351537925450224	21.885041324876457
3	27.370567767385566	22.666860919899996	20.56048755487983	29.402083757834607
4	30.61748494851908	27.45929372703269	18.279919329074822	23.643301995373406
5	30.782789291650797	28.24939998592501	21.479783964145906	19.488026758278284
6	24.102534474119967	32.01871551954432	23.139503278384556	20.73924672795116
7	22.332880920887632	19.825155987447303	35.400117578516934	22.441845513148127
8	21.915148827787508	21.427367384769997	30.213185938767367	26.444297848675124
9	22.01068901277597	19.883163278124783	32.65679101007993	25.449356699019322
10-14	24.872374801919722	26.129483003010463	25.38165780604473	23.61648438902509
15-19	24.910200447625616	24.84722263986917	25.825580000694703	24.416996911810514
20-24	24.84112363869654	25.458568143906106	25.608607516394482	24.09170070100287
25-29	24.783251264429033	25.254216339942666	25.631712031087318	24.330820364540983
30-34	24.76259405040326	25.395625784252275	25.561447963654548	24.28033220168992
35-39	24.731091466142463	25.333917255877658	25.510152537896275	24.4248387400836
40-44	24.845686558343008	25.389644231204716	25.410805611069488	24.353863599382787
45-49	24.83387226334691	25.248900314290452	25.36797080584118	24.549256616521465
50-54	24.727914170307514	25.470954242307116	25.435275228647725	24.36585635873765
55-59	24.936941743910317	25.214671164190687	25.286390078587672	24.56199701331132
60-64	24.826259406326336	25.292769643916795	25.29090629226301	24.59006465749386
65-69	24.79305522146565	25.28415753539303	25.366857458520464	24.555929784620854
70-74	24.898780432396435	25.309663003096155	25.255190224752873	24.536366339754544
75-79	24.850423714765192	25.144335741151835	25.31776656139578	24.68747398268719
80-84	24.86855524669575	25.343542966680616	25.209066266366943	24.5788355202567
85-89	25.04792963405813	25.20776961680644	25.119438058702332	24.6248626904331
90-94	24.9359726421902	25.221490266184848	25.100036488622358	24.742500603002597
95-99	24.93218978494136	25.279490952250868	25.22888773435489	24.559431528452887
100	25.51556319928734	24.988382655428936	24.60042989150221	24.895624253781516
>>END_MODULE
>>Per base GC content	fail
#Base	%GC
1	78.95395882331981
2	49.13394519941374
3	56.772651525220176
4	54.26078694389249
5	50.27081604992908
6	44.841781202071125
7	44.77472643403576
8	48.35944667646264
9	47.46004571179529
10-14	48.48885919094481
15-19	49.327197359436134
20-24	48.93282433969941
25-29	49.11407162897002
30-34	49.042926252093174
35-39	49.15593020622607
40-44	49.199550157725795
45-49	49.38312887986838
50-54	49.09377052904516
55-59	49.49893875722164
60-64	49.41632406382019
65-69	49.3489850060865
70-74	49.43514677215098
75-79	49.53789769745239
80-84	49.447390766952445
85-89	49.67279232449123
90-94	49.6784732451928
95-99	49.491621313394255
100	50.41118745306885
>>END_MODULE
>>Per sequence GC content	warn
#GC Content	Count
0	31424.0
1	24862.5
2	17454.5
3	16133.5
4	12872.5
5	8331.0
6	6248.5
7	5748.0
8	5472.5
9	5318.5
10	5289.5
11	5333.5
12	5504.5
13	5749.5
14	5929.0
15	6371.5
16	7155.5
17	8162.0
18	9668.5
19	11993.5
20	15649.0
21	20945.0
22	28296.0
23	39162.5
24	54393.5
25	72774.0
26	95598.5
27	121780.0
28	151676.0
29	187760.5
30	229936.5
31	274155.0
32	323931.0
33	371644.0
34	417297.5
35	465079.0
36	502982.5
37	542619.5
38	589940.5
39	635579.5
40	675683.0
41	706451.5
42	744032.5
43	789779.0
44	831043.0
45	876097.0
46	930043.0
47	989975.0
48	1063765.5
49	1140270.5
50	1191236.5
51	1225365.0
52	1270465.5
53	1301304.5
54	1298321.5
55	1289317.0
56	1265752.5
57	1208448.0
58	1134815.5
59	1050928.5
60	945276.5
61	831018.0
62	722434.0
63	624641.0
64	534219.5
65	450472.5
66	374798.0
67	308283.5
68	251017.0
69	199348.0
70	154093.5
71	115780.5
72	86330.0
73	65665.0
74	49294.0
75	37220.0
76	28034.0
77	20136.0
78	14471.0
79	10767.5
80	8177.0
81	6523.5
82	5380.5
83	4264.5
84	3038.0
85	1998.0
86	1465.0
87	1095.0
88	769.0
89	545.0
90	397.5
91	275.0
92	185.5
93	129.5
94	96.5
95	68.5
96	47.5
97	40.0
98	27.0
99	13.0
100	9.0
>>END_MODULE
>>Per base N content	pass
#Base	N-Count
1	0.030620314227026053
2	0.24869252874590403
3	0.06521309435417791
4	0.03779437627514057
5	0.04701062149726343
6	0.03877350519418566
7	0.044194460225343256
8	0.03720068223216402
9	0.03637075391030675
10-14	0.04598424572244219
15-19	0.042820571392905384
20-24	0.07343342559007204
25-29	0.035446953546052144
30-34	0.056618518287004316
35-39	0.04136151388623945
40-44	0.045878561966100816
45-49	0.039959649941828865
50-54	0.04057261572860884
55-59	0.043413643766726975
60-64	0.04458984180789099
65-69	0.039716577302243705
70-74	0.03471835729645161
75-79	0.03909801649306918
80-84	0.04832856010575587
85-89	0.05259321050870783
90-94	0.03850432245009263
95-99	0.04048247370114119
100	0.0392925989385683
>>END_MODULE
>>Sequence Length Distribution	pass
#Length	Count
100	3.2171453E7
>>END_MODULE
>>Sequence Duplication Levels	fail
#Total Duplicate Percentage	58.482904171024245
#Duplication Level	Relative count
1	100.0
2	38.62135481674799
3	17.47305117440145
4	9.884261885850448
5	6.314535345512311
6	4.518325201407013
7	3.5186656076250995
8	2.930897537728356
9	2.330647906501759
10++	41.34573924883694
>>END_MODULE
>>Overrepresented sequences	pass
>>END_MODULE
>>Kmer Content	warn
#Sequence	Count	Obs/Exp Overall	Obs/Exp Max	Max Obs/Exp Position
TTTTT	23355585	7.2879844	9.750368	10-14
AAAAA	14496220	4.7400494	7.1695786	2
GGAGG	7505155	2.4515781	5.2503376	1
CTCCA	6875950	2.3767292	5.2246556	1
CTGGA	6882960	2.2772663	6.854115	1
GAAAA	6064475	1.9824891	5.4289217	2
CTTTT	5875250	1.891033	5.5357695	1
GGGGG	5670480	1.8518054	5.511774	1
GTTTT	5682005	1.7892462	6.3591843	1
GGAAA	5022960	1.6415979	6.2495713	1
CTGGG	4709295	1.5577004	6.059957	1
GTGGA	4703870	1.5226133	5.046474	1
GCCAG	4442810	1.5161853	5.0422397	1
>>END_MODULE
