##FastQC	0.10.1
>>Basic Statistics	pass
#Measure	Value	
Filename	F_notatus_NA_BW_2_R2.fastq.gz	
File type	Conventional base calls	
Encoding	Sanger / Illumina 1.9	
Total Sequences	10558419	
Filtered Sequences	0	
Sequence length	100	
%GC	49	
>>END_MODULE
>>Per base sequence quality	pass
#Base	Mean	Median	Lower Quartile	Upper Quartile	10th Percentile	90th Percentile
1	30.375225400696827	31.0	31.0	34.0	27.0	34.0
2	30.40821045272024	31.0	31.0	34.0	26.0	34.0
3	30.453077397288364	31.0	31.0	34.0	26.0	34.0
4	33.86054152615084	37.0	35.0	37.0	28.0	37.0
5	33.80763379441562	37.0	35.0	37.0	28.0	37.0
6	33.70605722315055	37.0	35.0	37.0	28.0	37.0
7	33.74927496247307	37.0	35.0	37.0	29.0	37.0
8	33.71177919724534	37.0	35.0	37.0	29.0	37.0
9	35.17007300051267	39.0	35.0	39.0	29.0	39.0
10-14	35.271474602400225	39.2	35.2	39.4	27.6	39.4
15-19	36.03216769480355	40.0	36.0	41.0	27.0	41.0
20-24	35.75243945139893	40.0	36.0	41.0	27.0	41.0
25-29	35.54539809416543	39.0	35.8	41.0	25.8	41.0
30-34	35.24896147803947	39.0	35.0	41.0	24.8	41.0
35-39	34.854344897659395	39.0	34.6	41.0	23.8	41.0
40-44	34.41885589120871	38.6	33.8	40.0	22.2	41.0
45-49	33.968112839621156	38.0	33.0	40.0	19.6	41.0
50-54	33.25540390090599	37.6	32.4	39.6	18.6	40.6
55-59	33.23883861778927	37.0	33.0	40.0	17.2	41.0
60-64	32.454617343751934	35.6	32.0	39.4	12.0	41.0
65-69	31.68423960064475	35.0	31.4	38.2	7.4	40.2
70-74	30.921769348232914	35.0	31.0	36.6	2.6	39.4
75-79	30.177808666240658	35.0	30.6	35.4	2.0	38.0
80-84	29.50754860173668	34.0	30.0	35.0	2.0	36.4
85-89	28.968599901178386	34.0	29.8	35.0	2.0	35.6
90-94	28.468073979636536	34.0	29.0	35.0	2.0	35.0
95-99	27.856037234362457	34.0	29.0	35.0	2.0	35.0
100	26.57945152583924	33.0	25.0	35.0	2.0	35.0
>>END_MODULE
>>Per sequence quality scores	pass
#Quality	Count
2	354199.0
3	56216.0
4	40801.0
5	33016.0
6	31077.0
7	32012.0
8	34190.0
9	37506.0
10	41265.0
11	42239.0
12	41416.0
13	41161.0
14	41983.0
15	42730.0
16	43358.0
17	43167.0
18	43502.0
19	43898.0
20	45653.0
21	48715.0
22	54033.0
23	63339.0
24	76681.0
25	92561.0
26	111870.0
27	134539.0
28	161700.0
29	194490.0
30	235239.0
31	291781.0
32	368761.0
33	481955.0
34	656306.0
35	956218.0
36	1515217.0
37	2120387.0
38	1609668.0
39	295242.0
40	328.0
>>END_MODULE
>>Per base sequence content	fail
#Base	G	A	T	C
1	37.80399278690333	14.023410631898312	7.995248247964364	40.177348333234
2	25.925291019369958	18.135215006840884	36.2460856115581	19.693408362231057
3	26.113284268543822	22.992626826012103	22.63510686795555	28.258982037488522
4	28.025272922490096	29.19034297517803	19.03481868323101	23.749565419100865
5	29.351401787155083	30.177143506356845	21.505671004691276	18.96578370179679
6	22.56179820849654	33.35157414406299	23.104114094044313	20.98251355339616
7	20.801896411092986	18.763493271557397	37.52832260441367	22.906287712935956
8	21.209094678404508	21.28486597850623	29.91193587949663	27.594103463592635
9	22.286183002630292	20.424330138832072	31.435234237366483	25.854252621171153
10-14	24.52464299014799	26.515118482741457	25.281396641236636	23.678841885873915
15-19	24.71826547379309	25.159179294297218	25.791005367157922	24.331549864751775
20-24	24.566581543365988	25.70124956391467	25.633209924035256	24.098958968684084
25-29	24.57841706684339	25.726108443603145	25.51016042513255	24.18531406442092
30-34	24.446703309218996	25.679958451273734	25.612282207359844	24.26105603214743
35-39	24.42157482727363	25.712451026026955	25.572353760640983	24.293620386058432
40-44	24.577524579503915	25.65210114285417	25.53493734624361	24.2354369313983
45-49	24.563412540449757	25.65339772274873	25.418620952031745	24.36456878476977
50-54	24.48293941743339	25.72467330952587	25.51152975252966	24.280857520511077
55-59	24.692417850824544	25.52872500718495	25.374311173865138	24.40454596812537
60-64	24.5758031019817	25.52344021770554	25.38205104630034	24.518705634012413
65-69	24.504858661463714	25.605092078602983	25.493298811092107	24.3967504488412
70-74	24.642784695717655	25.60137123548159	25.376753692609444	24.37909037619131
75-79	24.579411920191173	25.52289768131913	25.38703520098168	24.510655197508015
80-84	24.596693301577147	25.609408983743748	25.348264443814454	24.445633270864654
85-89	24.771547083811914	25.518925787422063	25.22475255238849	24.48477457637754
90-94	24.64273958916344	25.470662530722453	25.273130629511826	24.61346725060228
95-99	24.67671457038035	25.55646848744704	25.35562894730996	24.411187994862647
100	25.192547101900853	25.180462704469193	24.81367517803161	24.81331501559835
>>END_MODULE
>>Per base GC content	fail
#Base	%GC
1	77.98134112013733
2	45.61869938160101
3	54.372266306032344
4	51.774838341590964
5	48.31718548895188
6	43.5443117618927
7	43.70818412402894
8	48.80319814199714
9	48.140435623801444
10-14	48.2034848760219
15-19	49.04981533854487
20-24	48.66554051205008
25-29	48.7637311312643
30-34	48.707759341366426
35-39	48.715195213332066
40-44	48.81296151090221
45-49	48.92798132521953
50-54	48.76379693794446
55-59	49.09696381894991
60-64	49.09450873599411
65-69	48.90160911030492
70-74	49.021875071908966
75-79	49.09006711769919
80-84	49.042326572441794
85-89	49.25632166018945
90-94	49.25620683976572
95-99	49.087902565243
100	50.0058621174992
>>END_MODULE
>>Per sequence GC content	warn
#GC Content	Count
0	2541.0
1	1714.0
2	844.0
3	786.0
4	695.5
5	597.0
6	555.5
7	541.5
8	558.5
9	611.0
10	635.0
11	656.5
12	715.5
13	782.5
14	894.5
15	1042.0
16	1262.5
17	1633.0
18	2211.0
19	3119.5
20	4533.5
21	6574.5
22	9514.5
23	13695.0
24	18760.0
25	24949.0
26	33117.0
27	42659.0
28	53422.0
29	66770.5
30	82510.0
31	98834.5
32	116704.5
33	132741.0
34	147751.0
35	163368.5
36	176581.0
37	191425.0
38	207364.0
39	222120.5
40	236450.5
41	246523.0
42	258769.5
43	276873.0
44	292980.5
45	307998.5
46	324551.5
47	341710.5
48	363034.5
49	384658.0
50	400234.0
51	412089.5
52	425715.0
53	433013.5
54	429560.0
55	423375.0
56	410035.5
57	385143.5
58	355578.5
59	324059.5
60	287071.0
61	249234.0
62	213542.5
63	181410.5
64	153253.0
65	127669.0
66	104981.0
67	85591.5
68	69437.0
69	54747.5
70	41513.5
71	30893.5
72	22783.5
73	17372.5
74	13277.0
75	10118.0
76	7742.0
77	5522.0
78	3828.5
79	2803.5
80	2158.5
81	1746.0
82	1433.5
83	1149.5
84	777.0
85	478.5
86	329.5
87	223.5
88	149.0
89	103.5
90	68.5
91	45.0
92	30.5
93	22.5
94	15.5
95	7.5
96	4.0
97	4.0
98	4.0
99	3.0
100	1.0
>>END_MODULE
>>Per base N content	pass
#Base	N-Count
1	0.04582125411010872
2	0.053843288469608945
3	0.04888989535270385
4	0.048757299743455905
5	0.04733663250151372
6	0.048870953122811284
7	0.04745975699581537
8	0.04064055423449287
9	0.05301930146928247
10-14	0.03832391951863248
15-19	0.043237533952763196
20-24	0.046078868436647574
25-29	0.027615876960366888
30-34	0.04396302135764834
35-39	0.038238679484115946
40-44	0.0892804121526149
45-49	0.06743054997154405
50-54	0.06305300064337284
55-59	0.08132846404371716
60-64	0.07945318328435345
65-69	0.07287265261967724
70-74	0.0651934726212324
75-79	0.06643418867919525
80-84	0.08245363249933536
85-89	0.07676338663960958
90-94	0.05487942844473212
95-99	0.06922816758834822
100	0.0722077803504483
>>END_MODULE
>>Sequence Length Distribution	pass
#Length	Count
100	1.0558419E7
>>END_MODULE
>>Sequence Duplication Levels	warn
#Total Duplicate Percentage	42.522704339051465
#Duplication Level	Relative count
1	100.0
2	21.673308074209565
3	8.603344656388817
4	4.798144760909328
5	3.3152599947739745
6	2.45704860203815
7	1.8944342827279854
8	1.5612751502482363
9	1.3865299189966032
10++	17.623954794878493
>>END_MODULE
>>Overrepresented sequences	pass
>>END_MODULE
>>Kmer Content	warn
#Sequence	Count	Obs/Exp Overall	Obs/Exp Max	Max Obs/Exp Position
TTTTT	4630965	4.287981	7.2252674	2
AAAAA	4278370	3.9883282	6.7404885	2
CTCCT	2424460	2.5375657	6.474805	1
CTCCA	2293760	2.4040112	6.3935227	1
TCCAG	2229210	2.3085973	5.251252	7
CTGGA	2243700	2.2959938	7.2143154	1
GAAGA	2206460	2.1733725	5.5982447	2
GGAGA	1973290	1.9979831	5.2242985	1
GAAAA	2035250	1.9502624	5.4456835	2
CTTTT	1953125	1.8838733	5.0341797	1
GTTTT	1904950	1.8155738	7.875463	1
CTCAG	1676020	1.7357069	5.2604866	1
GGAAG	1676075	1.6970489	5.5644226	1
GGAAA	1662540	1.6376092	6.5079894	1
CTGGG	1486820	1.5639652	6.059945	1
GGGAG	1362855	1.4184475	5.0065956	1
GTTTG	1425305	1.3982575	5.0891223	1
GGGAA	1263550	1.2793615	5.013421	1
>>END_MODULE
