##FastQC	0.10.1
>>Basic Statistics	pass
#Measure	Value	
Filename	L_goodei_NA_FW_3_R2.fastq.gz	
File type	Conventional base calls	
Encoding	Sanger / Illumina 1.9	
Total Sequences	8110153	
Filtered Sequences	0	
Sequence length	100	
%GC	50	
>>END_MODULE
>>Per base sequence quality	fail
#Base	Mean	Median	Lower Quartile	Upper Quartile	10th Percentile	90th Percentile
1	29.254291133595135	31.0	30.0	34.0	23.0	34.0
2	29.261046493204258	31.0	30.0	34.0	22.0	34.0
3	29.30454678228635	31.0	30.0	34.0	22.0	34.0
4	32.601885439152625	37.0	33.0	37.0	24.0	37.0
5	32.52837017994605	37.0	33.0	37.0	23.0	37.0
6	32.39120458023418	37.0	33.0	37.0	22.0	37.0
7	32.42026679398034	37.0	33.0	37.0	23.0	37.0
8	32.36056607070175	37.0	33.0	37.0	22.0	37.0
9	33.686840063313234	38.0	34.0	39.0	22.0	39.0
10-14	33.72906121499805	38.2	34.0	39.4	18.4	39.4
15-19	34.32086472351385	39.0	34.0	41.0	17.2	41.0
20-24	33.93723040736715	39.0	33.4	41.0	14.4	41.0
25-29	33.62337359110241	38.8	33.0	40.8	9.8	41.0
30-34	33.21332690024467	38.0	32.6	40.0	7.8	41.0
35-39	32.677414717083636	38.0	31.8	40.0	2.0	41.0
40-44	32.09358306803829	37.8	31.0	40.0	2.0	41.0
45-49	31.50999868929723	37.0	30.0	40.0	2.0	41.0
50-54	30.735222578414984	35.6	29.4	39.2	2.0	40.4
55-59	30.648491908845614	35.0	29.6	39.2	2.0	41.0
60-64	29.840787122018536	35.0	28.6	38.4	2.0	40.4
65-69	29.08694484555347	34.6	28.0	36.8	2.0	39.8
70-74	28.358599769942685	34.0	27.0	35.6	2.0	38.8
75-79	27.653933705073133	34.0	26.2	35.0	2.0	37.0
80-84	26.988228236877895	33.8	25.2	35.0	2.0	36.0
85-89	26.410451911326458	33.0	24.2	35.0	2.0	35.0
90-94	25.82909824265954	33.0	21.8	35.0	2.0	35.0
95-99	25.09597562462755	33.0	12.6	35.0	2.0	35.0
100	23.762555281016276	31.0	2.0	34.0	2.0	35.0
>>END_MODULE
>>Per sequence quality scores	pass
#Quality	Count
2	471011.0
3	71039.0
4	48510.0
5	40459.0
6	39940.0
7	40482.0
8	42804.0
9	46018.0
10	48933.0
11	49619.0
12	47834.0
13	47160.0
14	46195.0
15	47041.0
16	46860.0
17	46263.0
18	46652.0
19	47120.0
20	48294.0
21	51660.0
22	56781.0
23	66182.0
24	78715.0
25	94059.0
26	110779.0
27	130469.0
28	153050.0
29	180250.0
30	212406.0
31	255688.0
32	316394.0
33	402433.0
34	533302.0
35	746752.0
36	1084967.0
37	1307895.0
38	855363.0
39	150611.0
40	163.0
>>END_MODULE
>>Per base sequence content	fail
#Base	G	A	T	C
1	37.46775007897877	13.422875088708485	7.348781716251517	41.76059311606123
2	26.682255961332295	16.36231971665398	36.49565321447473	20.459771107538995
3	26.943888394828164	21.286257796568123	21.32805249651166	30.441801312092053
4	29.335192285463798	27.684759581952882	18.156671817766767	24.823376314816553
5	30.570399625386663	28.86017774396126	20.949456312298835	19.619966318353242
6	23.835074600720716	32.38975687719612	22.780951145002764	20.994217377080403
7	21.562656934230933	18.748212083116993	36.85100390415051	22.838127078501564
8	21.633602607132858	20.88925729524768	29.876822347135	27.60031775048446
9	23.21692307616391	20.006318741916527	30.911823325903487	25.86493485601608
10-14	24.90922982078351	26.069029198569467	24.833664685788325	24.188076294858703
15-19	25.255353853482987	24.62938266978391	25.39900238456167	24.716261092171433
20-24	25.039188710730215	25.08909160522885	25.246231322404007	24.62548836163693
25-29	25.060083723895115	25.143710430281875	25.222157026839948	24.57404881898306
30-34	24.92908552317361	25.009701359478164	25.19533291643824	24.865880200909977
35-39	25.063420033302503	25.056436064877442	25.077170877527617	24.802973024292445
40-44	25.302418190407504	24.92636630695177	24.876350781998557	24.894864720642165
45-49	25.26902780337276	24.98888571823677	24.787345590694958	24.95474088769551
50-54	25.172486024748665	25.124780550004424	24.796033987973125	24.90669943727379
55-59	25.471767519533195	24.80002576578873	24.646321976848057	25.081884737830013
60-64	25.471144997972978	24.720581011929816	24.692597343691197	25.115676646406005
65-69	25.305304981209257	24.81224373246477	24.72574331759494	25.156707968731034
70-74	25.506271100643936	24.87621720509166	24.67728281768417	24.940228876580235
75-79	25.48724901705531	24.798494950575467	24.591943005926105	25.122313026443116
80-84	25.5075069639502	24.720773775590004	24.636251496267946	25.135467764191848
85-89	25.548608736477092	24.854388593491	24.4351206331632	25.16188203686871
90-94	25.504384045137197	24.76955400787718	24.46256327160966	25.263498675375967
95-99	25.40529533307171	24.810073586282957	24.519446276910255	25.265184803735075
100	25.91756247679527	24.344619383159134	23.874558901862905	25.86325923818269
>>END_MODULE
>>Per base GC content	fail
#Base	%GC
1	79.22834319504
2	47.142027068871286
3	57.38568970692022
4	54.15856860028035
5	50.1903659437399
6	44.82929197780112
7	44.400784012732494
8	49.233920357617315
9	49.08185793217999
10-14	49.09730611564221
15-19	49.971614945654416
20-24	49.66467707236714
25-29	49.63413254287817
30-34	49.79496572408359
35-39	49.86639305759494
40-44	50.19728291104967
45-49	50.22376869106827
50-54	50.07918546202246
55-59	50.55365225736321
60-64	50.586821644378986
65-69	50.462012949940295
70-74	50.44649997722417
75-79	50.60956204349842
80-84	50.64297472814205
85-89	50.710490773345796
90-94	50.76788272051316
95-99	50.67048013680678
100	51.780821714977954
>>END_MODULE
>>Per sequence GC content	warn
#GC Content	Count
0	11377.0
1	7114.5
2	2471.0
3	2050.5
4	1853.5
5	1623.0
6	1502.5
7	1455.0
8	1471.5
9	1483.0
10	1476.5
11	1464.5
12	1463.5
13	1504.5
14	1613.5
15	1708.5
16	1849.5
17	2174.5
18	2653.5
19	3447.0
20	4545.0
21	6224.0
22	8639.0
23	11796.0
24	15990.0
25	21384.0
26	27890.0
27	35261.0
28	43789.5
29	53377.5
30	62710.5
31	72764.0
32	83809.0
33	93945.0
34	103440.5
35	113562.5
36	121828.5
37	128467.5
38	136319.0
39	144260.5
40	153089.0
41	164449.5
42	173330.5
43	183146.5
44	200933.0
45	216981.5
46	231419.0
47	246644.5
48	256284.0
49	265392.5
50	276302.0
51	293702.0
52	308452.0
53	306437.5
54	294718.5
55	293968.5
56	294301.0
57	277932.0
58	259527.0
59	244921.5
60	232896.0
61	214990.0
62	187072.0
63	161654.5
64	147806.5
65	136680.5
66	119303.0
67	104094.5
68	93007.5
69	77005.5
70	61725.5
71	51010.5
72	40632.0
73	34098.0
74	32805.5
75	29466.0
76	24684.0
77	18669.0
78	13093.0
79	11285.0
80	9469.0
81	8940.5
82	8106.0
83	5235.0
84	2914.5
85	1866.5
86	1295.0
87	844.0
88	516.0
89	323.0
90	202.0
91	146.0
92	105.5
93	69.5
94	52.5
95	38.0
96	21.0
97	13.0
98	6.5
99	3.5
100	3.0
>>END_MODULE
>>Per base N content	pass
#Base	N-Count
1	0.04369831247326653
2	0.05133072088775637
3	0.047619323581195076
4	0.046780868375726085
5	0.0451409486356176
6	0.046817859046555596
7	0.04502997662312906
8	0.039000497277918184
9	0.05066488881282511
10-14	0.03668241523926861
15-19	0.042194025192866275
20-24	0.04450224305262798
25-29	0.02733363969828929
30-34	0.043861071424916395
35-39	0.03716822604949623
40-44	0.08716235069794614
45-49	0.06492849148468592
50-54	0.061695506854186344
55-59	0.07871614752520699
60-64	0.07571250505385041
65-69	0.07007512681943238
70-74	0.06249697138882584
75-79	0.06374725606286342
80-84	0.08003301540673771
85-89	0.07373720323155433
90-94	0.053091476819241264
95-99	0.0666917134608928
100	0.06983838652612348
>>END_MODULE
>>Sequence Length Distribution	pass
#Length	Count
100	8110153.0
>>END_MODULE
>>Sequence Duplication Levels	warn
#Total Duplicate Percentage	39.37765454105324
#Duplication Level	Relative count
1	100.0
2	15.846867580969528
3	6.013634680586915
4	3.4754641091355265
5	2.300035575045195
6	1.7235746386228827
7	1.3612899947000443
8	1.0193339480313932
9	0.9046225778113361
10++	12.559442996435235
>>END_MODULE
>>Overrepresented sequences	warn
#Sequence	Count	Percentage	Possible Source
TTTTTTTTTTTTTTTTTTTTTTTTTTTTTTTTTTTTTTTTTTTTTTTTTT	18015	0.22212897833123493	No Hit
>>END_MODULE
>>Kmer Content	fail
#Sequence	Count	Obs/Exp Overall	Obs/Exp Max	Max Obs/Exp Position
TTTTT	5906425	8.064659	12.098102	2
AAAAA	3900075	5.459588	7.4408655	2
CTCCT	1632815	2.1679401	6.9451666	1
GAAGA	1631035	2.1519144	5.1710396	2
CTCCA	1606340	2.1434479	6.482961	1
GGGGG	1714910	2.0702136	5.077174	1
GAAAA	1520260	2.0660563	5.314742	2
CTGGA	1541590	1.9950328	6.4303584	1
CTTTT	1431725	1.9367367	5.4900103	1
GTTTT	1397030	1.8610994	7.3609843	1
GGAAA	1238210	1.6336387	6.325183	1
GGGAG	1160530	1.4430882	5.2858887	1
CTGGG	1131860	1.4220382	6.0123835	1
GGGAA	1074535	1.3763207	5.163877	1
>>END_MODULE
