##FastQC	0.10.1
>>Basic Statistics	pass
#Measure	Value	
Filename	F_heteroclitus_MDPL_FW_3_R1.fastq.gz	
File type	Conventional base calls	
Encoding	Sanger / Illumina 1.9	
Total Sequences	21321342	
Filtered Sequences	0	
Sequence length	100	
%GC	51	
>>END_MODULE
>>Per base sequence quality	pass
#Base	Mean	Median	Lower Quartile	Upper Quartile	10th Percentile	90th Percentile
1	30.863688786568876	33.0	31.0	34.0	26.0	34.0
2	31.172272833482996	34.0	31.0	34.0	27.0	34.0
3	30.911795561461375	34.0	31.0	34.0	27.0	34.0
4	34.403030963060395	37.0	35.0	37.0	30.0	37.0
5	32.873602280757	37.0	35.0	37.0	22.0	37.0
6	33.26936897311623	37.0	35.0	37.0	19.0	37.0
7	33.890113905588116	37.0	35.0	37.0	29.0	37.0
8	34.013205969868125	37.0	35.0	37.0	30.0	37.0
9	35.59694999498625	39.0	37.0	39.0	30.0	39.0
10-14	35.71465995902134	39.2	36.6	39.4	30.0	39.4
15-19	36.52163606774845	40.0	37.0	41.0	29.2	41.0
20-24	36.31017394683693	40.0	36.8	41.0	28.2	41.0
25-29	35.97126045818317	40.0	36.0	41.0	27.0	41.0
30-34	35.54072022295783	40.0	35.4	41.0	25.4	41.0
35-39	35.13241032389049	39.0	35.0	41.0	24.4	41.0
40-44	34.83375429182647	39.0	34.8	41.0	23.6	41.0
45-49	34.276190279204755	38.2	34.0	40.6	22.2	41.0
50-54	33.58003349882948	37.4	33.0	40.0	19.4	41.0
55-59	32.77940941991362	36.0	32.6	39.6	15.6	41.0
60-64	31.942293341572963	35.0	32.0	38.6	10.4	40.6
65-69	31.201773049745178	35.0	31.0	36.8	5.8	39.8
70-74	30.462312606776816	35.0	31.0	35.6	2.0	38.8
75-79	29.485427183711046	34.2	29.6	35.0	2.0	36.4
80-84	29.473675643868944	34.8	30.0	35.0	2.0	36.0
85-89	29.04202021617589	34.0	30.0	35.0	2.0	35.0
90-94	28.583544337875168	34.0	29.4	35.0	2.0	35.0
95-99	28.06262251222273	34.0	29.0	35.0	2.0	35.0
100	26.913290964518087	33.0	25.0	35.0	2.0	35.0
>>END_MODULE
>>Per sequence quality scores	pass
#Quality	Count
2	533649.0
3	181812.0
4	94866.0
5	73598.0
6	70742.0
7	73458.0
8	76039.0
9	80526.0
10	86274.0
11	90164.0
12	91537.0
13	94535.0
14	94547.0
15	95748.0
16	94563.0
17	93565.0
18	91656.0
19	90806.0
20	91399.0
21	94694.0
22	103769.0
23	121475.0
24	146680.0
25	178699.0
26	220180.0
27	270132.0
28	328571.0
29	385318.0
30	463895.0
31	559251.0
32	697174.0
33	915540.0
34	1281375.0
35	1960923.0
36	3291431.0
37	4608294.0
38	3009258.0
39	484677.0
40	522.0
>>END_MODULE
>>Per base sequence content	fail
#Base	G	A	T	C
1	36.11065817545216	13.168875470735145	9.404167049759543	41.31629930405315
2	27.11434391477538	19.12454743310091	31.14714162139923	22.61396703072448
3	26.5322446968653	23.962222362100487	21.148927543861607	28.356605397172608
4	28.531991318215873	30.57670317254359	17.584590428864434	23.30671508037611
5	29.202660180074357	31.293726043448224	19.876884742622966	19.626729033854456
6	22.64277041251503	33.838988978982826	21.83068163386358	21.687558974638566
7	21.482830481694744	17.65891695918814	36.49077745581959	24.367475103297526
8	22.676954585358907	20.316471425399214	28.078797021723652	28.927776967518227
9	23.511639701094797	19.31076985564327	29.558824274664246	27.618766168597688
10-14	25.34810586070506	25.652395317844913	23.784831597165407	25.21466722428462
15-19	25.60273601609139	24.223636170497397	24.720781695184147	25.45284611822706
20-24	25.402393490958424	24.76752947108117	24.4466807431258	25.383396294834608
25-29	25.468064817165793	24.817217022015477	24.299154310799477	25.415563850019257
30-34	25.21407678163476	24.944571727951622	24.334877862969744	25.50647362744387
35-39	25.448322281569318	24.715667089990276	24.251975658506147	25.584034969934255
40-44	25.749814328008146	24.601947823413774	24.119659047620566	25.52857880095751
45-49	25.608257657679566	24.586092118697618	24.152669504381706	25.652980719241107
50-54	25.71529183271072	24.612969481668614	23.99799832424389	25.67374036137678
55-59	26.052656810739695	24.124173914488935	23.965431651592418	25.857737623178956
60-64	26.02066922959758	24.141472255434394	23.936153671766302	25.901704843201724
65-69	25.9204263246392	24.294684108284333	23.910998274126186	25.87389129295028
70-74	26.261636857633135	24.30461303511164	23.71737831244633	25.716371794808897
75-79	26.16551350088052	24.11983420918737	23.875791991123773	25.838860298808335
80-84	26.088457122920538	24.056152548414435	23.89744916813628	25.95794116052875
85-89	26.038605155680845	24.322687985285377	23.7203953260546	25.91831153297918
90-94	26.007953080864304	24.18683535334938	23.84222892949816	25.962982636288157
95-99	25.874168525853804	24.193631916598335	23.814327718556907	26.117871838990954
100	26.20738182650849	23.71448608664435	23.499249963860745	26.578882122986414
>>END_MODULE
>>Per base GC content	fail
#Base	%GC
1	77.4269574795053
2	49.72831094549986
3	54.88885009403791
4	51.83870639859198
5	48.82938921392881
6	44.3303293871536
7	45.85030558499227
8	51.60473155287713
9	51.13040586969249
10-14	50.562773084989686
15-19	51.055582134318456
20-24	50.785789785793035
25-29	50.88362866718504
30-34	50.72055040907863
35-39	51.032357251503576
40-44	51.27839312896566
45-49	51.26123837692068
50-54	51.38903219408749
55-59	51.91039443391865
60-64	51.92237407279931
65-69	51.79431761758948
70-74	51.97800865244203
75-79	52.00437379968885
80-84	52.04639828344929
85-89	51.95691668866003
90-94	51.970935717152464
95-99	51.99204036484476
100	52.7862639494949
>>END_MODULE
>>Per sequence GC content	warn
#GC Content	Count
0	865.0
1	688.0
2	465.5
3	477.0
4	545.0
5	551.5
6	576.0
7	673.5
8	800.0
9	900.5
10	969.5
11	1082.0
12	1246.5
13	1450.5
14	1724.0
15	2079.0
16	2575.5
17	3326.5
18	4485.0
19	6087.5
20	8342.0
21	11790.5
22	16955.5
23	23757.5
24	31867.0
25	42946.0
26	57688.0
27	73645.0
28	91509.0
29	111473.0
30	132431.5
31	154102.5
32	176546.0
33	200388.5
34	221387.0
35	240583.0
36	260923.5
37	284941.0
38	308611.0
39	326641.5
40	341777.0
41	360653.0
42	392265.5
43	443236.5
44	517344.0
45	563922.5
46	603368.5
47	645722.5
48	671690.0
49	706246.0
50	741322.5
51	796854.0
52	849372.5
53	862139.5
54	850858.5
55	860399.5
56	867245.0
57	845658.5
58	812179.5
59	752186.5
60	678897.0
61	612326.0
62	537276.5
63	465971.0
64	403329.0
65	349242.0
66	303009.0
67	259512.0
68	238041.5
69	210938.5
70	169767.0
71	126662.5
72	91421.0
73	76770.0
74	72370.5
75	76069.0
76	69721.0
77	54461.5
78	37938.5
79	23968.0
80	26130.0
81	30768.5
82	34034.5
83	31548.0
84	20528.5
85	10826.5
86	5663.5
87	3363.5
88	2488.5
89	2011.0
90	1474.5
91	974.0
92	725.5
93	464.0
94	227.5
95	117.5
96	81.0
97	57.5
98	38.0
99	15.5
100	5.5
>>END_MODULE
>>Per base N content	pass
#Base	N-Count
1	0.016987673665194245
2	0.0021621528325937458
3	0.005703205736299339
4	0.008259330017782182
5	3.5970718916285853
6	0.038248061496316696
7	0.04730471468446967
8	0.05298915987558382
9	0.04676065887409901
10-14	0.05239914072950943
15-19	0.030469939462534772
20-24	0.02609967046164355
25-29	0.026003053653939793
30-34	0.049935881146693305
35-39	0.04757580456239574
40-44	0.03854823021927982
45-49	0.02891187618490431
50-54	0.01502719669334135
55-59	0.005261394897187991
60-64	0.004745479904595123
65-69	9.39903313778279E-4
70-74	0.003293413707261016
75-79	0.004374021109928259
80-84	0.005586890356151127
85-89	0.0023966596474086855
90-94	0.009410289464893909
95-99	0.017738095472602054
100	0.004858981202965554
>>END_MODULE
>>Sequence Length Distribution	pass
#Length	Count
100	2.1321342E7
>>END_MODULE
>>Sequence Duplication Levels	fail
#Total Duplicate Percentage	57.85506690939287
#Duplication Level	Relative count
1	100.0
2	24.91853591997575
3	10.640535010609275
4	6.218740527432555
5	4.207714458926947
6	3.0691118520763867
7	2.4988632919066385
8	2.0470218247953924
9	1.7372688693543499
10++	34.11355713852683
>>END_MODULE
>>Overrepresented sequences	warn
#Sequence	Count	Percentage	Possible Source
GATCGGAAGAGCACACGTCTGAACTCCAGTCACATTCAGAAATCTCGTAT	21412	0.10042519837634985	TruSeq Adapter, Index 8 (97% over 36bp)
>>END_MODULE
>>Kmer Content	warn
#Sequence	Count	Obs/Exp Overall	Obs/Exp Max	Max Obs/Exp Position
AAAAA	8832605	5.039342	9.684538	2
TTTTT	8068570	4.932697	7.6017113	2
AAGAA	4235725	2.2783206	5.622254	2
GAAGA	4425995	2.2443988	5.5728526	2
GAAAA	3795115	2.0413244	6.4004655	1
AGAAA	3754225	2.0193303	5.186832	2
CTGGA	4051065	1.969254	5.4048934	1
CTTTT	3370360	1.9213496	5.233384	1
TTTAA	3155980	1.8768127	5.165695	7
AAAAG	3480795	1.8722572	5.334302	3
AAAAT	3212730	1.8584882	5.621313	3
GTTTT	3221385	1.831184	7.4824963	1
GGAAA	3053110	1.5482161	7.1116185	1
GGGAA	2815015	1.3457733	5.0848446	1
>>END_MODULE
