##FastQC	0.10.1
>>Basic Statistics	pass
#Measure	Value	
Filename	F_similis_NA_FW_3_R2.fastq.gz	
File type	Conventional base calls	
Encoding	Sanger / Illumina 1.9	
Total Sequences	10089242	
Filtered Sequences	0	
Sequence length	100	
%GC	51	
>>END_MODULE
>>Per base sequence quality	fail
#Base	Mean	Median	Lower Quartile	Upper Quartile	10th Percentile	90th Percentile
1	29.222015192023346	31.0	30.0	34.0	23.0	34.0
2	29.25553525230141	31.0	30.0	34.0	22.0	34.0
3	29.29629381473851	31.0	30.0	34.0	22.0	34.0
4	32.548940346559235	37.0	35.0	37.0	22.0	37.0
5	32.474687394751754	37.0	35.0	37.0	22.0	37.0
6	32.39401294963487	37.0	33.0	37.0	21.0	37.0
7	32.407259336231604	37.0	35.0	37.0	22.0	37.0
8	32.327836025739096	37.0	33.0	37.0	19.0	37.0
9	33.69637847917614	39.0	34.0	39.0	19.0	39.0
10-14	33.73888141448089	38.4	34.0	39.4	17.4	39.4
15-19	34.37188968209902	39.0	34.0	41.0	16.4	41.0
20-24	34.02221098473007	39.0	34.0	41.0	10.8	41.0
25-29	33.67503717325841	39.0	33.2	41.0	8.6	41.0
30-34	32.783781120524225	38.6	31.8	40.6	3.0	41.0
35-39	32.512888678852185	38.0	31.8	40.0	2.0	41.0
40-44	32.03700478192514	38.0	31.0	40.0	2.0	41.0
45-49	31.561262461540718	37.0	30.4	40.0	2.0	41.0
50-54	30.69118221170629	35.8	29.4	39.4	2.0	40.6
55-59	30.535832325163774	35.2	29.6	39.4	2.0	41.0
60-64	29.751190703920077	35.0	28.6	38.4	2.0	40.6
65-69	28.944640598372008	35.0	28.0	36.6	2.0	39.6
70-74	28.235373321405113	34.0	26.8	35.4	2.0	38.8
75-79	27.511155882671858	34.0	26.0	35.0	2.0	36.8
80-84	26.871440015017974	34.0	24.8	35.0	2.0	36.0
85-89	26.296733788326225	33.4	23.8	35.0	2.0	35.0
90-94	25.70893375339793	33.0	20.4	35.0	2.0	35.0
95-99	25.025262294233798	33.0	9.8	35.0	2.0	35.0
100	23.745425672216008	32.0	2.0	35.0	2.0	35.0
>>END_MODULE
>>Per sequence quality scores	pass
#Quality	Count
2	644255.0
3	90773.0
4	57697.0
5	48872.0
6	50007.0
7	51552.0
8	54609.0
9	57560.0
10	58545.0
11	60416.0
12	58248.0
13	57472.0
14	56487.0
15	58138.0
16	58072.0
17	56844.0
18	57351.0
19	58045.0
20	59885.0
21	64277.0
22	69814.0
23	79881.0
24	94736.0
25	112919.0
26	132092.0
27	154644.0
28	181719.0
29	212255.0
30	248498.0
31	297500.0
32	368140.0
33	470415.0
34	632548.0
35	900896.0
36	1365209.0
37	1718963.0
38	1096332.0
39	193291.0
40	285.0
>>END_MODULE
>>Per base sequence content	fail
#Base	G	A	T	C
1	35.687942221658155	13.865959244217407	7.151685994859918	43.29441253926453
2	26.153707471885763	16.432573475445675	37.24502915376291	20.168689898905654
3	26.021502796224162	21.46433463230857	21.789111492609205	30.725051078858062
4	28.637463451528166	28.151710476909653	18.151927618632506	25.05889845292967
5	30.019293753621234	29.283866279026526	20.876293592286306	19.820546375065927
6	23.07421858268516	32.58584168436816	22.91689801558155	21.42304171736513
7	21.011755483484524	18.200489597806577	37.526554419493245	23.26120049921565
8	21.083698365597474	20.149959468403946	30.290771438983217	28.475570727015366
9	22.946322002939993	19.87848380692967	30.554047925515388	26.621146264614946
10-14	24.682791769526176	26.151946171873426	24.60324655518558	24.562015503414823
15-19	25.228080628993826	24.48859980617138	25.340773809582835	24.942545755251956
20-24	24.948361520720738	24.94006961551223	25.14699836402951	24.96457049973752
25-29	24.96450253058767	24.9722238547912	25.191656988242567	24.871616626378565
30-34	25.098254641822273	25.117499374045398	24.867801799766248	24.91644418436608
35-39	25.112114436209175	24.855509741733822	24.875002471796382	25.15737335026062
40-44	25.624819709507886	24.776299912428847	24.473240263113063	25.125640114950208
45-49	25.454788104616906	24.83467471252179	24.521896498282842	25.188640684578463
50-54	25.460865240698123	24.961232686417684	24.331404797877678	25.24649727500652
55-59	26.025572861934563	24.373403030181482	24.301885919615575	25.299138188268376
60-64	25.904096910724693	24.341633234196287	24.277553175578884	25.476716679500132
65-69	25.676070273061107	24.353866831546707	24.342235148166203	25.627827747225986
70-74	26.174621459858827	24.44877130321896	24.044874289915843	25.331732947006376
75-79	26.018955210245164	24.370610863579618	24.12783147905867	25.482602447116548
80-84	26.06436970434431	24.161923079555102	24.184597087091216	25.589110129009367
85-89	26.008747097735696	24.50601803307407	23.909379772312683	25.575855096877554
90-94	26.05196920851528	24.483225641307786	23.99163702760886	25.473168122568072
95-99	25.747932409115247	24.3629638444299	24.077842565597667	25.81126118085718
100	26.023183857453862	23.85931617378294	23.703786634574403	26.41371333418879
>>END_MODULE
>>Per base GC content	fail
#Base	%GC
1	78.98235476092268
2	46.32239737079142
3	56.74655387508223
4	53.696361904457845
5	49.839840128687165
6	44.49726030005029
7	44.27295598270018
8	49.55926909261284
9	49.56746826755494
10-14	49.244807272940996
15-19	50.170626384245786
20-24	49.91293202045826
25-29	49.836119156966234
30-34	50.01469882618835
35-39	50.26948778646979
40-44	50.75045982445809
45-49	50.64342878919537
50-54	50.70736251570464
55-59	51.32471105020294
60-64	51.380813590224825
65-69	51.303898020287086
70-74	51.5063544068652
75-79	51.501557657361715
80-84	51.65347983335368
85-89	51.58460219461325
90-94	51.52513733108335
95-99	51.55919358997243
100	52.436897191642664
>>END_MODULE
>>Per sequence GC content	warn
#GC Content	Count
0	9003.0
1	5868.5
2	2429.0
3	2098.5
4	1986.5
5	1845.0
6	1815.0
7	1849.0
8	1829.5
9	1853.0
10	1909.5
11	1970.5
12	2025.0
13	2121.0
14	2274.0
15	2479.5
16	2762.0
17	3211.5
18	3858.0
19	4776.0
20	6083.5
21	7873.0
22	10569.0
23	14393.0
24	19683.5
25	27394.5
26	35656.5
27	42251.0
28	49743.5
29	59002.5
30	69590.0
31	80850.0
32	91336.5
33	102214.0
34	112727.0
35	121842.5
36	131407.0
37	142026.5
38	152234.5
39	162617.5
40	172466.0
41	184562.5
42	199765.0
43	223602.5
44	268034.0
45	291329.5
46	303347.0
47	316021.5
48	323099.0
49	331607.5
50	338541.5
51	361583.0
52	385959.5
53	393209.5
54	382795.0
55	379011.5
56	378382.5
57	365596.0
58	351941.0
59	325793.0
60	294374.0
61	270449.0
62	231661.5
63	197762.0
64	178374.5
65	160048.5
66	140286.5
67	125559.0
68	119796.5
69	100889.5
70	78105.5
71	60685.0
72	45802.0
73	40412.0
74	41272.0
75	43717.5
76	37132.0
77	28908.0
78	21863.0
79	14380.0
80	12111.0
81	12858.0
82	14340.5
83	15401.5
84	12152.0
85	7143.5
86	4720.0
87	2787.5
88	1987.5
89	1641.0
90	1143.0
91	664.0
92	543.0
93	367.5
94	138.0
95	44.5
96	33.5
97	25.5
98	21.0
99	19.0
100	12.5
>>END_MODULE
>>Per base N content	pass
#Base	N-Count
1	0.037683703096823326
2	0.0524816433186953
3	0.0382189266547477
4	0.03630599801253652
5	0.045900375865699325
6	0.03435342318084947
7	0.03787202249683375
8	0.044770459465636764
9	0.0347697081703462
10-14	0.03126498502067846
15-19	0.04826527106793553
20-24	0.04666356501311
25-29	0.028636442658427658
30-34	0.05395449925772422
35-39	0.05434104960511404
40-44	0.08902750077756089
45-49	0.0657571698646935
50-54	0.06335659309192901
55-59	0.07115698087130827
60-64	0.0617489401086821
65-69	0.06379666579511127
70-74	0.061219663479179114
75-79	0.05715394674842768
80-84	0.06275000639294806
85-89	0.06026617262228422
90-94	0.05315761084925904
95-99	0.04997402183434593
100	0.049399152086945675
>>END_MODULE
>>Sequence Length Distribution	pass
#Length	Count
100	1.0089242E7
>>END_MODULE
>>Sequence Duplication Levels	warn
#Total Duplicate Percentage	47.72719417829919
#Duplication Level	Relative count
1	100.0
2	14.311531651986101
3	5.470867830826985
4	3.1831973024000706
5	2.2281646476296824
6	1.7579947252811836
7	1.3436574812115691
8	1.13942742119144
9	0.9998457254942295
10++	16.4934139478846
>>END_MODULE
>>Overrepresented sequences	warn
#Sequence	Count	Percentage	Possible Source
TTTTTTTTTTTTTTTTTTTTTTTTTTTTTTTTTTTTTTTTTTTTTTTTTT	17872	0.17713917457822898	No Hit
CTGCAAGTCATTTAGCACCACGTTCTCCACAAACATGCTATGCGTAATCG	17500	0.17345207895697218	No Hit
AAAGAAACTAACCAGGATTCCCTCAGTAGCGGCGAGCGAAGAGGGAAGAG	13120	0.1300395014808843	No Hit
>>END_MODULE
>>Kmer Content	fail
#Sequence	Count	Obs/Exp Overall	Obs/Exp Max	Max Obs/Exp Position
TTTTT	7008565	8.159401	12.409161	2
AAAAA	4768570	5.6138663	7.192204	2
AAGAA	1941765	2.1838195	5.443869	2
GAAAA	1863095	2.0953429	5.629523	2
GAAGA	1938500	2.0827258	5.2320547	2
CTCCA	1926725	2.0279315	6.3013287	1
TTTAA	1702535	1.9909625	5.714024	7
CTTTT	1735715	1.9524777	5.959904	1
CTCCT	1776455	1.865601	6.0937676	1
GTTTT	1631815	1.8189268	7.6987257	1
CTGGA	1720850	1.7784835	5.658191	1
CTGAA	1633490	1.767165	5.154533	1
CTGCA	1616400	1.6858501	5.4342947	1
GGAAA	1534055	1.6481897	6.9818783	1
GGGAA	1430975	1.4687386	5.378464	1
GGGAG	1496855	1.4677037	5.384207	1
ATTTA	1233600	1.4425849	5.2062163	6
CTCCC	1406755	1.4274521	5.389338	1
CTGGG	1373585	1.3561525	5.9625144	1
GTCGG	990560	0.97798854	5.016377	1
>>END_MODULE
