##FastQC	0.10.1
>>Basic Statistics	pass
#Measure	Value	
Filename	F_heteroclitus_MDPP_BW_1_R1.fastq.gz	
File type	Conventional base calls	
Encoding	Sanger / Illumina 1.9	
Total Sequences	19773376	
Filtered Sequences	0	
Sequence length	100	
%GC	49	
>>END_MODULE
>>Per base sequence quality	pass
#Base	Mean	Median	Lower Quartile	Upper Quartile	10th Percentile	90th Percentile
1	29.93125149696238	31.0	30.0	34.0	25.0	34.0
2	30.23998405735065	31.0	30.0	34.0	26.0	34.0
3	29.813275588346674	31.0	30.0	34.0	25.0	34.0
4	31.41258220144097	35.0	32.0	37.0	10.0	37.0
5	32.50914360805155	35.0	32.0	37.0	19.0	37.0
6	32.90518786473286	35.0	33.0	37.0	26.0	37.0
7	33.04775527456717	35.0	35.0	37.0	27.0	37.0
8	33.03587561375458	36.0	35.0	37.0	26.0	37.0
9	34.475409307950244	39.0	35.0	39.0	27.0	39.0
10-14	34.52147033465605	38.8	35.0	39.4	26.0	39.4
15-19	34.61784430741619	39.0	33.8	41.0	20.0	41.0
20-24	34.82610621474047	39.0	34.0	41.0	23.0	41.0
25-29	34.47157707414253	39.0	34.0	41.0	20.0	41.0
30-34	34.035282786308215	38.6	33.2	41.0	17.0	41.0
35-39	33.59575639486145	38.0	33.0	40.0	14.2	41.0
40-44	33.29288894319311	38.0	32.8	40.0	9.2	41.0
45-49	32.751509828164906	37.6	32.0	40.0	5.0	41.0
50-54	32.042518030305	36.6	31.2	40.0	2.0	41.0
55-59	30.628110161866136	35.2	29.0	39.2	2.0	41.0
60-64	30.41628478616904	35.0	29.4	38.4	2.0	40.2
65-69	29.70922577914869	35.0	29.0	36.8	2.0	39.6
70-74	28.95631330734823	34.0	28.8	35.6	2.0	38.8
75-79	27.90306769061591	33.4	27.2	35.0	2.0	36.4
80-84	27.870510002945377	34.0	27.2	35.0	2.0	36.0
85-89	27.39501740117621	34.0	26.8	35.0	2.0	35.0
90-94	26.351219892849862	33.4	23.0	35.0	2.0	35.0
95-99	26.16133968220702	33.0	24.0	35.0	2.0	35.0
100	25.06124184357795	32.0	19.0	35.0	2.0	35.0
>>END_MODULE
>>Per sequence quality scores	pass
#Quality	Count
2	705033.0
3	227401.0
4	124067.0
5	95723.0
6	93224.0
7	91365.0
8	93608.0
9	101928.0
10	109300.0
11	116530.0
12	120727.0
13	124505.0
14	125746.0
15	124750.0
16	122033.0
17	118714.0
18	114357.0
19	111977.0
20	111443.0
21	116353.0
22	127826.0
23	148409.0
24	179470.0
25	218904.0
26	265531.0
27	318527.0
28	378384.0
29	443591.0
30	525358.0
31	627142.0
32	768842.0
33	979938.0
34	1319183.0
35	1875998.0
36	2754414.0
37	3380753.0
38	2155819.0
39	356057.0
40	446.0
>>END_MODULE
>>Per base sequence content	fail
#Base	G	A	T	C
1	38.27329219279091	14.653896642298808	8.11457071426311	38.958240450647175
2	26.076480952488364	17.672096000579383	34.28418071489832	21.967242332033933
3	25.46527769032487	21.827400384988337	22.011837928618906	30.69548399606788
4	27.907567532660938	27.946830508407565	18.76723323330447	25.378368725627027
5	29.47101896112367	28.89722769128433	21.493940063395264	20.137813284196742
6	23.821546560797668	32.360476780739155	22.983671566152776	20.8343050923104
7	21.355907462048805	19.37935696215644	36.86182188390714	22.402913691887612
8	21.392862598392938	21.381441380014994	30.221145743446453	27.00455027814562
9	22.57899077647423	20.25687477538063	31.61142979697823	25.55270465116691
10-14	24.426726944426203	26.3049667914651	25.485403117347055	23.78290314676164
15-19	24.679313792923928	25.149540101796664	25.82545171194558	24.34569439333383
20-24	24.535452535551705	25.368831580818878	25.77706283627668	24.318653047352733
25-29	24.513639367943142	25.393798446883654	25.642855947818344	24.44970623735486
30-34	24.334381923774256	25.476061894581353	25.576578394939187	24.612977786705205
35-39	24.471133291771906	25.45578925140452	25.522870832282006	24.550206624541566
40-44	24.573555411685874	25.462425834646147	25.37478584951979	24.589232904148194
45-49	24.56516709164942	25.38822240788152	25.373787809871722	24.672822690597336
50-54	24.569803941045855	25.50243464069312	25.284373538631417	24.643387879629607
55-59	24.724325099777477	25.21419319966523	25.220528634259548	24.840953066297743
60-64	24.691897245429338	25.248950679172395	25.22780156545924	24.831350509939025
65-69	24.6351961483983	25.477579263023838	25.10398561524062	24.78323897333724
70-74	24.858424508698914	25.44904181532701	25.012311418034823	24.680222257939256
75-79	24.735095583829935	25.278914630487197	25.140932580392793	24.84505720529007
80-84	24.66576974248328	25.377917456062484	25.133303332912316	24.823009468541922
85-89	24.778731808702997	25.417364183286484	24.947244413050303	24.856659594960213
90-94	24.574507533665802	25.39890263676259	24.971867827440743	25.054722002130863
95-99	24.559505658486387	25.508438946995376	24.98214845722309	24.949906937295143
100	24.907079309669736	25.118534538892817	24.589330022743198	25.38505612869425
>>END_MODULE
>>Per base GC content	fail
#Base	%GC
1	77.23153264343809
2	48.0437232845223
3	56.16076168639276
4	53.28593625828797
5	49.608832245320414
6	44.65585165310807
7	43.758821153936424
8	48.39741287653855
9	48.131695427641134
10-14	48.20963009118785
15-19	49.02500818625776
20-24	48.85410558290443
25-29	48.963345605298
30-34	48.94735971047946
35-39	49.02133991631347
40-44	49.162788315834064
45-49	49.23798978224676
50-54	49.21319182067546
55-59	49.565278166075224
60-64	49.52324775536837
65-69	49.41843512173554
70-74	49.538646766638166
75-79	49.58015278912001
80-84	49.48877921102521
85-89	49.635391403663206
90-94	49.62922953579667
95-99	49.509412595781534
100	50.292135438363985
>>END_MODULE
>>Per sequence GC content	fail
#GC Content	Count
0	41899.0
1	27492.5
2	11219.5
3	9136.0
4	8443.0
5	7805.5
6	7652.0
7	7733.5
8	7828.0
9	7836.0
10	7812.0
11	7921.5
12	8165.5
13	8373.5
14	8642.5
15	9034.5
16	9679.0
17	10448.5
18	11746.5
19	13840.0
20	16797.0
21	21001.0
22	26848.0
23	34856.0
24	45866.5
25	60209.5
26	77609.0
27	98663.5
28	122505.0
29	145213.5
30	168042.0
31	194123.0
32	218643.5
33	240163.5
34	265600.0
35	294911.0
36	317458.0
37	335971.5
38	356022.5
39	374134.5
40	386155.0
41	398993.0
42	418924.0
43	444919.5
44	479736.0
45	509393.5
46	541848.0
47	579510.0
48	606667.0
49	632377.5
50	667607.0
51	708180.0
52	744552.5
53	768001.5
54	780401.5
55	789620.5
56	772054.0
57	741206.5
58	706465.5
59	646915.0
60	583172.0
61	522064.5
62	456354.0
63	393004.5
64	331232.5
65	276026.0
66	233110.0
67	200289.5
68	172273.0
69	141974.5
70	109842.5
71	79714.5
72	59123.0
73	48974.5
74	42394.5
75	37604.0
76	30592.0
77	23282.0
78	17178.5
79	10944.0
80	9551.0
81	9089.0
82	8971.0
83	8288.0
84	5861.0
85	3871.5
86	2439.5
87	1620.0
88	1291.5
89	1073.5
90	744.0
91	456.5
92	365.0
93	289.5
94	166.5
95	92.0
96	61.0
97	32.0
98	20.0
99	11.0
100	6.0
>>END_MODULE
>>Per base N content	pass
#Base	N-Count
1	0.1213803854233086
2	0.0033479361339206824
3	0.004192506125408226
4	4.065319953456608
5	0.007848937884962083
6	0.012779810589754628
7	0.013755870520036639
8	0.015960855647513098
9	0.01932396369744853
10-14	0.02160177402179577
15-19	0.21619373444372877
20-24	0.005080568942804709
25-29	0.005840176204609673
30-34	0.01562505057305338
35-39	0.015780815577471446
40-44	0.01837217883279011
45-49	0.0072643133878605255
50-54	0.008445699914875437
55-59	0.9682302101573347
60-64	0.002242409186979502
65-69	0.0022697186358060454
70-74	0.0034086237979796675
75-79	0.0033337756789735854
80-84	0.0038668156616250057
85-89	0.004894460106357154
90-94	1.0405102295126538
95-99	0.00999121242624426
100	0.004394798338938176
>>END_MODULE
>>Sequence Length Distribution	pass
#Length	Count
100	1.9773376E7
>>END_MODULE
>>Sequence Duplication Levels	fail
#Total Duplicate Percentage	52.58255790712651
#Duplication Level	Relative count
1	100.0
2	25.062290413833157
3	10.641825436969595
4	5.9602090709829705
5	4.086813166226419
6	3.1220142752767943
7	2.3764027051836867
8	2.038254744375129
9	1.7216508364712715
10++	32.3301298263362
>>END_MODULE
>>Overrepresented sequences	warn
#Sequence	Count	Percentage	Possible Source
TTTTTTTTTTTTTTTTTTTTTTTTTTTTTTTTTTTTTTTTTTTTTTTTTT	66607	0.33685193666473545	No Hit
GATCGGAAGAGCACACGTCTGAACTCCAGTCACATTCAGAAATCTCGTAT	24205	0.12241207571231133	TruSeq Adapter, Index 8 (97% over 36bp)
>>END_MODULE
>>Kmer Content	fail
#Sequence	Count	Obs/Exp Overall	Obs/Exp Max	Max Obs/Exp Position
TTTTT	20594950	10.558959	14.441386	10-14
AAAAA	13708660	7.18855	9.129808	95-96
CTCCT	4291920	2.3450744	6.2327013	1
GAAGA	4247875	2.30353	5.304103	2
CTCCA	4049300	2.222502	5.545584	1
CTGGA	3839490	2.107639	5.437182	1
GGGGG	3281390	1.8713017	5.3927917	1
GTTTT	3394220	1.777647	6.1879506	1
GGAAA	2872500	1.5576943	5.9191055	1
GGGAG	2600335	1.4582344	5.1572227	1
CTGGG	2594190	1.4481461	5.149497	1
>>END_MODULE
