##FastQC	0.10.1
>>Basic Statistics	pass
#Measure	Value	
Filename	F_sciadicus_NA_FW_1_R1.fastq.gz	
File type	Conventional base calls	
Encoding	Sanger / Illumina 1.9	
Total Sequences	7726019	
Filtered Sequences	0	
Sequence length	100	
%GC	48	
>>END_MODULE
>>Per base sequence quality	pass
#Base	Mean	Median	Lower Quartile	Upper Quartile	10th Percentile	90th Percentile
1	30.030463036655746	31.0	30.0	34.0	25.0	34.0
2	30.30787848178991	31.0	30.0	34.0	26.0	34.0
3	29.887629709427326	31.0	30.0	34.0	25.0	34.0
4	31.720203768590267	35.0	32.0	37.0	16.0	37.0
5	32.72739725335907	35.0	33.0	37.0	19.0	37.0
6	33.08023666522177	35.0	33.0	37.0	27.0	37.0
7	33.21178889153651	35.0	35.0	37.0	27.0	37.0
8	33.19869184893281	36.0	35.0	37.0	27.0	37.0
9	34.64815890305214	39.0	35.0	39.0	27.0	39.0
10-14	34.72262602512368	38.4	35.0	39.4	27.0	39.4
15-19	34.88791244235874	39.0	33.8	41.0	21.8	41.0
20-24	35.076666831909165	39.0	34.4	41.0	24.6	41.0
25-29	34.71272377145332	39.0	34.0	41.0	23.2	41.0
30-34	34.29332899647282	38.6	33.6	40.6	20.0	41.0
35-39	33.9104116363162	38.0	33.0	40.0	17.2	41.0
40-44	33.6696636133046	38.0	33.0	40.0	15.4	41.0
45-49	33.193695588892545	38.0	32.6	40.0	11.4	41.0
50-54	32.53578340928233	37.0	31.6	40.0	7.2	41.0
55-59	31.200390524537926	35.4	29.6	39.4	2.0	41.0
60-64	30.95566689649611	35.0	30.0	38.6	2.0	40.4
65-69	30.222168363810646	35.0	29.6	37.2	2.0	39.8
70-74	29.442138519203745	34.2	29.0	35.8	2.0	38.8
75-79	28.38711525301711	33.4	28.0	35.0	2.0	37.0
80-84	28.34879456030331	34.0	29.0	35.0	2.0	36.0
85-89	27.851332361465847	34.0	27.8	35.0	2.0	35.2
90-94	26.826395171950782	33.4	25.2	35.0	2.0	35.0
95-99	26.582709957094334	33.4	25.0	35.0	2.0	35.0
100	25.41036761623289	32.0	20.0	35.0	2.0	35.0
>>END_MODULE
>>Per sequence quality scores	pass
#Quality	Count
2	243029.0
3	75927.0
4	42799.0
5	32945.0
6	31243.0
7	32265.0
8	33596.0
9	37581.0
10	42501.0
11	43918.0
12	43615.0
13	44579.0
14	44491.0
15	43863.0
16	43548.0
17	43079.0
18	42076.0
19	41668.0
20	41526.0
21	43450.0
22	48887.0
23	57392.0
24	69016.0
25	84533.0
26	102749.0
27	124756.0
28	148698.0
29	174786.0
30	208503.0
31	252093.0
32	308295.0
33	392098.0
34	527865.0
35	742507.0
36	1079137.0
37	1348207.0
38	876419.0
39	132230.0
40	149.0
>>END_MODULE
>>Per base sequence content	fail
#Base	G	A	T	C
1	40.16024989331404	13.246074390794982	8.718002149399739	37.875673566491244
2	26.86127174962327	20.286027301370506	27.310612306922057	25.542088642084167
3	28.023457660868868	22.999452868582708	20.378088907625656	28.599000562922765
4	31.137872326713	27.746745330139532	18.47372901382429	22.64165332932318
5	30.28134392693213	28.492755086454846	21.61547203906066	19.610428947552368
6	24.861777325280727	32.363102561994864	23.33664507668897	19.438475036035435
7	22.34784848731979	21.19608596989267	35.059242488378686	21.396823054408852
8	22.454878899058343	22.348223492979436	30.13106485306305	25.06583275489917
9	21.434087156941345	20.581014343279442	33.35568166533608	24.62921683444313
10-14	24.478612080210432	26.37034188156566	25.868965194217118	23.28208084400679
15-19	24.333782119955156	25.574113942017433	26.310981747442554	23.78112219058486
20-24	24.30033170161921	25.81076620666463	26.190254294219567	23.698647797496587
25-29	24.30202792390531	25.661480391233525	26.050087322717232	23.986404362143936
30-34	24.190179568745968	25.866317468897503	25.970156649923858	23.97334631243267
35-39	24.230177898878004	25.824217007338518	25.887224429584894	24.058380664198584
40-44	24.276311568528975	25.859891606030804	25.842037043970123	24.021759781470102
45-49	24.22247419284472	25.755929558016273	25.853407808895096	24.168188440243917
50-54	24.255819962129664	25.932664432278944	25.76416888491695	24.047346720674437
55-59	24.304400488485456	25.711694371166665	25.72017084922738	24.2637342911205
60-64	24.253046995221542	25.78917753521403	25.761053735407025	24.1967217341574
65-69	24.218293070950487	25.888870816757013	25.69978304726397	24.193053065028533
70-74	24.34993227432431	25.892674057885927	25.550578044071926	24.20681562371784
75-79	24.204181639403387	25.74660251732767	25.70784906948105	24.341366773787893
80-84	24.237764413036803	25.89800260811438	25.573334461338227	24.29089851751059
85-89	24.345789687966764	25.82496211520008	25.52239111600309	24.306857080830063
90-94	24.22905035336001	25.83722384238009	25.47014846240547	24.463577341854435
95-99	24.233367578681303	25.966736387098788	25.4913436799107	24.308552354309207
100	24.60388373919305	25.684510877268192	25.007640085382565	24.70396529815619
>>END_MODULE
>>Per base GC content	fail
#Base	%GC
1	78.03592345980528
2	52.40336039170743
3	56.62245822379164
4	53.77952565603618
5	49.89177287448449
6	44.30025236131616
7	43.74467154172864
8	47.52071165395751
9	46.06330399138448
10-14	47.76069292421722
15-19	48.11490431054001
20-24	47.998979499115805
25-29	48.28843228604925
30-34	48.163525881178636
35-39	48.28855856307659
40-44	48.29807134999908
45-49	48.39066263308863
50-54	48.303166682804104
55-59	48.568134779605955
60-64	48.449768729378945
65-69	48.41134613597902
70-74	48.55674789804215
75-79	48.545548413191284
80-84	48.5286629305474
85-89	48.65264676879683
90-94	48.69262769521445
95-99	48.54191993299051
100	49.30784903734924
>>END_MODULE
>>Per sequence GC content	warn
#GC Content	Count
0	8708.0
1	8056.5
2	7000.5
3	6182.0
4	4684.5
5	2973.0
6	2214.0
7	2027.0
8	1987.5
9	1945.0
10	1980.0
11	2105.0
12	2146.0
13	2203.5
14	2313.5
15	2499.0
16	2822.5
17	3253.0
18	3779.0
19	4692.5
20	5902.0
21	7510.0
22	10202.5
23	13851.0
24	18193.5
25	23317.5
26	29285.5
27	36230.5
28	44841.5
29	54920.5
30	65889.5
31	77999.0
32	90101.5
33	102001.0
34	113119.5
35	121760.5
36	131717.0
37	142233.5
38	148945.0
39	155835.0
40	163338.5
41	171629.5
42	182023.5
43	193966.0
44	207490.5
45	218749.5
46	228222.5
47	240307.5
48	255400.5
49	268328.5
50	279531.5
51	292941.5
52	303439.5
53	307677.0
54	307030.0
55	304815.0
56	300082.5
57	286259.5
58	266162.0
59	240837.0
60	213051.0
61	187914.5
62	161895.0
63	136191.5
64	113816.5
65	94217.0
66	77014.5
67	62228.0
68	49979.5
69	39218.5
70	29213.0
71	21163.5
72	15197.0
73	11389.5
74	8855.0
75	6372.0
76	4490.5
77	3305.5
78	2374.0
79	1669.5
80	1222.0
81	943.0
82	741.0
83	573.5
84	426.5
85	304.0
86	218.0
87	179.0
88	153.0
89	120.5
90	91.5
91	68.0
92	43.5
93	25.5
94	14.5
95	12.0
96	9.5
97	6.0
98	3.0
99	2.5
100	1.0
>>END_MODULE
>>Per base N content	pass
#Base	N-Count
1	0.12226218962184793
2	0.0032746489492195135
3	0.003494684649364699
4	3.601583169805821
5	0.007753022610997979
6	0.012736184055462457
7	0.0128009004378581
8	0.014768278462685636
9	0.017551082905698265
10-14	0.020802433957255347
15-19	0.16537106626323336
20-24	0.005190253868130533
25-29	0.0054801832612630125
30-34	0.01539214438897963
35-39	0.01572349226684532
40-44	0.017895374060043084
45-49	0.007809973027506145
50-54	0.009202669576660372
55-59	0.9000392051844552
60-64	0.002306491868580701
65-69	0.0024436905992594633
70-74	0.00379496866368048
75-79	0.003297946846881945
80-84	0.0036784791753683237
85-89	0.004675111464261219
90-94	0.9580768569168676
95-99	0.010157883380820057
100	0.004141848473321124
>>END_MODULE
>>Sequence Length Distribution	pass
#Length	Count
100	7726019.0
>>END_MODULE
>>Sequence Duplication Levels	warn
#Total Duplicate Percentage	38.53887526844935
#Duplication Level	Relative count
1	100.0
2	23.577568879680882
3	7.947833884783079
4	4.0910355917004235
5	2.634589814156282
6	1.9071399857756888
7	1.5136522465134976
8	1.2987414576826741
9	1.0389931661461393
10++	10.602523269117784
>>END_MODULE
>>Overrepresented sequences	pass
>>END_MODULE
>>Kmer Content	fail
#Sequence	Count	Obs/Exp Overall	Obs/Exp Max	Max Obs/Exp Position
TTTTT	7578895	9.266302	13.116423	6
AAAAA	4526630	5.581138	7.670504	2
GGAGG	1703120	2.4800687	5.080544	1
CTGGA	1605220	2.2742608	5.6544433	1
GAAAA	1551500	1.994193	5.254534	1
CTTTT	1448920	1.879431	5.23402	1
GGGGG	1194010	1.8125671	6.876404	1
GGAAA	1200440	1.6085091	5.5726237	1
CTGGG	1070525	1.5811396	5.1391635	1
GCCAG	1040985	1.564702	5.84483	1
GGGAG	1019355	1.4843761	5.0307913	1
>>END_MODULE
