##FastQC	0.10.1
>>Basic Statistics	pass
#Measure	Value	
Filename	F_notatus_NA_FW_1_R1.fastq.gz	
File type	Conventional base calls	
Encoding	Sanger / Illumina 1.9	
Total Sequences	9002231	
Filtered Sequences	0	
Sequence length	100	
%GC	49	
>>END_MODULE
>>Per base sequence quality	pass
#Base	Mean	Median	Lower Quartile	Upper Quartile	10th Percentile	90th Percentile
1	29.885525821321405	31.0	30.0	34.0	25.0	34.0
2	30.19469851417943	31.0	30.0	34.0	26.0	34.0
3	29.77365355321364	31.0	30.0	34.0	25.0	34.0
4	31.353933486043626	35.0	32.0	37.0	10.0	37.0
5	32.44969141538358	35.0	32.0	37.0	19.0	37.0
6	32.8598616276343	35.0	33.0	37.0	26.0	37.0
7	33.00215957577627	35.0	35.0	37.0	26.0	37.0
8	32.99655596484916	36.0	35.0	37.0	26.0	37.0
9	34.435288763418754	39.0	35.0	39.0	27.0	39.0
10-14	34.49259709065453	38.8	35.0	39.4	25.6	39.4
15-19	34.60911913946664	39.0	33.8	41.0	20.0	41.0
20-24	34.85195936429536	39.0	34.0	41.0	23.4	41.0
25-29	34.52591660889395	39.0	34.0	41.0	20.2	41.0
30-34	34.12304032189354	38.8	33.4	41.0	17.2	41.0
35-39	33.70743905594069	38.0	33.0	40.2	15.2	41.0
40-44	33.44732984523503	38.0	33.0	40.0	10.8	41.0
45-49	32.95347879875555	38.0	32.2	40.0	7.2	41.0
50-54	32.29055690750438	36.8	31.4	40.0	2.0	41.0
55-59	30.901839666189414	35.2	29.6	39.4	2.0	41.0
60-64	30.72548156118189	35.0	30.0	38.6	2.0	40.4
65-69	30.015401693202495	35.0	29.2	37.2	2.0	39.8
70-74	29.245311190081658	34.2	29.0	35.8	2.0	38.8
75-79	28.172721984139265	33.4	27.8	35.0	2.0	36.8
80-84	28.139603238352805	34.0	28.6	35.0	2.0	36.0
85-89	27.6678011261875	34.0	27.4	35.0	2.0	35.2
90-94	26.619870629847203	33.4	24.6	35.0	2.0	35.0
95-99	26.4621889173917	33.4	25.0	35.0	2.0	35.0
100	25.39154649552983	33.0	20.0	35.0	2.0	35.0
>>END_MODULE
>>Per sequence quality scores	pass
#Quality	Count
2	344346.0
3	100435.0
4	52834.0
5	40630.0
6	38727.0
7	37702.0
8	39101.0
9	42179.0
10	45256.0
11	48321.0
12	49968.0
13	51892.0
14	52468.0
15	52273.0
16	51394.0
17	49515.0
18	48054.0
19	47701.0
20	47459.0
21	50133.0
22	55576.0
23	64926.0
24	78636.0
25	96689.0
26	118006.0
27	141874.0
28	168992.0
29	197647.0
30	235448.0
31	282057.0
32	346850.0
33	443126.0
34	596165.0
35	846385.0
36	1247123.0
37	1574457.0
38	1047908.0
39	169779.0
40	199.0
>>END_MODULE
>>Per base sequence content	fail
#Base	G	A	T	C
1	38.651867842698266	14.415195653999358	8.17220732812049	38.760729175181886
2	26.719109593705248	18.055006752453618	33.36687435215159	21.859009301689543
3	26.310376556664572	21.98317036514347	21.542283654965047	30.164169423226912
4	28.185417283301312	28.127239795625798	18.3023225236194	25.385020397453488
5	29.66143081485721	29.304702490510497	20.91101644076428	20.12285025386801
6	24.081144229806736	32.344583009621424	22.64594643808023	20.928326322491607
7	20.997476716959014	19.385628574336195	36.884516472221	22.732378236483793
8	21.716166579062595	21.536081045933756	29.59287826100192	27.154874114001732
9	23.15305159687252	20.6906685296809	30.47468198320354	25.68159789024304
10-14	24.408803726939453	26.673147084431985	25.140650650002467	23.77739853862609
15-19	24.71754408033815	25.373894999794054	25.507226403563166	24.401334516304633
20-24	24.62346685439862	25.547760570570414	25.457849370211676	24.370923204819285
25-29	24.606416898720244	25.505073688212597	25.401654948675674	24.486854464391488
30-34	24.510884241476134	25.52807792263949	25.316565222533853	24.644472613350523
35-39	24.45574954703337	25.556419407247827	25.383163184621445	24.604667861097358
40-44	24.66310819497686	25.4720805015651	25.239654204386575	24.625157099071473
45-49	24.60384869955139	25.47383983222512	25.213465715930504	24.708845752292984
50-54	24.682136025644326	25.54173281044725	25.099269828653213	24.67686133525521
55-59	24.74864973673761	25.263875351292995	25.210659149385574	24.77681576258382
60-64	24.702123616038833	25.199716223780282	25.27443498587895	24.823725174301934
65-69	24.650060795238332	25.533495767972454	25.080730762141762	24.735712674647452
70-74	24.72919889404932	25.530028014911128	25.013713740459202	24.727059350580348
75-79	24.645593309400844	25.383261606880353	25.144537302780396	24.82660778093841
80-84	24.638567318542815	25.41997265061342	25.124216777825993	24.81724325301777
85-89	24.724136791793942	25.56941350883497	24.85962804038525	24.84682165898584
90-94	24.587741252502465	25.509501988761723	24.90673284551173	24.996023913224086
95-99	24.566201819591267	25.59052484206741	24.948795958184096	24.894477380157234
100	24.84566212622507	25.280073265013236	24.547023214473572	25.327241394288123
>>END_MODULE
>>Per base GC content	fail
#Base	%GC
1	77.41259701788015
2	48.57811889539479
3	56.47454597989149
4	53.5704376807548
5	49.78428106872522
6	45.009470552298346
7	43.7298549534428
8	48.87104069306432
9	48.83464948711556
10-14	48.18620226556555
15-19	49.11887859664278
20-24	48.994390059217906
25-29	49.09327136311173
30-34	49.15535685482666
35-39	49.06041740813073
40-44	49.28826529404834
45-49	49.31269445184437
50-54	49.35899736089954
55-59	49.525465499321434
60-64	49.52584879034077
65-69	49.385773469885784
70-74	49.456258244629666
75-79	49.472201090339254
80-84	49.45581057156059
85-89	49.570958450779784
90-94	49.583765165726554
95-99	49.4606791997485
100	50.17290352051319
>>END_MODULE
>>Per sequence GC content	warn
#GC Content	Count
0	6597.0
1	4659.0
2	2328.0
3	1951.5
4	1915.5
5	1837.0
6	1782.0
7	1816.0
8	1856.0
9	1888.0
10	1939.0
11	1930.0
12	2010.0
13	2111.5
14	2198.0
15	2386.5
16	2609.0
17	2906.0
18	3429.5
19	4145.5
20	5244.5
21	6946.5
22	9351.0
23	12716.0
24	17343.5
25	22732.0
26	29276.0
27	36934.0
28	45449.0
29	55903.0
30	68576.0
31	82260.5
32	96657.5
33	109964.5
34	123221.0
35	134727.5
36	142997.5
37	152733.0
38	162904.5
39	173374.5
40	182851.5
41	190738.0
42	203662.0
43	221323.0
44	237142.5
45	249875.0
46	267147.5
47	283124.0
48	299175.5
49	317476.0
50	331108.0
51	345418.5
52	364340.0
53	371696.0
54	362073.0
55	358331.0
56	353249.0
57	334952.5
58	311125.5
59	284078.5
60	253609.5
61	221547.5
62	190785.5
63	162550.0
64	137031.5
65	115975.5
66	98113.5
67	81756.5
68	69270.5
69	57093.5
70	43637.5
71	31623.5
72	22453.0
73	18349.0
74	16606.0
75	15164.0
76	13051.5
77	9783.5
78	7197.0
79	5789.5
80	5090.0
81	4880.0
82	4175.0
83	3201.5
84	2120.5
85	1245.5
86	890.5
87	674.0
88	463.0
89	301.5
90	193.5
91	138.5
92	102.5
93	66.5
94	39.0
95	24.5
96	16.0
97	10.5
98	6.5
99	5.0
100	3.0
>>END_MODULE
>>Per base N content	pass
#Base	N-Count
1	0.12192533162057272
2	0.003532457676324902
3	0.004132308979851772
4	4.1103810822006235
5	0.007809175303322031
6	0.013018994958027627
7	0.01398542205815425
8	0.016751403068861484
9	0.01958403422440504
10-14	0.022085636327261543
15-19	0.21329157183369324
20-24	0.005114287780440204
25-29	0.00637841886083572
30-34	0.01608045827750921
35-39	0.016191541852236407
40-44	0.01888865104661278
45-49	0.007164890569904283
50-54	0.008384588220408919
55-59	0.9611528519985767
60-64	0.002312760025820266
65-69	0.0023349767407657056
70-74	0.0034502558310267758
75-79	0.0033191772128486814
80-84	0.003856821714528321
85-89	0.00520759798321105
90-94	1.0299358014696578
95-99	0.009895324836698813
100	0.004332259414360729
>>END_MODULE
>>Sequence Length Distribution	pass
#Length	Count
100	9002231.0
>>END_MODULE
>>Sequence Duplication Levels	warn
#Total Duplicate Percentage	41.32804801576637
#Duplication Level	Relative count
1	100.0
2	16.506477544258765
3	6.534800100770282
4	4.047606324098602
5	2.7200342008229574
6	2.031437274316556
7	1.643624371140002
8	1.3970425449076653
9	1.2206945515340748
10++	16.58052843325114
>>END_MODULE
>>Overrepresented sequences	warn
#Sequence	Count	Percentage	Possible Source
GATCGGAAGAGCACACGTCTGAACTCCAGTCACGAATTCGTATCTCGTAT	20484	0.22754359447119274	TruSeq Adapter, Index 7 (97% over 35bp)
TTTTTTTTTTTTTTTTTTTTTTTTTTTTTTTTTTTTTTTTTTTTTTTTTT	13367	0.14848541433784582	No Hit
>>END_MODULE
>>Kmer Content	warn
#Sequence	Count	Obs/Exp Overall	Obs/Exp Max	Max Obs/Exp Position
TTTTT	5959795	6.9334526	9.759434	2
AAAAA	4556405	5.127403	7.088341	65-69
CTCCT	1945525	2.3616133	6.1737742	1
CTCCA	1914300	2.3083055	5.3992324	1
GAAGA	1923105	2.252758	5.2723465	6
CTGGA	1760960	2.1202617	5.3582973	1
GTTTT	1494890	1.7626135	5.80099	1
GGGGG	1373025	1.7082231	5.705687	1
GGAAA	1357585	1.5902979	6.092471	1
GCCAG	1236005	1.5094248	5.19902	1
CTGGG	1218795	1.4972312	5.31234	1
AGAGC	1240325	1.4834977	5.4461417	8
GAGCA	1216760	1.4553127	5.678284	9
GGGAG	1164325	1.4197837	5.5267773	1
GGGAA	1082490	1.2937597	5.140471	1
GGGGA	1034480	1.2614499	5.2871675	1
>>END_MODULE
