##FastQC	0.10.1
>>Basic Statistics	pass
#Measure	Value	
Filename	F_grandis_NA_FW_2_R1.fastq.gz	
File type	Conventional base calls	
Encoding	Sanger / Illumina 1.9	
Total Sequences	12980471	
Filtered Sequences	0	
Sequence length	100	
%GC	50	
>>END_MODULE
>>Per base sequence quality	pass
#Base	Mean	Median	Lower Quartile	Upper Quartile	10th Percentile	90th Percentile
1	30.834641824630246	31.0	31.0	34.0	27.0	34.0
2	31.117674081318004	33.0	31.0	34.0	27.0	34.0
3	29.67674239247559	33.0	31.0	34.0	22.0	34.0
4	33.44216985654835	37.0	35.0	37.0	22.0	37.0
5	34.19789559254052	37.0	35.0	37.0	30.0	37.0
6	31.630889125671942	37.0	33.0	37.0	10.0	37.0
7	32.52206364468593	37.0	33.0	37.0	17.0	37.0
8	33.71654772773653	37.0	33.0	37.0	28.0	37.0
9	35.50202677545368	39.0	35.0	39.0	30.0	39.0
10-14	35.152048504249194	39.2	35.0	39.4	25.0	39.4
15-19	36.415758195523104	40.0	35.8	41.0	29.4	41.0
20-24	36.39665950488238	40.0	36.0	41.0	29.6	41.0
25-29	36.04049178184674	40.0	35.6	41.0	28.0	41.0
30-34	35.599515903544635	39.2	35.0	41.0	26.6	41.0
35-39	35.23816718206913	39.0	34.6	41.0	26.0	41.0
40-44	34.92086547552858	39.0	34.0	41.0	25.0	41.0
45-49	34.43638444244435	38.0	33.2	40.0	23.8	41.0
50-54	33.723677068420706	37.2	33.0	40.0	22.4	41.0
55-59	33.00421861425521	35.8	32.2	39.6	20.4	41.0
60-64	32.16193153545815	35.0	31.4	38.6	18.0	40.6
65-69	31.426419303274894	35.0	31.0	37.2	14.4	39.8
70-74	30.654152380140907	35.0	30.6	35.8	7.8	38.8
75-79	29.650328204577477	33.8	29.6	35.0	2.6	36.8
80-84	29.58652182960079	34.0	30.0	35.0	2.0	36.0
85-89	29.120366787923178	34.0	29.6	35.0	2.0	35.2
90-94	28.68139872582436	34.0	29.0	35.0	2.0	35.0
95-99	28.100022872821796	34.0	29.0	35.0	2.0	35.0
100	26.938105250572185	33.0	26.0	35.0	2.0	35.0
>>END_MODULE
>>Per sequence quality scores	pass
#Quality	Count
2	249400.0
3	85828.0
4	47854.0
5	37217.0
6	38364.0
7	40730.0
8	43456.0
9	46959.0
10	50102.0
11	53490.0
12	55667.0
13	58096.0
14	59394.0
15	59856.0
16	60364.0
17	60559.0
18	59479.0
19	58334.0
20	58236.0
21	59565.0
22	64848.0
23	75511.0
24	92535.0
25	118036.0
26	155739.0
27	210375.0
28	262809.0
29	280144.0
30	339223.0
31	396872.0
32	474181.0
33	628933.0
34	879664.0
35	1295163.0
36	1985729.0
37	2537935.0
38	1632612.0
39	266935.0
40	277.0
>>END_MODULE
>>Per base sequence content	fail
#Base	G	A	T	C
1	35.374363174338576	14.09935405040848	9.259008956247056	41.26727381900589
2	26.997594352796156	19.26970020897736	32.836071225647395	20.896634212579087
3	26.277963282368777	24.241993480648834	21.432075953964954	28.047967283017428
4	27.811517074138493	31.120862441903242	18.0057976374146	23.061822846543663
5	29.10532438638713	31.347110455170213	20.236645730426268	19.310919428016383
6	21.84260997411381	36.052354763138716	21.223758003514643	20.88127725923283
7	21.20595198820755	17.71606489516344	36.87476770395448	24.203215412674528
8	22.431422184354627	20.52894805631969	28.32842229409393	28.71120746523175
9	23.585573712277398	19.56937931415016	29.61685880740323	27.22818816616921
10-14	25.15737322320849	25.99120920552908	24.02010127174692	24.831316299515503
15-19	25.465712739027857	24.497082640553124	24.87978889857032	25.157415721848697
20-24	25.223297478517676	24.995660778954093	24.685785765934117	25.09525597659411
25-29	25.2853588053703	25.025220722253067	24.598647831803806	25.09077264057283
30-34	25.072732700288192	25.143040450600946	24.62501441367453	25.159212435436334
35-39	25.209899456162866	25.02156241549364	24.551001116331676	25.21753701201182
40-44	25.457791213562015	24.847802102052448	24.396528277825315	25.297878406560226
45-49	25.329842323564485	24.85786096721488	24.452156296223464	25.360140412997172
50-54	25.39680174312298	24.94388003775172	24.370104008318645	25.289214210806655
55-59	25.666754386406886	24.5284224207958	24.33566241339178	25.46916077940553
60-64	25.70391677848436	24.521927171712928	24.272665220866816	25.501490828935896
65-69	25.561696159237368	24.612045762457786	24.32388444537043	25.502373632934404
70-74	25.82502127068423	24.65670104095113	24.139975069782743	25.3783026185819
75-79	25.759748496496858	24.468451283869623	24.299646790071318	25.4721534295622
80-84	25.707756844104267	24.393548610763357	24.30840475649357	25.590289788638803
85-89	25.70750406701502	24.653658700287377	24.024814303886856	25.614022928810748
90-94	25.673956729115176	24.513513312359972	24.1904655125806	25.622064445944247
95-99	25.528174076980847	24.540086637306736	24.212784117712275	25.71895516800014
100	25.82596532873838	24.101995184422858	23.8490960949505	26.222943391888258
>>END_MODULE
>>Per base GC content	fail
#Base	%GC
1	76.64163699334446
2	47.89422856537524
3	54.3259305653862
4	50.873339920682156
5	48.41624381440352
6	42.723887233346645
7	45.409167400882076
8	51.14262964958638
9	50.813761878446606
10-14	49.988689522723995
15-19	50.62312846087656
20-24	50.31855345511179
25-29	50.37613144594313
30-34	50.23194513572452
35-39	50.42743646817468
40-44	50.755669620122234
45-49	50.68998273656165
50-54	50.68601595392964
55-59	51.13591516581242
60-64	51.20540760742025
65-69	51.06406979217177
70-74	51.20332388926613
75-79	51.23190192605905
80-84	51.29804663274308
85-89	51.32152699582577
90-94	51.29602117505942
95-99	51.247129244981
100	52.04890872062664
>>END_MODULE
>>Per sequence GC content	warn
#GC Content	Count
0	334.0
1	284.0
2	228.5
3	251.0
4	285.5
5	282.0
6	298.0
7	353.5
8	405.0
9	481.0
10	539.0
11	603.0
12	727.0
13	866.5
14	1088.0
15	1373.0
16	1680.0
17	2202.5
18	3033.0
19	4132.0
20	5819.0
21	8396.0
22	11752.5
23	16475.5
24	22517.0
25	29766.5
26	39214.0
27	49602.5
28	61483.0
29	76977.5
30	92583.5
31	106767.0
32	122836.5
33	138271.0
34	151658.5
35	165654.5
36	179116.5
37	190562.5
38	203974.0
39	219202.0
40	231327.5
41	244472.5
42	264108.5
43	293103.0
44	332197.0
45	358282.0
46	381516.0
47	403043.0
48	417458.0
49	438060.5
50	461732.0
51	496160.0
52	517875.5
53	521900.5
54	515112.5
55	506514.5
56	504283.0
57	492104.0
58	466515.0
59	424703.5
60	379261.5
61	338341.5
62	293274.0
63	255163.5
64	220729.5
65	190032.5
66	166626.5
67	145032.5
68	133117.0
69	112952.0
70	85201.0
71	64340.0
72	48480.5
73	41739.0
74	40350.0
75	44051.5
76	40553.5
77	32162.0
78	24246.0
79	16319.0
80	17505.5
81	19612.5
82	22592.0
83	24380.5
84	17512.5
85	8856.0
86	4294.0
87	2601.0
88	2197.5
89	2074.0
90	1592.5
91	995.0
92	821.0
93	564.5
94	252.5
95	117.0
96	66.5
97	38.0
98	22.0
99	14.5
100	9.5
>>END_MODULE
>>Per base N content	pass
#Base	N-Count
1	0.027787897681062573
2	0.004591512896565926
3	3.3704863251880464
4	0.008058259211087179
5	0.018003969193413703
6	2.3227970695362288
7	0.031077454739508296
8	0.032841643419564664
9	0.03183243504800404
10-14	0.957204095290533
15-19	0.02350145846017452
20-24	0.01799010220815562
25-29	0.015839178717012656
30-34	0.03810031238465846
35-39	0.03941151287961739
40-44	0.02811300144655768
45-49	0.021224191325569006
50-54	0.016959322970637968
55-59	0.0038242063789518887
60-64	0.005486703833782303
65-69	0.001861257576862966
70-74	0.0030784707272948726
75-79	0.0037348413628442295
80-84	0.0024729457043584937
85-89	0.002406692330347643
90-94	0.009839396428681209
95-99	0.022145575457161764
100	0.016732828878089245
>>END_MODULE
>>Sequence Length Distribution	pass
#Length	Count
100	1.2980471E7
>>END_MODULE
>>Sequence Duplication Levels	warn
#Total Duplicate Percentage	48.977890569818825
#Duplication Level	Relative count
1	100.0
2	18.786771511585794
3	7.574428356419069
4	4.518418955789677
5	3.1155681827327824
6	2.311524624337006
7	1.868858000595588
8	1.5050665207208223
9	1.2354423044419585
10++	20.05360290389305
>>END_MODULE
>>Overrepresented sequences	pass
>>END_MODULE
>>Kmer Content	warn
#Sequence	Count	Obs/Exp Overall	Obs/Exp Max	Max Obs/Exp Position
AAAAA	5437520	4.792502	8.835559	2
TTTTT	5082220	4.7831683	7.10347	2
AAGAA	2557240	2.177297	5.317037	2
CTCCA	2617865	2.1374698	5.00953	1
GAAGA	2598085	2.1369007	5.6677237	2
GAAAA	2395500	2.0395877	6.2584753	2
AGAAA	2339075	1.9915462	5.1480174	2
CTGGA	2427795	1.9636927	5.605832	1
AAAAG	2196055	1.8697752	5.051628	3
GTTTT	2054145	1.8432231	7.437764	1
AAAAT	2056720	1.8366938	5.3665385	3
GGAAG	1965525	1.5616881	5.0284877	1
GGAAA	1888090	1.5529364	6.9566464	1
GGGAA	1676795	1.3322805	5.1970735	1
ATCCA	1423865	1.197819	5.100716	6
>>END_MODULE
