##FastQC	0.10.1
>>Basic Statistics	pass
#Measure	Value	
Filename	F_catanatus_NA_BW_3_R1.fastq.gz	
File type	Conventional base calls	
Encoding	Sanger / Illumina 1.9	
Total Sequences	16052631	
Filtered Sequences	0	
Sequence length	100	
%GC	49	
>>END_MODULE
>>Per base sequence quality	pass
#Base	Mean	Median	Lower Quartile	Upper Quartile	10th Percentile	90th Percentile
1	31.04255676219057	33.0	31.0	34.0	27.0	34.0
2	31.359114278525432	34.0	31.0	34.0	28.0	34.0
3	31.102385895495885	34.0	31.0	34.0	27.0	34.0
4	34.61545518613117	37.0	35.0	37.0	31.0	37.0
5	33.140027201771474	37.0	35.0	37.0	26.0	37.0
6	33.54184712773875	37.0	35.0	37.0	24.0	37.0
7	34.158162359802574	37.0	35.0	37.0	30.0	37.0
8	34.287683246441034	37.0	35.0	37.0	30.0	37.0
9	35.896360540524476	39.0	37.0	39.0	30.0	39.0
10-14	36.0264285025925	39.2	37.0	39.4	30.0	39.4
15-19	36.84854431650488	40.0	37.0	41.0	30.0	41.0
20-24	36.639680735201594	40.0	37.0	41.0	30.0	41.0
25-29	36.336291079013776	40.0	36.4	41.0	28.8	41.0
30-34	35.95544904757357	40.0	36.0	41.0	27.2	41.0
35-39	35.61510227202008	39.8	35.0	41.0	26.2	41.0
40-44	35.37916763924867	39.2	35.0	41.0	25.6	41.0
45-49	34.903020582731884	39.0	34.8	41.0	24.2	41.0
50-54	34.29590292083584	38.0	34.0	40.2	22.8	41.0
55-59	33.57404332037533	36.8	33.0	40.0	21.0	41.0
60-64	32.7793008136797	35.6	32.8	39.2	18.8	41.0
65-69	32.032939734302744	35.0	32.0	38.2	16.0	40.2
70-74	31.23714404199536	35.0	31.4	36.6	9.6	39.2
75-79	30.184926159456353	34.6	30.4	35.2	4.8	37.4
80-84	30.11041826103148	35.0	31.0	35.0	2.0	36.4
85-89	29.63584157637461	34.6	31.0	35.0	2.0	35.6
90-94	29.169680920218003	34.0	30.0	35.0	2.0	35.0
95-99	28.66891368773131	34.0	30.0	35.0	2.0	35.0
100	27.569047715605	34.0	27.0	35.0	2.0	35.0
>>END_MODULE
>>Per sequence quality scores	pass
#Quality	Count
2	312375.0
3	112814.0
4	60963.0
5	50244.0
6	50847.0
7	49745.0
8	49918.0
9	53940.0
10	58687.0
11	62847.0
12	63847.0
13	66290.0
14	68657.0
15	69618.0
16	69097.0
17	68057.0
18	66435.0
19	65163.0
20	64939.0
21	67329.0
22	74219.0
23	85977.0
24	104325.0
25	128061.0
26	157721.0
27	193613.0
28	234057.0
29	272620.0
30	328549.0
31	400901.0
32	499326.0
33	651311.0
34	901098.0
35	1360560.0
36	2296657.0
37	3510427.0
38	2799453.0
39	521330.0
40	614.0
>>END_MODULE
>>Per base sequence content	fail
#Base	G	A	T	C
1	33.35389420013462	15.159801237477573	7.909858916939519	43.57644564544829
2	24.257552309515393	18.289115003374608	37.419221564190224	20.034111122919775
3	24.268243041952932	22.81246655369108	23.071483491680645	29.84780691267534
4	25.789644648849748	29.597222262025074	19.6741653995861	24.938967689539073
5	28.24957058010908	30.978551155956367	21.468563471893592	19.30331479204096
6	22.354926430282703	33.53404109095614	23.352256198654064	20.7587762801071
7	20.093849540082285	18.843756364893732	38.2279599856504	22.834434109373586
8	20.738592043529817	21.27735455391131	30.366135996397446	27.617917406161425
9	22.284430330865533	20.489623353419255	31.31424559870983	25.911700717005377
10-14	24.03310990839554	26.82303669902444	25.403687673257956	23.74016571932206
15-19	24.47595369329621	25.412559528814683	25.834531913872993	24.27695486401612
20-24	24.343621797225644	25.720194321030338	25.758477137740886	24.17770674400313
25-29	24.34612106952761	25.852374853839837	25.56850392436901	24.23300015226354
30-34	24.112610088059977	25.895981594391138	25.551722196358877	24.439686121190004
35-39	24.212330308593334	25.773606114415728	25.666663097536706	24.347400479454233
40-44	24.453336655697978	25.68321482452665	25.419285259853634	24.44416325992174
45-49	24.397023414872457	25.68641543576987	25.441474035264385	24.47508711409329
50-54	24.400408912542925	25.79857639230742	25.376805426770222	24.42420926837943
55-59	24.532336013651783	25.462263976978566	25.415567726135045	24.589832283234603
60-64	24.57764457598495	25.43151325493233	25.405077649684433	24.58576451939828
65-69	24.482385736099694	25.615461422090384	25.382561650300538	24.51959119150938
70-74	24.67214093737753	25.651034006069786	25.18929660017049	24.487528456382197
75-79	24.61527416613051	25.462471029330292	25.30935543155187	24.61289937298733
80-84	24.610596620248504	25.49630700038018	25.31226349538675	24.580832883984563
85-89	24.630458007852457	25.73653480875527	25.05205376582501	24.580953417567265
90-94	24.541562329832097	25.633416781203245	25.10787886466406	24.717142024300603
95-99	24.547097056220586	25.67581042595915	25.128189248053612	24.648903269766652
100	24.784620324365623	25.299886879336174	24.790837662315816	25.124655133982387
>>END_MODULE
>>Per base GC content	fail
#Base	%GC
1	76.9303398455829
2	44.29166343243517
3	54.116049954628274
4	50.72861233838882
5	47.55288537215004
6	43.1137027103898
7	42.928283649455864
8	48.356509449691245
9	48.196131047870914
10-14	47.7732756277176
15-19	48.752908557312324
20-24	48.521328541228776
25-29	48.57912122179115
30-34	48.55229620924998
35-39	48.55973078804757
40-44	48.89749991561971
45-49	48.87211052896575
50-54	48.82461818092235
55-59	49.122168296886386
60-64	49.16340909538323
65-69	49.00197692760908
70-74	49.15966939375973
75-79	49.22817353911784
80-84	49.191429504233064
85-89	49.21141142541972
90-94	49.258704354132696
95-99	49.196000325987235
100	49.909275458348006
>>END_MODULE
>>Per sequence GC content	warn
#GC Content	Count
0	7992.0
1	5749.0
2	3072.5
3	2708.5
4	2639.5
5	2438.5
6	2337.0
7	2375.5
8	2525.5
9	2622.0
10	2665.0
11	2777.5
12	2949.5
13	3088.5
14	3251.5
15	3495.0
16	3881.0
17	4620.0
18	5801.0
19	7375.5
20	9870.5
21	13252.5
22	18215.5
23	24800.0
24	33324.5
25	44448.0
26	57512.0
27	72809.5
28	91159.0
29	112916.5
30	136435.5
31	162030.5
32	189415.0
33	215647.5
34	240821.5
35	260380.5
36	275213.0
37	292762.0
38	312021.0
39	332126.0
40	348253.5
41	363343.5
42	383427.0
43	411087.0
44	445543.0
45	478444.5
46	506907.0
47	525234.5
48	539446.0
49	557787.0
50	577104.0
51	603060.0
52	623988.5
53	634395.5
54	630501.0
55	617900.0
56	597376.0
57	566772.0
58	532034.5
59	477293.0
60	418884.5
61	361844.5
62	310621.5
63	265610.5
64	219478.5
65	187177.5
66	162966.0
67	138839.0
68	119051.5
69	94510.5
70	69907.0
71	51455.0
72	39784.0
73	33645.0
74	31105.0
75	32823.5
76	26792.0
77	18305.5
78	12533.5
79	8777.0
80	9417.0
81	11133.5
82	10857.5
83	10391.5
84	8170.0
85	4407.5
86	2364.0
87	1611.0
88	1055.0
89	799.5
90	792.0
91	630.0
92	497.0
93	410.0
94	223.0
95	133.0
96	90.5
97	51.5
98	33.5
99	17.5
100	6.0
>>END_MODULE
>>Per base N content	pass
#Base	N-Count
1	0.0169691809398721
2	0.0024232787759215298
3	0.004890164110792804
4	0.008079672422545562
5	3.395592909349252
6	0.03789409972732819
7	0.04726328039310192
8	0.05267672321129166
9	0.04711377219098851
10-14	0.051992723186622805
15-19	0.030514624051347097
20-24	0.02602439438120767
25-29	0.025791410766247604
30-34	0.050107673938309547
35-39	0.04757849351922436
40-44	0.038801116153482876
45-49	0.029347214173178215
50-54	0.015267279239147776
55-59	0.005027213296063431
60-64	0.004952459195006725
65-69	9.120000328918045E-4
70-74	0.0032405902808081742
75-79	0.004401770650555663
80-84	0.005499410034404952
85-89	0.0023809181186560634
90-94	0.00979403314011267
95-99	0.018208853115729128
100	0.00464098377393712
>>END_MODULE
>>Sequence Length Distribution	pass
#Length	Count
100	1.6052631E7
>>END_MODULE
>>Sequence Duplication Levels	fail
#Total Duplicate Percentage	52.648355872685414
#Duplication Level	Relative count
1	100.0
2	23.34692462760766
3	9.975462696914137
4	5.805945507119467
5	3.9962053836120006
6	3.135119357104416
7	2.392615092721816
8	1.9182880442218755
9	1.6409891543296025
10++	30.221930328653915
>>END_MODULE
>>Overrepresented sequences	warn
#Sequence	Count	Percentage	Possible Source
GATCGGAAGAGCACACGTCTGAACTCCAGTCACATTACTCGATCTCGTAT	25354	0.15794295651597548	TruSeq Adapter, Index 1 (97% over 38bp)
TTTTTTTTTTTTTTTTTTTTTTTTTTTTTTTTTTTTTTTTTTTTTTTTTT	19158	0.11934492233702998	No Hit
>>END_MODULE
>>Kmer Content	warn
#Sequence	Count	Obs/Exp Overall	Obs/Exp Max	Max Obs/Exp Position
TTTTT	10076545	6.138369	9.596466	2
AAAAA	8095245	4.8839135	6.5367904	2
CTCCT	3396320	2.2924058	7.4862676	1
CTCCA	3358915	2.2627742	7.0204225	1
GAAGA	3410715	2.2364237	5.413191	2
CTGGA	3107350	2.1165442	6.6835356	1
CTCTG	3052715	2.0718899	5.304807	1
GAAAA	3167635	1.9923171	5.0408	2
CTTCA	3016370	1.9637201	5.020954	1
CTGAA	2865475	1.872184	5.109625	1
CTTTT	2916120	1.838205	5.080756	1
GTTTT	2791505	1.7693936	7.019211	1
CTCAG	2422150	1.6407436	5.562635	1
GGAAA	2432005	1.5946784	5.866813	1
CTGGG	2080670	1.4774942	5.6206746	1
>>END_MODULE
