##FastQC	0.10.1
>>Basic Statistics	pass
#Measure	Value	
Filename	F_catanatus_NA_transfer_1_R1.fastq.gz	
File type	Conventional base calls	
Encoding	Sanger / Illumina 1.9	
Total Sequences	30075547	
Filtered Sequences	0	
Sequence length	100	
%GC	48	
>>END_MODULE
>>Per base sequence quality	pass
#Base	Mean	Median	Lower Quartile	Upper Quartile	10th Percentile	90th Percentile
1	30.617344848291538	31.0	31.0	34.0	26.0	34.0
2	30.94948763525398	31.0	31.0	34.0	27.0	34.0
3	30.50558817766473	31.0	31.0	34.0	26.0	34.0
4	32.16615431799129	37.0	33.0	37.0	19.0	37.0
5	33.300235304116	37.0	33.0	37.0	23.0	37.0
6	33.81481483944415	37.0	35.0	37.0	28.0	37.0
7	33.99130419805831	37.0	35.0	37.0	30.0	37.0
8	33.997183126877125	37.0	35.0	37.0	30.0	37.0
9	35.53350504315017	39.0	35.0	39.0	30.0	39.0
10-14	35.624710167366196	39.2	35.2	39.4	29.8	39.4
15-19	35.828806850961016	39.6	35.4	41.0	25.2	41.0
20-24	36.09943152821128	40.0	36.0	41.0	27.4	41.0
25-29	35.81434846056167	39.0	35.4	41.0	27.0	41.0
30-34	35.44066018815884	39.0	35.0	41.0	26.0	41.0
35-39	35.06589780062853	39.0	34.8	41.0	24.8	41.0
40-44	34.832672110668504	39.0	34.2	41.0	24.2	41.0
45-49	34.37579718832711	38.0	33.6	40.2	22.8	41.0
50-54	33.74613304290027	37.6	33.0	40.0	20.8	41.0
55-59	32.369921524619315	36.2	31.4	39.8	12.2	41.0
60-64	32.21254260146956	35.4	31.6	39.0	13.8	40.8
65-69	31.505517868054067	35.0	31.0	37.8	9.0	40.0
70-74	30.735178435823627	35.0	30.8	36.4	4.8	39.2
75-79	29.624041398149796	34.0	29.4	35.2	2.0	37.4
80-84	29.574151239876038	34.0	30.0	35.0	2.0	36.4
85-89	29.086345029734623	34.0	29.8	35.0	2.0	35.6
90-94	28.02753609103103	34.0	27.8	35.0	2.0	35.0
95-99	27.889442635906175	34.0	29.0	35.0	2.0	35.0
100	26.774956844508928	33.0	25.0	35.0	2.0	35.0
>>END_MODULE
>>Per sequence quality scores	pass
#Quality	Count
2	604602.0
3	203557.0
4	117769.0
5	95851.0
6	99217.0
7	95044.0
8	97145.0
9	107855.0
10	122220.0
11	134802.0
12	144255.0
13	151876.0
14	155198.0
15	153258.0
16	150134.0
17	145313.0
18	141071.0
19	138941.0
20	138262.0
21	144806.0
22	161764.0
23	188233.0
24	230875.0
25	285887.0
26	354019.0
27	432993.0
28	526456.0
29	628871.0
30	760202.0
31	932080.0
32	1160684.0
33	1499225.0
34	2027977.0
35	2899248.0
36	4356874.0
37	5705474.0
38	4079718.0
39	702863.0
40	928.0
>>END_MODULE
>>Per base sequence content	fail
#Base	G	A	T	C
1	35.38288760279927	14.878684915016605	9.191113475483059	40.547314006701065
2	24.40695116704501	18.641417940559503	37.70275243048549	19.24887846191
3	24.80479222737397	23.15595946395013	23.77316283242679	28.26608547624911
4	25.884036168915287	30.41659735909518	19.761092432429834	23.938274039559694
5	27.79402394880283	31.276039701834225	22.0804168673307	18.849519482032246
6	21.707082349294986	34.05910082782261	23.86882865794572	20.364988164936687
7	19.711128875496765	18.347969996611067	39.49380413012323	22.44709699776894
8	20.71245800539227	21.408228739983024	30.57426259505684	27.30505065956787
9	22.045607197559523	20.57771537937707	31.78747861770818	25.589198805355224
10-14	23.742016406972084	26.923573675201123	26.106035923574606	23.228373994252184
15-19	24.020765951975925	25.649717048103454	26.543837259014698	23.785679740905923
20-24	23.921073315487604	25.917286267151944	26.43774023386692	23.723900183493534
25-29	23.992708600951886	26.031132005656254	26.220920498396826	23.75523889499503
30-34	23.747943016092815	26.02197600827204	26.340865587434486	23.88921538820066
35-39	23.909411698916003	26.107421253653445	26.16039493915076	23.82277210827979
40-44	23.987298318741566	26.02033619182685	26.084603493145252	23.907761996286336
45-49	23.950333481575743	26.013389779658645	26.074940793925617	23.96133594483999
50-54	23.972706136774455	26.053934102048178	26.034152856000865	23.939206905176505
55-59	24.0354632346712	25.940989057954283	25.980010224963635	24.043537482410883
60-64	24.014642963548642	25.88803001530619	25.987847485661764	24.10947953548341
65-69	23.983573269156352	26.053076309934585	25.94948471502443	24.013865705884633
70-74	24.10972068865038	26.018814497813274	25.839769724297156	24.031695089239193
75-79	24.030066999800862	25.95931239841292	25.855341491699612	24.155279110086607
80-84	24.02815511766432	26.0175182504275	25.852728365942685	24.101598265965492
85-89	24.102071487085443	26.029512436585584	25.736429161575387	24.131986914753593
90-94	23.97794506990379	25.960553673020314	25.77292090873644	24.288580348339462
95-99	24.02904412726107	26.068463463919215	25.786113429284285	24.116378979535426
100	24.311132319314186	25.814129045723632	25.442978472295813	24.43176016266637
>>END_MODULE
>>Per base GC content	fail
#Base	%GC
1	75.93020160950033
2	43.65582962895501
3	53.070877703623076
4	49.82231020847499
5	46.64354343083508
6	42.072070514231676
7	42.15822587326571
8	48.01750866496014
9	47.63480600291475
10-14	46.97039040122427
15-19	47.80644569288185
20-24	47.64497349898114
25-29	47.74794749594692
30-34	47.63715840429348
35-39	47.73218380719579
40-44	47.8950603150279
45-49	47.911669426415735
50-54	47.91191304195096
55-59	48.07900071708209
60-64	48.124122499032055
65-69	47.997438975040986
70-74	48.14141577788957
75-79	48.18534610988747
80-84	48.12975338362981
85-89	48.234058401839036
90-94	48.26652541824325
95-99	48.14542310679649
100	48.742892481980554
>>END_MODULE
>>Per sequence GC content	warn
#GC Content	Count
0	37344.0
1	24894.5
2	10701.0
3	8848.0
4	8759.5
5	8806.5
6	8968.5
7	9232.0
8	9494.5
9	9845.5
10	9964.0
11	10088.5
12	10372.5
13	10526.0
14	11055.5
15	11687.5
16	12362.0
17	13889.0
18	16496.5
19	19948.0
20	25348.0
21	32926.0
22	43588.5
23	57861.5
24	76976.0
25	101378.0
26	129131.5
27	162661.5
28	202600.0
29	246637.0
30	294043.0
31	345570.0
32	397679.5
33	441571.0
34	482839.5
35	521155.5
36	550637.5
37	583907.0
38	621007.0
39	656481.5
40	687655.5
41	720823.5
42	759465.0
43	804094.0
44	852260.5
45	894781.0
46	937694.5
47	981858.5
48	1021072.0
49	1054988.0
50	1087688.0
51	1126571.0
52	1159123.0
53	1166039.5
54	1152163.0
55	1126453.0
56	1079891.5
57	1024812.0
58	956567.5
59	858036.5
60	755802.0
61	652311.0
62	559867.5
63	479230.0
64	396583.5
65	325754.5
66	267063.0
67	217200.0
68	176670.0
69	137794.0
70	102410.0
71	76664.0
72	58177.5
73	45293.5
74	36626.5
75	30241.5
76	22491.5
77	15759.5
78	11035.0
79	7653.0
80	6158.5
81	5449.0
82	4774.0
83	3928.5
84	2913.0
85	1909.0
86	1229.5
87	902.5
88	679.5
89	546.5
90	448.0
91	340.5
92	289.5
93	247.5
94	161.0
95	113.0
96	79.0
97	51.0
98	32.0
99	11.0
100	6.0
>>END_MODULE
>>Per base N content	pass
#Base	N-Count
1	0.12312993010567688
2	0.0033249603074550897
3	0.00392677812310446
4	3.9121083982279687
5	0.008239251641873713
6	0.012924120715077932
7	0.013778635514093892
8	0.015700462571802933
9	0.01891237422880455
10-14	0.021209921801256016
15-19	0.19357453415560488
20-24	0.0052241776350734365
25-29	0.005478869594624496
30-34	0.015624653476792958
35-39	0.015852745753884376
40-44	0.018327181214692453
45-49	0.007585564445428041
50-54	0.008706076069040407
55-59	0.9460722360261643
60-64	0.0021658791442762454
65-69	0.00237136169127697
70-74	0.0035191379894104666
75-79	0.0032584611013059877
80-84	0.0037512202188708325
85-89	0.00476267314439867
90-94	1.016062650498094
95-99	0.010030075263469024
100	0.0040897011781697605
>>END_MODULE
>>Sequence Length Distribution	pass
#Length	Count
100	3.0075547E7
>>END_MODULE
>>Sequence Duplication Levels	fail
#Total Duplicate Percentage	55.445883467284375
#Duplication Level	Relative count
1	100.0
2	28.913773324773462
3	14.493195954408158
4	9.077323005356936
5	6.309397265752445
6	4.600229432627845
7	3.7067051159266238
8	2.9952534809560394
9	2.4711367439510825
10++	37.92163507582853
>>END_MODULE
>>Overrepresented sequences	warn
#Sequence	Count	Percentage	Possible Source
TTTTTTTTTTTTTTTTTTTTTTTTTTTTTTTTTTTTTTTTTTTTTTTTTT	72932	0.24249600514331457	No Hit
>>END_MODULE
>>Kmer Content	fail
#Sequence	Count	Obs/Exp Overall	Obs/Exp Max	Max Obs/Exp Position
TTTTT	27598160	7.983072	12.770377	2
AAAAA	17517260	5.323293	7.0362434	2
CTCCT	6529795	2.406893	6.9248953	1
CTCCA	6056310	2.2545002	6.2623153	1
GAAGA	6348940	2.2255297	5.542067	2
CTGGA	5896210	2.1969714	6.592742	1
TCCAG	5869600	2.186026	5.1929145	7
GGAGA	5369225	2.0214016	5.0077596	1
GAAAA	6122355	1.9982128	5.234775	2
GTTTT	5710435	1.7916486	6.7433114	1
GGAAG	4551495	1.7135433	5.4910007	1
GGAAA	4723135	1.655627	6.329624	1
CTCAG	4391620	1.6355791	5.3193464	1
CTGGG	3850005	1.5407126	5.556762	1
GGGAG	3673945	1.4855338	5.0681915	1
>>END_MODULE
