##FastQC	0.10.1
>>Basic Statistics	pass
#Measure	Value	
Filename	F_diaphanus_NA_FW_1_R2.fastq.gz	
File type	Conventional base calls	
Encoding	Sanger / Illumina 1.9	
Total Sequences	31400300	
Filtered Sequences	0	
Sequence length	100	
%GC	49	
>>END_MODULE
>>Per base sequence quality	fail
#Base	Mean	Median	Lower Quartile	Upper Quartile	10th Percentile	90th Percentile
1	28.67796979646691	31.0	30.0	34.0	16.0	34.0
2	28.552899176122523	31.0	29.0	34.0	16.0	34.0
3	28.64634188208393	31.0	30.0	34.0	16.0	34.0
4	31.926475575074125	35.0	32.0	37.0	17.0	37.0
5	31.867661965013074	35.0	32.0	37.0	17.0	37.0
6	31.764522026859616	35.0	32.0	37.0	17.0	37.0
7	31.73915895708003	35.0	32.0	37.0	17.0	37.0
8	31.66059088607434	35.0	32.0	37.0	16.0	37.0
9	32.93878469313987	38.0	33.0	39.0	16.0	39.0
10-14	33.00357035442336	37.8	32.8	39.4	13.6	39.4
15-19	33.55716891876829	38.4	33.0	41.0	10.0	41.0
20-24	33.25709485578163	38.4	32.0	41.0	8.6	41.0
25-29	32.95848184253016	38.0	32.0	40.2	4.2	41.0
30-34	32.54336722260615	38.0	31.4	40.0	2.0	41.0
35-39	32.06612910067738	38.0	30.6	40.0	2.0	41.0
40-44	31.55329518507785	37.4	30.0	40.0	2.0	41.0
45-49	31.085445432050015	37.0	30.0	40.0	2.0	41.0
50-54	30.207460998780267	35.6	28.4	39.0	2.0	40.4
55-59	30.15778777272829	35.0	28.6	39.2	2.0	41.0
60-64	29.378231679315167	35.0	27.8	38.4	2.0	40.4
65-69	28.537294478078234	34.2	26.4	36.8	2.0	39.8
70-74	27.856336436276088	34.0	26.0	35.6	2.0	38.8
75-79	27.1296275003742	34.0	25.2	35.0	2.0	37.0
80-84	26.49260821074958	33.2	24.0	35.0	2.0	36.0
85-89	25.93157167925147	33.0	22.0	35.0	2.0	35.0
90-94	25.388799444591292	33.0	19.0	35.0	2.0	35.0
95-99	24.68253631971669	33.0	5.6	35.0	2.0	35.0
100	23.328609758505493	31.0	2.0	34.0	2.0	35.0
>>END_MODULE
>>Per sequence quality scores	pass
#Quality	Count
2	2144901.0
3	302195.0
4	198918.0
5	164303.0
6	163797.0
7	165808.0
8	174865.0
9	190053.0
10	203703.0
11	207975.0
12	198866.0
13	193130.0
14	192620.0
15	193470.0
16	193834.0
17	191486.0
18	191543.0
19	191891.0
20	196580.0
21	206673.0
22	229125.0
23	266507.0
24	318392.0
25	381745.0
26	455417.0
27	530735.0
28	613171.0
29	713296.0
30	835693.0
31	994214.0
32	1208943.0
33	1510991.0
34	1974944.0
35	2716901.0
36	3940909.0
37	4926123.0
38	3332210.0
39	583518.0
40	855.0
>>END_MODULE
>>Per base sequence content	fail
#Base	G	A	T	C
1	42.13663959450405	13.115595801391008	9.52054585268233	35.22721875142261
2	26.915600046366368	17.844073788982158	33.67894894037896	21.561377224272512
3	28.378245046301192	22.263907646320554	21.865041206011444	27.492806101366806
4	30.508290115806012	27.732598154557607	18.688603173176077	23.0705085564603
5	30.626327006186738	28.83242700412525	21.417923266403434	19.123322723284577
6	24.291313473800606	32.57330877935233	22.6102098419783	20.525167904868766
7	22.050742253356077	19.07332059853347	36.03452810072697	22.841409047383486
8	23.24830468971993	21.739158276864938	28.485739883135093	26.52679715028004
9	23.739039761746835	21.041771402611023	29.947515743046964	25.271673092595176
10-14	25.058734350509397	26.31182283275974	25.214341784981176	23.415101031749682
15-19	25.108862887039322	25.009006603338555	25.885892117068366	23.996238392553753
20-24	24.962671122854434	25.404583649127517	25.707250720245334	23.925494507772715
25-29	24.925463114267448	25.504171646900392	25.508765648884747	24.06159958994741
30-34	24.79287365747184	25.524052025491052	25.55458967329261	24.1284846437445
35-39	24.781501398412207	25.59638130104465	25.520476343703685	24.10164095683946
40-44	24.907308321806813	25.47978611478336	25.423464611852285	24.189440951557543
45-49	24.830706438245294	25.477973116067187	25.4473327680954	24.24398767759212
50-54	24.70670630137162	25.57670629066661	25.529008461698723	24.18757894626304
55-59	24.86739215563815	25.44341248279263	25.37094349359191	24.31825186797731
60-64	24.791492231409425	25.429861629502682	25.38040233406123	24.39824380502666
65-69	24.7573488365887	25.551570630709957	25.371103967325286	24.319976565376052
70-74	24.89767709831989	25.45590193588159	25.309388026592224	24.337032939206292
75-79	24.8155139078807	25.376690028529886	25.36449542355999	24.443300640029424
80-84	24.829097635054264	25.46498830678762	25.369378672346343	24.33653538581177
85-89	24.95727933586772	25.431121304164595	25.214685106534812	24.39691425343287
90-94	24.81793682079928	25.399896070672252	25.2358842928477	24.54628281568078
95-99	24.82126875342595	25.495962773436936	25.24707584429545	24.435692628841664
100	25.392649047945152	25.145927687766218	24.78569984645227	24.675723417836355
>>END_MODULE
>>Per base GC content	fail
#Base	%GC
1	77.36385834592666
2	48.47697727063888
3	55.87105114766799
4	53.578798672266316
5	49.749649729471315
6	44.81648137866937
7	44.89215130073956
8	49.77510183999998
9	49.01071285434201
10-14	48.47383538225908
15-19	49.10510127959308
20-24	48.88816563062715
25-29	48.98706270421486
30-34	48.921358301216344
35-39	48.883142355251664
40-44	49.09674927336435
45-49	49.07469411583742
50-54	48.89428524763467
55-59	49.18564402361546
60-64	49.18973603643608
65-69	49.07732540196476
70-74	49.23471003752618
75-79	49.25881454791012
80-84	49.16563302086604
85-89	49.354193589300586
90-94	49.36421963648006
95-99	49.25696138226762
100	50.06837246578151
>>END_MODULE
>>Per sequence GC content	fail
#GC Content	Count
0	32503.0
1	26316.5
2	19304.0
3	18288.5
4	15226.5
5	10398.5
6	8070.5
7	7442.5
8	7133.0
9	7055.5
10	7110.0
11	7263.5
12	7518.0
13	7902.5
14	8504.0
15	9353.5
16	10524.5
17	12294.5
18	14983.5
19	18582.0
20	24045.5
21	31810.5
22	41752.0
23	55072.5
24	72892.5
25	95730.5
26	123179.5
27	157186.5
28	195143.5
29	234059.5
30	274371.5
31	313425.0
32	350167.5
33	388685.0
34	430265.0
35	474558.5
36	514398.0
37	543497.5
38	575966.0
39	610773.0
40	635859.0
41	661358.5
42	695523.0
43	733795.5
44	777810.0
45	824833.0
46	875396.0
47	935484.5
48	987207.0
49	1029935.5
50	1077995.0
51	1124236.0
52	1168009.0
53	1201844.5
54	1214775.5
55	1220871.0
56	1201831.5
57	1159450.5
58	1106965.5
59	1028272.0
60	929499.5
61	826150.0
62	730132.0
63	632871.5
64	534985.0
65	450004.0
66	376491.5
67	314504.0
68	259998.5
69	211628.0
70	169919.5
71	131409.5
72	100480.5
73	77356.0
74	60806.5
75	47350.0
76	35572.5
77	26392.0
78	19472.0
79	13900.0
80	10334.5
81	7902.5
82	6255.5
83	5033.5
84	3731.5
85	2742.0
86	1969.5
87	1423.5
88	1109.0
89	917.0
90	690.0
91	415.0
92	275.5
93	205.5
94	137.0
95	94.5
96	66.0
97	50.0
98	33.5
99	21.0
100	12.5
>>END_MODULE
>>Per base N content	pass
#Base	N-Count
1	0.031843644805941346
2	0.3240478594153559
3	0.06887195345267402
4	0.039423190224297223
5	0.04863966267838205
6	0.04008241959471725
7	0.04581484890271749
8	0.03851237090091496
9	0.03770664611484604
10-14	0.05157721423043729
15-19	0.047751773072231794
20-24	0.08940424136075133
25-29	0.03676907545469311
30-34	0.057493718212883314
35-39	0.042729528061833805
40-44	0.04591930650344105
45-49	0.0411715811632373
50-54	0.041805970006655986
55-59	0.04517600150317035
60-64	0.04614924061235084
65-69	0.0410709451820524
70-74	0.036097744289067306
75-79	0.040284328493676816
80-84	0.049670863017232315
85-89	0.05417082002401251
90-94	0.03959261535717812
95-99	0.041512342238768415
100	0.04033400954767948
>>END_MODULE
>>Sequence Length Distribution	pass
#Length	Count
100	3.14003E7
>>END_MODULE
>>Sequence Duplication Levels	fail
#Total Duplicate Percentage	50.15046132008517
#Duplication Level	Relative count
1	100.0
2	25.64139070019078
3	11.162998187116186
4	6.5235342691990095
5	4.409768691211784
6	3.3856317093311312
7	2.6614273375285933
8	2.1289520392570025
9	1.8555957364009985
10++	32.06146720198942
>>END_MODULE
>>Overrepresented sequences	pass
>>END_MODULE
>>Kmer Content	fail
#Sequence	Count	Obs/Exp Overall	Obs/Exp Max	Max Obs/Exp Position
TTTTT	28781515	9.124948	11.964361	10-14
AAAAA	19763725	6.4097514	7.754934	2
CTCCT	6977480	2.5266378	5.44311	1
GGAGG	7609395	2.4992642	5.439399	1
CTCCA	6466560	2.3522787	5.0562615	1
CTGGA	6552280	2.2151847	5.7572713	1
GGGGG	6520110	2.148272	6.30756	1
GAAAA	6271250	2.0403225	5.4464827	1
GGAGA	6190080	2.026683	5.200992	1
CTTTT	5839735	1.9353184	5.3806047	1
GTTTT	5940215	1.8978523	7.539284	1
GGAAA	4926050	1.6077408	5.8848667	1
GTGGA	4622625	1.5066321	5.08128	1
GGGAG	4581140	1.5046505	5.541203	1
GGGGA	4133250	1.3575431	5.0135293	1
>>END_MODULE
