##FastQC	0.10.1
>>Basic Statistics	pass
#Measure	Value	
Filename	F_diaphanus_NA_transfer_1_R2.fastq.gz	
File type	Conventional base calls	
Encoding	Sanger / Illumina 1.9	
Total Sequences	18208922	
Filtered Sequences	0	
Sequence length	100	
%GC	47	
>>END_MODULE
>>Per base sequence quality	fail
#Base	Mean	Median	Lower Quartile	Upper Quartile	10th Percentile	90th Percentile
1	29.156339403288126	31.0	30.0	34.0	23.0	34.0
2	29.048940404050278	31.0	30.0	34.0	22.0	34.0
3	29.13919478594065	31.0	30.0	34.0	22.0	34.0
4	32.483765595788704	35.0	33.0	37.0	23.0	37.0
5	32.444007668328744	35.0	33.0	37.0	23.0	37.0
6	32.36515061133218	35.0	33.0	37.0	23.0	37.0
7	32.34864386809939	35.0	33.0	37.0	22.0	37.0
8	32.282838215244155	35.0	33.0	37.0	22.0	37.0
9	33.60389588137068	38.0	33.0	39.0	22.0	39.0
10-14	33.687997389411635	38.2	33.2	39.4	19.6	39.4
15-19	34.2828813040113	39.0	33.2	41.0	17.6	41.0
20-24	34.00307134052197	39.0	33.2	41.0	16.8	41.0
25-29	33.72603223848178	38.4	33.0	40.8	13.6	41.0
30-34	33.338294534953796	38.0	32.6	40.0	9.0	41.0
35-39	32.89612641539131	38.0	32.0	40.0	7.2	41.0
40-44	32.42562704151295	38.0	31.0	40.0	2.0	41.0
45-49	31.99829667017081	37.4	31.0	40.0	2.0	41.0
50-54	31.152459810635683	36.0	29.8	39.4	2.0	40.6
55-59	31.15308977653922	35.8	30.0	39.8	2.0	41.0
60-64	30.396587947380965	35.0	29.2	39.0	2.0	40.8
65-69	29.556080694947234	35.0	28.4	37.4	2.0	40.0
70-74	28.85108529763596	34.2	28.0	36.4	2.0	39.2
75-79	28.074307012792957	34.0	27.0	35.2	2.0	37.6
80-84	27.381006508787287	34.0	26.0	35.0	2.0	36.4
85-89	26.780258963161025	33.8	25.0	35.0	2.0	35.4
90-94	26.21701099054628	33.0	24.0	35.0	2.0	35.0
95-99	25.505239376608895	33.0	19.8	35.0	2.0	35.0
100	24.132617296070574	32.0	2.0	34.0	2.0	35.0
>>END_MODULE
>>Per sequence quality scores	pass
#Quality	Count
2	990546.0
3	143572.0
4	95935.0
5	82573.0
6	85120.0
7	85562.0
8	88768.0
9	97507.0
10	106520.0
11	110554.0
12	107111.0
13	105348.0
14	106315.0
15	107827.0
16	108163.0
17	107662.0
18	107384.0
19	108129.0
20	110053.0
21	116026.0
22	128117.0
23	150070.0
24	178752.0
25	213931.0
26	256306.0
27	299390.0
28	349221.0
29	406825.0
30	476461.0
31	569004.0
32	694562.0
33	872218.0
34	1136265.0
35	1569087.0
36	2275719.0
37	2983642.0
38	2240785.0
39	437253.0
40	639.0
>>END_MODULE
>>Per base sequence content	fail
#Base	G	A	T	C
1	40.07842490963227	14.26271465770131	10.205972510629882	35.45288792203654
2	25.28412435968	18.55310782995969	36.642181578103596	19.52058623225672
3	26.931897995339625	23.333254750017957	23.73107316727635	26.00377408736607
4	28.00161278998053	29.565688338170347	20.097579397602395	22.335119474246728
5	28.696316991726867	30.792822714791786	22.315642860969287	18.195217432512063
6	22.57484467391824	34.06280508272979	23.678694079726274	19.683656163625706
7	20.48388376381534	19.366311399698525	38.10467889168309	22.045125944803043
8	21.941748746247395	22.191897696754072	29.793205329749917	26.073148227248616
9	22.904003118691115	21.530044101615008	30.8668398882176	24.699112891476275
10-14	23.891054161619685	27.237758462021983	26.198381398607832	22.672805977750496
15-19	24.03272383652547	25.857941924817073	26.914943588367734	23.194390650289723
20-24	23.86232838647931	26.28745501532152	26.721692389149	23.128524209050173
25-29	23.848744099455043	26.47087365093122	26.52546488526117	23.154917364352567
30-34	23.694944270740205	26.413782212288034	26.61231093477301	23.278962582198748
35-39	23.709428538781573	26.52269736756442	26.514373937464704	23.253500156189304
40-44	23.810360605858087	26.38750504671859	26.44112646604826	23.361007881375066
45-49	23.77333823760077	26.40826268340527	26.41465874182466	23.403740337169303
50-54	23.680999975397853	26.464058741706896	26.481849423018133	23.373091859877118
55-59	23.818648076463724	26.365959743423446	26.367175056535686	23.448217123577148
60-64	23.750082646705913	26.339931799449296	26.319676832122667	23.590308721722124
65-69	23.66624801573181	26.47435292466097	26.390518352400626	23.468880707206594
70-74	23.77747065871348	26.45646700433503	26.25024828717285	23.515814049778648
75-79	23.737085317650404	26.374192392324463	26.284503042648506	23.604219247376633
80-84	23.734272568289235	26.453322337394745	26.275650413547684	23.536754680768336
85-89	23.83692384726044	26.410154372622053	26.170646724169018	23.58227505594849
90-94	23.758060313490702	26.370887561465768	26.190978487759498	23.68007363728403
95-99	23.807050942445766	26.455072941664852	26.181982521778004	23.555893594111375
100	24.26040174432579	26.17282560175806	25.75631906053635	23.8104535933798
>>END_MODULE
>>Per base GC content	fail
#Base	%GC
1	75.5313128316688
2	44.80471059193672
3	52.9356720827057
4	50.33673226422726
5	46.89153442423893
6	42.25850083754394
7	42.52900970861838
8	48.014896973496015
9	47.60311601016739
10-14	46.563860139370185
15-19	47.22711448681519
20-24	46.99085259552948
25-29	47.00366146380761
30-34	46.97390685293896
35-39	46.96292869497088
40-44	47.17136848723315
45-49	47.17707857477007
50-54	47.05409183527497
55-59	47.26686520004087
60-64	47.34039136842803
65-69	47.135128722938404
70-74	47.29328470849213
75-79	47.34130456502704
80-84	47.27102724905757
85-89	47.41919890320893
90-94	47.438133950774734
95-99	47.362944536557144
100	48.070855337705595
>>END_MODULE
>>Per sequence GC content	fail
#GC Content	Count
0	29114.0
1	21402.0
2	12768.0
3	11674.0
4	9995.0
5	7359.5
6	5976.0
7	5782.0
8	5831.5
9	5817.5
10	5863.0
11	5978.0
12	6172.5
13	6495.5
14	7083.0
15	7819.0
16	8786.0
17	10359.0
18	12485.0
19	15635.0
20	20255.0
21	26599.0
22	35548.0
23	47309.5
24	62295.5
25	80499.0
26	101882.0
27	126002.5
28	151025.5
29	175535.0
30	206012.0
31	238970.5
32	267048.0
33	297172.5
34	324489.5
35	348770.0
36	370522.5
37	386395.5
38	400825.0
39	416075.0
40	429900.0
41	443516.0
42	460115.0
43	479724.0
44	500613.0
45	518341.5
46	538218.5
47	558953.5
48	580206.5
49	604582.0
50	623359.0
51	640123.5
52	654571.0
53	658941.0
54	653728.5
55	640484.5
56	619925.0
57	593907.5
58	557722.0
59	503245.0
60	444938.5
61	389452.5
62	337976.5
63	291804.0
64	244932.5
65	200496.0
66	163826.5
67	134039.0
68	108370.0
69	86489.0
70	66197.5
71	49436.0
72	37167.0
73	28887.5
74	23244.0
75	18213.0
76	13555.5
77	9740.0
78	6996.0
79	5176.0
80	3878.5
81	3003.0
82	2377.5
83	1866.5
84	1440.0
85	1048.5
86	779.0
87	613.0
88	512.5
89	403.5
90	263.0
91	175.0
92	130.5
93	84.0
94	51.0
95	37.0
96	27.5
97	19.5
98	14.5
99	7.0
100	4.5
>>END_MODULE
>>Per base N content	pass
#Base	N-Count
1	0.030325793037061722
2	0.28120280816184506
3	0.06411692026579058
4	0.038025315282255584
5	0.0463893469366281
6	0.03784957725668768
7	0.04269335658640308
8	0.036064737934513647
9	0.03522449049976709
10-14	0.04636957640875171
15-19	0.04312830819968365
20-24	0.079353407082528
25-29	0.03496088346141523
30-34	0.05515977277512639
35-39	0.04004300748830711
40-44	0.04385981773111006
45-49	0.038920480849992105
50-54	0.0398606792867804
55-59	0.043117324573085654
60-64	0.04368517806820195
65-69	0.0391203828540756
70-74	0.034101963861452096
75-79	0.03835372571753561
80-84	0.04804018601430661
85-89	0.052189800143028785
90-94	0.03755521606386144
95-99	0.03945867855329382
100	0.03870080831803223
>>END_MODULE
>>Sequence Length Distribution	pass
#Length	Count
100	1.8208922E7
>>END_MODULE
>>Sequence Duplication Levels	warn
#Total Duplicate Percentage	42.17714026587747
#Duplication Level	Relative count
1	100.0
2	22.2856954167217
3	8.812409192973186
4	4.882115968828424
5	3.2054880464931976
6	2.431151763307357
7	1.923457931581033
8	1.5065711266675472
9	1.2886342623167348
10++	18.76816140536257
>>END_MODULE
>>Overrepresented sequences	warn
#Sequence	Count	Percentage	Possible Source
TTTTTTTTTTTTTTTTTTTTTTTTTTTTTTTTTTTTTTTTTTTTTTTTTT	31210	0.171399493061698	No Hit
>>END_MODULE
>>Kmer Content	fail
#Sequence	Count	Obs/Exp Overall	Obs/Exp Max	Max Obs/Exp Position
TTTTT	20328055	9.1252775	12.082305	10-14
AAAAA	14538450	6.7613096	8.103641	2
GGAGG	3867775	2.5396295	5.583183	1
CTCCT	3807650	2.4398072	5.940124	1
GGGGG	3332200	2.3850052	6.2092624	1
CTCCA	3549005	2.290222	5.5401993	1
CTGGA	3544700	2.1745107	6.314401	1
GAAAA	4006250	2.030953	5.4522324	1
GGAGA	3314085	1.9962903	5.4644628	1
CTTTT	3800810	1.921067	5.583595	1
GTTTT	3888660	1.9163367	8.015711	1
GGAAG	2801665	1.6876262	5.2019043	1
GGAAA	3023965	1.6710433	6.4353447	1
CTGGG	2395615	1.6019471	5.604889	1
GGGAG	2366545	1.553903	5.851696	1
GTGGA	2491460	1.4901896	5.0504174	1
GGGGA	2176635	1.4292058	5.6665797	1
GTTTG	2517965	1.3622072	5.207829	1
GGGAA	2237925	1.3480487	5.302175	1
>>END_MODULE
