##FastQC	0.10.1
>>Basic Statistics	pass
#Measure	Value	
Filename	F_rathbuni_NA_FW_2_R1.fastq.gz	
File type	Conventional base calls	
Encoding	Sanger / Illumina 1.9	
Total Sequences	52821614	
Filtered Sequences	0	
Sequence length	100	
%GC	48	
>>END_MODULE
>>Per base sequence quality	pass
#Base	Mean	Median	Lower Quartile	Upper Quartile	10th Percentile	90th Percentile
1	30.183622446674953	31.0	30.0	34.0	25.0	34.0
2	30.481110100119242	31.0	30.0	34.0	27.0	34.0
3	29.067835450844044	31.0	30.0	34.0	16.0	34.0
4	32.76113728747478	37.0	33.0	37.0	19.0	37.0
5	33.47633527442005	37.0	33.0	37.0	28.0	37.0
6	30.921532802840897	37.0	32.0	37.0	10.0	37.0
7	31.754005396351577	37.0	32.0	37.0	17.0	37.0
8	32.881389860597594	37.0	32.0	37.0	26.0	37.0
9	34.59086094945906	38.0	35.0	39.0	27.0	39.0
10-14	34.2241679400406	38.8	34.2	39.4	21.6	39.4
15-19	35.419095982186384	39.4	34.8	41.0	26.6	41.0
20-24	35.41444649911682	40.0	35.0	41.0	25.6	41.0
25-29	35.07627027829933	39.4	34.6	41.0	24.4	41.0
30-34	34.6884173853529	39.0	34.0	41.0	22.6	41.0
35-39	34.40244620317736	39.0	33.6	41.0	20.8	41.0
40-44	34.15739208574732	39.0	33.0	41.0	18.6	41.0
45-49	33.759058070433056	38.2	33.0	40.4	15.8	41.0
50-54	33.11800867728123	37.6	32.4	40.0	10.2	41.0
55-59	32.45601193102506	36.4	31.8	40.0	6.0	41.0
60-64	31.65024510989005	35.2	31.0	39.0	2.0	41.0
65-69	30.90956003729837	35.0	30.6	37.8	2.0	40.0
70-74	30.09288196684032	35.0	30.0	36.4	2.0	39.2
75-79	29.04320282602497	33.8	29.0	35.2	2.0	37.4
80-84	28.91715379995772	34.0	29.0	35.0	2.0	36.2
85-89	28.420509986688405	34.0	29.0	35.0	2.0	35.4
90-94	27.993116616996975	34.0	28.8	35.0	2.0	35.0
95-99	27.430014455824846	34.0	27.6	35.0	2.0	35.0
100	26.366295509258766	33.0	25.0	35.0	2.0	35.0
>>END_MODULE
>>Per sequence quality scores	pass
#Quality	Count
2	1770206.0
3	544228.0
4	274451.0
5	193412.0
6	186677.0
7	194393.0
8	204797.0
9	220529.0
10	237788.0
11	250023.0
12	256372.0
13	263625.0
14	268254.0
15	270622.0
16	270678.0
17	265901.0
18	259368.0
19	253561.0
20	248218.0
21	253617.0
22	275691.0
23	321659.0
24	388835.0
25	486732.0
26	624009.0
27	828388.0
28	1046377.0
29	1089444.0
30	1303439.0
31	1523227.0
32	1752646.0
33	2276543.0
34	3125929.0
35	4557538.0
36	7249079.0
37	1.0253993E7
38	7684071.0
39	1345883.0
40	1411.0
>>END_MODULE
>>Per base sequence content	fail
#Base	G	A	T	C
1	34.316626190810254	15.066212552321096	7.805362219794023	42.811799037074636
2	22.914595415833645	18.69455900530054	38.94596468857207	19.444880890293746
3	23.821700754286802	23.861051735222734	24.019134495177486	28.298113015312982
4	25.5755715312104	30.356920122895424	20.112325083833817	23.95518326206036
5	27.640045362084365	31.536176701572366	21.968198067468563	18.855579868874702
6	21.269203053415254	36.031404260252195	22.70227884823168	19.997113838100876
7	20.558389991381773	19.51924316412991	37.46810537706741	22.454261467420903
8	20.691978963731028	21.740451795014643	30.489174515460405	27.078394725793924
9	21.598800193011442	20.57339282751913	32.1470988820032	25.68070809746623
10-14	24.078528942692902	26.792827630161998	25.441823359270426	23.68682006787468
15-19	24.243875719995323	25.567627912726216	25.997665050966567	24.190831316311893
20-24	24.027036789363976	26.043069969658784	25.916077196806352	24.013816044170884
25-29	24.14872846115388	26.09471951756131	25.620034064823884	24.13651795646093
30-34	23.961155143441218	26.103061780416997	25.721090435775185	24.214692640366597
35-39	24.019167384537795	26.07130736978308	25.734073781548904	24.17545146413022
40-44	24.133059348119502	26.044019142858666	25.653896119362855	24.169025389658977
45-49	24.143588070585885	25.985671447308313	25.594660416299075	24.27608006580673
50-54	24.08134814521537	26.12118738556914	25.622873381281753	24.174591087933738
55-59	24.215792786265702	25.90120182457355	25.57004405733383	24.312961331826916
60-64	24.13178939072781	25.932161929099358	25.546678878321472	24.389369801851366
65-69	24.160225521214517	26.039080529492164	25.577716743479538	24.22297720581378
70-74	24.296571836335	26.022078137138283	25.45803988399568	24.223310142531034
75-79	24.26615864697633	25.833802020940194	25.53145861445991	24.368580717623566
80-84	24.19101105195117	25.95702259850585	25.53581161408582	24.316154735457165
85-89	24.32716446441371	25.8956486041981	25.440956616514804	24.336230314873387
90-94	24.1850683514953	25.859329393132903	25.46452512055563	24.491077134816166
95-99	24.178886779312894	25.982213715244086	25.50554395904806	24.333355546394962
100	24.50539952067672	25.691142490416023	25.011368074674472	24.792089914232786
>>END_MODULE
>>Per base GC content	fail
#Base	%GC
1	77.12842522788488
2	42.35947630612739
3	52.11981376959977
4	49.53075479327076
5	46.49562523095907
6	41.266316891516134
7	43.01265145880267
8	47.77037368952495
9	47.27950829047767
10-14	47.76534901056758
15-19	48.434707036307216
20-24	48.040852833534856
25-29	48.28524641761481
30-34	48.17584778380782
35-39	48.194618848668014
40-44	48.30208473777848
45-49	48.419668136392616
50-54	48.25593923314911
55-59	48.528754118092614
60-64	48.52115919257917
65-69	48.3832027270283
70-74	48.51988197886604
75-79	48.634739364599895
80-84	48.50716578740833
85-89	48.663394779287096
90-94	48.67614548631147
95-99	48.51224232570785
100	49.2974894349095
>>END_MODULE
>>Per sequence GC content	warn
#GC Content	Count
0	2609.0
1	2848.5
2	3036.5
3	3001.5
4	2803.0
5	2508.0
6	2550.0
7	2807.5
8	3026.0
9	3392.0
10	3897.0
11	4329.0
12	4909.5
13	5601.5
14	6547.5
15	8004.0
16	9918.5
17	12539.5
18	16493.5
19	22346.5
20	31339.0
21	44244.5
22	62672.0
23	88066.5
24	120908.5
25	165558.5
26	222985.5
27	283934.0
28	343587.0
29	413026.0
30	490497.5
31	574162.5
32	665624.5
33	748595.0
34	821826.0
35	898343.0
36	969785.0
37	1028019.0
38	1082835.0
39	1139613.5
40	1189669.5
41	1251947.5
42	1319944.5
43	1380259.0
44	1465013.5
45	1556699.5
46	1640089.5
47	1722398.5
48	1792761.5
49	1864478.5
50	1951124.5
51	2043580.5
52	2130115.5
53	2162638.5
54	2123295.0
55	2045513.0
56	1963139.0
57	1876374.0
58	1736698.0
59	1547482.0
60	1358171.5
61	1169715.5
62	994992.0
63	846786.5
64	705392.0
65	576008.0
66	465193.0
67	376575.5
68	307101.0
69	239897.5
70	175518.0
71	125805.5
72	90633.5
73	71441.5
74	60292.0
75	47799.5
76	34716.0
77	24201.5
78	16630.0
79	11225.0
80	9066.5
81	8055.0
82	6902.5
83	5685.5
84	4056.0
85	2638.5
86	1747.5
87	1178.0
88	971.5
89	787.5
90	546.5
91	376.0
92	296.0
93	214.0
94	122.0
95	72.0
96	42.5
97	22.0
98	16.5
99	10.5
100	4.0
>>END_MODULE
>>Per base N content	pass
#Base	N-Count
1	0.02884614620068217
2	0.004322094360842514
3	3.227311456253495
4	0.007621879937254473
5	0.0174663348984376
6	2.2116703968947258
7	0.03044776329629004
8	0.0321894745586532
9	0.031150127294482143
10-14	0.955864392935816
15-19	0.02252108388812201
20-24	0.017341007414124074
25-29	0.015282001795704313
30-34	0.03778150360948834
35-39	0.03897343992555775
40-44	0.027601201280975624
45-49	0.02030494562320644
50-54	0.01629825245400491
55-59	0.004274765250452211
60-64	0.005681765044135152
65-69	0.001968890992236625
70-74	0.0031244785515262747
75-79	0.004049478684994366
80-84	0.002894648391470961
85-89	0.0026841285084548915
90-94	0.010256407538020327
95-99	0.022423396604276422
100	0.01749473236467178
>>END_MODULE
>>Sequence Length Distribution	pass
#Length	Count
100	5.2821614E7
>>END_MODULE
>>Sequence Duplication Levels	fail
#Total Duplicate Percentage	64.94755572204532
#Duplication Level	Relative count
1	100.0
2	43.48366240081221
3	24.20048625397419
4	14.083999038178952
5	9.066499238558338
6	6.4121403190039805
7	4.781052125357343
8	3.9140773197253464
9	3.11122391728339
10++	58.11937267893879
>>END_MODULE
>>Overrepresented sequences	pass
>>END_MODULE
>>Kmer Content	warn
#Sequence	Count	Obs/Exp Overall	Obs/Exp Max	Max Obs/Exp Position
TTTTT	26059235	4.6493974	7.428011	2
AAAAA	26100300	4.487447	6.6843762	2
CTCCT	11823960	2.4700828	7.674691	1
CTCCA	11224530	2.3275578	7.3714423	1
CTGGA	10918265	2.2957923	7.3234777	1
CTCTG	10823265	2.2768278	5.7508764	1
CTTCT	11411950	2.261885	5.323367	1
GAAGA	11174295	2.1964877	5.3550735	2
CTTCA	10475625	2.0609827	5.8506	1
GAAAA	10492240	1.9288545	5.195052	2
CTTTT	9885625	1.8589897	6.0286813	1
CTGAA	9302740	1.8294158	5.5418534	1
GTTTT	9641200	1.825691	7.383459	1
CTCAG	8202960	1.7128772	6.459257	1
CTTTG	8556365	1.7077461	5.3209276	1
GGAAA	8128875	1.5978614	6.125108	1
CTGGG	6907450	1.5530097	5.546723	1
>>END_MODULE
