##FastQC	0.10.1
>>Basic Statistics	pass
#Measure	Value	
Filename	F_zebrinus_NA_FW_2_R1.fastq.gz	
File type	Conventional base calls	
Encoding	Sanger / Illumina 1.9	
Total Sequences	13600787	
Filtered Sequences	0	
Sequence length	100	
%GC	49	
>>END_MODULE
>>Per base sequence quality	pass
#Base	Mean	Median	Lower Quartile	Upper Quartile	10th Percentile	90th Percentile
1	30.691247057982746	31.0	31.0	34.0	26.0	34.0
2	30.9766417193358	33.0	31.0	34.0	27.0	34.0
3	29.534418265648892	31.0	30.0	34.0	16.0	34.0
4	33.299955583452636	37.0	35.0	37.0	19.0	37.0
5	34.05151076919299	37.0	35.0	37.0	30.0	37.0
6	31.484069561562873	37.0	33.0	37.0	10.0	37.0
7	32.353556158184084	37.0	33.0	37.0	17.0	37.0
8	33.545862603391996	37.0	33.0	37.0	28.0	37.0
9	35.32283315664013	39.0	35.0	39.0	30.0	39.0
10-14	34.969141579821816	39.2	34.6	39.4	24.8	39.4
15-19	36.20828107961694	40.0	35.8	41.0	28.6	41.0
20-24	36.179697718962885	40.0	36.0	41.0	28.8	41.0
25-29	35.833670448629185	40.0	35.4	41.0	27.2	41.0
30-34	35.425531434320675	39.0	35.0	41.0	26.0	41.0
35-39	35.1115511330337	39.0	34.4	41.0	25.0	41.0
40-44	34.83436974639777	39.0	34.0	41.0	24.4	41.0
45-49	34.40027733689234	38.2	33.4	40.4	23.4	41.0
50-54	33.731395911133674	37.6	33.0	40.0	21.2	41.0
55-59	33.04162942923817	36.4	32.4	40.0	19.0	41.0
60-64	32.21744572575101	35.2	31.6	39.0	15.0	40.8
65-69	31.467598294128123	35.0	31.0	37.4	9.2	40.0
70-74	30.651723653932674	35.0	30.6	36.2	3.8	39.0
75-79	29.605611557625302	34.0	29.6	35.0	2.0	37.2
80-84	29.508484854589664	34.0	30.0	35.0	2.0	36.2
85-89	29.027479836277127	34.0	29.6	35.0	2.0	35.4
90-94	28.6005879218607	34.0	29.0	35.0	2.0	35.0
95-99	28.034552926974005	34.0	29.0	35.0	2.0	35.0
100	26.92951525525692	33.0	26.0	35.0	2.0	35.0
>>END_MODULE
>>Per sequence quality scores	pass
#Quality	Count
2	302475.0
3	99682.0
4	55691.0
5	41992.0
6	43192.0
7	43867.0
8	45498.0
9	49623.0
10	54168.0
11	57393.0
12	59212.0
13	61593.0
14	63280.0
15	64077.0
16	64163.0
17	64019.0
18	62752.0
19	61708.0
20	60901.0
21	62672.0
22	67153.0
23	78359.0
24	94627.0
25	120257.0
26	157321.0
27	214366.0
28	269695.0
29	282955.0
30	344026.0
31	405426.0
32	478800.0
33	634621.0
34	883092.0
35	1291439.0
36	1989787.0
37	2678411.0
38	1880687.0
39	311468.0
40	339.0
>>END_MODULE
>>Per base sequence content	fail
#Base	G	A	T	C
1	35.78212699935214	14.06081223849407	8.405484840847228	41.75157592130657
2	24.048146719245388	18.923868575553307	35.08050886683183	21.947475838369478
3	25.348354544412516	23.530070805349144	21.946326790443745	29.175247859794595
4	27.655159198594447	30.080627620717532	18.830503905717478	23.43370927497054
5	28.76250169228734	30.909340536306356	21.236987220390194	19.091170551016113
6	21.907802592088338	35.52493925968272	22.6827738203591	19.88448432786984
7	20.80859806287493	19.32875494864762	37.24333004526705	22.6193169432104
8	21.298504799565887	21.342280970942536	30.15074977725784	27.208464452233738
9	22.241892296804902	20.308205470902323	31.659593039804175	25.790309192488603
10-14	24.485164832293457	26.474778219551837	25.013020233294075	24.027036714860632
15-19	24.687316789192074	25.113877881327788	25.71891884259454	24.4798864868856
20-24	24.502553846928144	25.592679964901233	25.61740929645493	24.287356891715692
25-29	24.568017200716163	25.62975920856374	25.488985350470827	24.313238240249266
30-34	24.331145369079017	25.621706573870927	25.51720869144764	24.529939365602413
35-39	24.520465514802698	25.593881635646543	25.39716255248325	24.488490297067514
40-44	24.667111291973647	25.583179454557065	25.28481804619802	24.46489120727126
45-49	24.58465970423429	25.532086821197552	25.347648019933278	24.53560545463488
50-54	24.5790584252513	25.62243529414706	25.292224796518564	24.50628148408307
55-59	24.816913160107276	25.310060332610888	25.195049128617597	24.677977378664238
60-64	24.765601368363157	25.34405071335434	25.208086161431847	24.682261756850657
65-69	24.678538916662767	25.490173126583258	25.15097704784769	24.680310908906293
70-74	24.879024184869184	25.508885314311097	25.017869008349265	24.59422149247046
75-79	24.794596527709388	25.371907242233487	25.104398582124247	24.729097647932875
80-84	24.740104675313724	25.35876214038072	25.139324763978944	24.761808420326616
85-89	24.822506858417313	25.474976877588013	24.952939393656425	24.74957687033825
90-94	24.703675906181864	25.45339572471151	24.98629866063801	24.856629708468617
95-99	24.6097889641714	25.488473562559662	25.052023652076628	24.84971382119231
100	24.94378410035367	25.06452566046788	24.655067711313908	25.336622527864538
>>END_MODULE
>>Per base GC content	fail
#Base	%GC
1	77.5337029206587
2	45.995622557614865
3	54.52360240420712
4	51.088868473564986
5	47.85367224330345
6	41.79228691995818
7	43.42791500608533
8	48.506969251799624
9	48.032201489293506
10-14	48.512201547154085
15-19	49.16720327607768
20-24	48.78991073864384
25-29	48.88125544096543
30-34	48.86108473468143
35-39	49.00895581187021
40-44	49.13200249924491
45-49	49.12026515886917
50-54	49.085339909334365
55-59	49.494890538771514
60-64	49.447863125213814
65-69	49.35884982556906
70-74	49.47324567733964
75-79	49.52369417564226
80-84	49.50191309564034
85-89	49.57208372875556
90-94	49.56030561465048
95-99	49.45950278536371
100	50.28040662821821
>>END_MODULE
>>Per sequence GC content	warn
#GC Content	Count
0	11444.0
1	7647.5
2	3299.5
3	2624.5
4	2319.5
5	2047.5
6	1934.0
7	1928.0
8	1957.5
9	1975.0
10	2072.0
11	2170.0
12	2275.5
13	2377.0
14	2485.5
15	2800.0
16	3265.0
17	3798.5
18	4602.0
19	5847.5
20	7799.5
21	10709.5
22	14548.5
23	19728.5
24	26925.0
25	36153.5
26	47316.0
27	60573.5
28	75118.0
29	90373.5
30	107149.5
31	127124.5
32	148803.5
33	169784.5
34	188893.5
35	207760.0
36	223897.0
37	236818.0
38	249426.0
39	264469.0
40	279080.5
41	293818.5
42	314164.0
43	336618.0
44	362796.5
45	387471.5
46	415209.0
47	442185.5
48	464248.0
49	483022.5
50	504235.0
51	532644.5
52	552843.0
53	556428.5
54	546367.0
55	531998.5
56	519447.0
57	495288.0
58	462717.0
59	426838.5
60	377145.5
61	321466.0
62	270935.5
63	230488.5
64	192855.0
65	157304.5
66	134752.0
67	114155.0
68	94947.5
69	79995.5
70	62913.0
71	46571.5
72	34110.5
73	29517.5
74	28658.5
75	27892.0
76	21700.5
77	16389.0
78	12516.5
79	9523.5
80	11438.0
81	12347.0
82	9407.5
83	6310.0
84	5308.5
85	3782.0
86	1707.5
87	925.5
88	618.5
89	397.5
90	258.0
91	171.0
92	123.0
93	84.0
94	50.0
95	28.5
96	21.5
97	16.5
98	7.5
99	3.5
100	3.0
>>END_MODULE
>>Per base N content	pass
#Base	N-Count
1	0.028086609988083776
2	0.004470329547841607
3	3.333145354015176
4	0.007212817905316803
5	0.017116656558182994
6	2.2534504804758724
7	0.030461472560374635
8	0.031976090795334124
9	0.031417299601853924
10-14	0.951755218282589
15-19	0.022520755600392833
20-24	0.017354878066982448
25-29	0.015421166436912806
30-34	0.03753312216418065
35-39	0.03865952756998547
40-44	0.027352828920855828
45-49	0.020444405165671663
50-54	0.01653580781759173
55-59	0.004020355586775971
60-64	0.005673201116964776
65-69	0.0020292943342175716
70-74	0.0031174666583632256
75-79	0.004076234706123991
80-84	0.002714548797801186
85-89	0.002543970433475651
90-94	0.01019499827473219
95-99	0.022275181575889688
100	0.017065188948257183
>>END_MODULE
>>Sequence Length Distribution	pass
#Length	Count
100	1.3600787E7
>>END_MODULE
>>Sequence Duplication Levels	warn
#Total Duplicate Percentage	47.58101453005248
#Duplication Level	Relative count
1	100.0
2	20.934509444952983
3	8.303237080802196
4	4.577681617708246
5	3.129732878422235
6	2.277606723807939
7	1.864858117666639
8	1.6435050345344095
9	1.3381043521677622
10++	22.361654323042355
>>END_MODULE
>>Overrepresented sequences	warn
#Sequence	Count	Percentage	Possible Source
TTTTTTTTTTTTTTTTTTTTTTTTTTTTTTTTTTTTTTTTTTTTTTTTTT	13851	0.1018396950117666	No Hit
>>END_MODULE
>>Kmer Content	warn
#Sequence	Count	Obs/Exp Overall	Obs/Exp Max	Max Obs/Exp Position
TTTTT	8239410	6.182356	8.563845	2
AAAAA	6934865	5.086471	7.3504605	2
CTCCA	2767650	2.214231	5.687302	1
CTCCT	2748110	2.2086234	5.1171966	1
GAAGA	2840160	2.1933193	5.0199466	2
CTGGA	2586770	2.0625849	6.247369	1
GAAAA	2634910	1.9830543	5.2970915	2
CTTTT	2441135	1.8741006	5.192201	1
CTGAA	2400220	1.8651545	5.0745425	1
GTTTT	2367450	1.8144835	6.651501	1
CTCAG	2000370	1.5976925	5.126495	1
GGAAA	2056965	1.5884954	6.2003245	1
CTGGG	1822005	1.4907123	5.2433925	1
>>END_MODULE
