##FastQC	0.10.1
>>Basic Statistics	pass
#Measure	Value	
Filename	A_xenica_NA_BW_3_R2.fastq.gz	
File type	Conventional base calls	
Encoding	Sanger / Illumina 1.9	
Total Sequences	19201311	
Filtered Sequences	0	
Sequence length	100	
%GC	48	
>>END_MODULE
>>Per base sequence quality	pass
#Base	Mean	Median	Lower Quartile	Upper Quartile	10th Percentile	90th Percentile
1	30.545150432697017	31.0	31.0	34.0	27.0	34.0
2	30.594744546348945	33.0	31.0	34.0	27.0	34.0
3	30.64948763133934	33.0	31.0	34.0	27.0	34.0
4	34.01853951534872	37.0	35.0	37.0	30.0	37.0
5	33.97057398841152	37.0	35.0	37.0	30.0	37.0
6	33.93130953402088	37.0	35.0	37.0	30.0	37.0
7	33.94236086275567	37.0	35.0	37.0	30.0	37.0
8	33.89888070663508	37.0	35.0	37.0	30.0	37.0
9	35.41679190551103	39.0	37.0	39.0	30.0	39.0
10-14	35.53607166718981	39.2	35.4	39.4	29.0	39.4
15-19	36.35267906446596	40.0	37.0	41.0	28.6	41.0
20-24	36.1129739214161	40.0	36.2	41.0	27.0	41.0
25-29	35.86726462583727	40.0	36.0	41.0	27.0	41.0
30-34	35.054468884963114	39.6	35.2	41.0	20.6	41.0
35-39	34.97747376728599	39.0	34.8	41.0	24.0	41.0
40-44	34.6838395982441	39.0	34.6	41.0	22.8	41.0
45-49	34.36799901840036	39.0	34.0	40.8	21.8	41.0
50-54	33.537335862119	37.8	33.0	39.8	19.8	40.6
55-59	33.469958941866004	37.2	33.0	40.0	18.4	41.0
60-64	32.743570988460114	35.8	32.8	39.6	14.0	41.0
65-69	31.947857185376563	35.0	32.0	38.6	7.6	40.6
70-74	31.224749518405282	35.0	31.8	36.8	3.6	39.4
75-79	30.485057171356686	35.0	31.0	35.6	2.0	38.0
80-84	29.842578967654863	35.0	31.0	35.0	2.0	36.6
85-89	29.320237290047537	34.2	30.2	35.0	2.0	35.8
90-94	28.838896458684513	34.0	30.0	35.0	2.0	35.0
95-99	28.2919729803866	34.0	29.4	35.0	2.0	35.0
100	27.053810752817867	33.0	26.0	35.0	2.0	35.0
>>END_MODULE
>>Per sequence quality scores	pass
#Quality	Count
2	652280.0
3	99510.0
4	66266.0
5	58439.0
6	61952.0
7	60115.0
8	62589.0
9	66245.0
10	71192.0
11	73675.0
12	72191.0
13	72175.0
14	72459.0
15	74171.0
16	75766.0
17	74796.0
18	73995.0
19	75272.0
20	77416.0
21	82621.0
22	91817.0
23	106493.0
24	128291.0
25	154625.0
26	185606.0
27	219475.0
28	262418.0
29	313825.0
30	380119.0
31	469188.0
32	594693.0
33	778716.0
34	1085494.0
35	1630304.0
36	2714694.0
37	4066823.0
38	3312116.0
39	682499.0
40	990.0
>>END_MODULE
>>Per base sequence content	fail
#Base	G	A	T	C
1	35.668488683392155	13.964504643891877	8.639706265450636	41.72730040726534
2	25.81650162815189	18.062663394903826	36.19785758243545	19.922977394508838
3	25.975975991622075	22.260643036893082	22.58009826345652	29.183282708028322
4	27.13444800182811	29.252417828075643	19.289335922881254	24.32379824721499
5	29.155666505920642	29.981499877681912	21.923929351990292	18.938904264407157
6	22.386530923907696	33.59284216194768	23.28942471045046	20.731202203694163
7	20.11063205762091	18.5186699998661	38.620460371035094	22.750237571477896
8	21.196377574903927	21.50334747410663	30.081169108614397	27.21910584237505
9	22.234239436750336	20.633307842412552	31.53729842018464	25.595154300652474
10-14	24.014777204884435	26.900747372041273	25.744973702569098	23.339501720505197
15-19	24.332460514459083	25.40424105891806	26.264334870811002	23.998963555811862
20-24	24.20364834324715	25.870877762097138	26.118469964352776	23.807003930302933
25-29	24.228188903349558	25.915829849330212	25.99033594248098	23.86564530483925
30-34	24.257827769483182	25.910624931208144	25.999674853765747	23.83187244554293
35-39	24.063442179402553	26.004323215519342	26.03195235739582	23.90028224768228
40-44	24.250886111576857	25.852654391660995	25.955950929197584	23.94050856756456
45-49	24.19037526046834	25.893727280371394	25.91473245971369	24.00116499944657
50-54	24.167169428938113	25.918176731471725	25.93339535923888	23.98125848035128
55-59	24.304618596059775	25.826107971006852	25.774054382568785	24.09521905036459
60-64	24.244595708293897	25.767060203519325	25.8200407680707	24.168303320116074
65-69	24.21117832160303	25.862671710549236	25.828295152224644	24.097854815623094
70-74	24.336696464465014	25.83395114595251	25.774122078105897	24.055230311476578
75-79	24.281631244125688	25.779660684846217	25.768599413553556	24.170108657474547
80-84	24.27525932103072	25.79219033968434	25.752647972181553	24.179902367103384
85-89	24.39431240214291	25.77776474249901	25.628296441166697	24.199626414191382
90-94	24.255845540661483	25.708363467475316	25.723126131261413	24.31266486060179
95-99	24.370846450094685	25.80304270616046	25.69663291619716	24.129477927547693
100	24.760351447546924	25.492416593997735	25.34793156032425	24.399300398131093
>>END_MODULE
>>Per base GC content	fail
#Base	%GC
1	77.39578909065749
2	45.73947902266073
3	55.1592586996504
4	51.45824624904311
5	48.09457077032779
6	43.11773312760186
7	42.86086962909881
8	48.41548341727898
9	47.82939373740281
10-14	47.354278925389636
15-19	48.33142407027094
20-24	48.010652273550086
25-29	48.09383420818881
30-34	48.08970021502611
35-39	47.963724427084834
40-44	48.19139467914142
45-49	48.19154025991491
50-54	48.148427909289396
55-59	48.399837646424366
60-64	48.41289902840997
65-69	48.30903313722612
70-74	48.39192677594159
75-79	48.451739901600234
80-84	48.455161688134105
85-89	48.593938816334294
90-94	48.56851040126327
95-99	48.50032437764238
100	49.15965184567802
>>END_MODULE
>>Per sequence GC content	warn
#GC Content	Count
0	29095.0
1	18133.0
2	6158.0
3	4977.0
4	4598.0
5	4152.0
6	3851.5
7	3800.5
8	3745.0
9	3697.0
10	3707.5
11	3711.0
12	3798.0
13	3950.5
14	4183.0
15	4560.0
16	5077.0
17	5913.0
18	7414.0
19	9624.5
20	12973.0
21	17346.5
22	24029.5
23	32991.5
24	43907.5
25	58080.0
26	75621.5
27	96896.5
28	119694.5
29	142770.5
30	169041.0
31	200737.0
32	231459.0
33	260114.0
34	286937.0
35	313066.5
36	341323.0
37	369625.0
38	393558.5
39	419385.5
40	445277.0
41	464869.0
42	488232.0
43	518306.0
44	550916.0
45	569366.0
46	592651.5
47	626469.5
48	658764.5
49	682200.0
50	695417.0
51	716549.5
52	736630.0
53	737329.0
54	724346.5
55	708398.5
56	689083.0
57	661571.0
58	616235.0
59	559632.5
60	491841.0
61	428492.5
62	376565.5
63	323980.5
64	274816.0
65	229015.5
66	188916.0
67	155888.0
68	127913.5
69	101719.5
70	77224.0
71	57749.5
72	43663.0
73	34255.0
74	27445.0
75	22694.5
76	17713.0
77	12977.0
78	9760.0
79	6969.0
80	5120.0
81	3789.5
82	3248.0
83	2967.0
84	1961.5
85	1042.0
86	676.5
87	463.0
88	308.5
89	211.5
90	156.5
91	108.5
92	73.0
93	59.5
94	45.0
95	30.5
96	19.5
97	14.5
98	11.0
99	4.5
100	2.5
>>END_MODULE
>>Per base N content	pass
#Base	N-Count
1	0.04128363943482818
2	0.05645968652869588
3	0.04172110956382093
4	0.04032016355549889
5	0.049715355373390904
6	0.03832550808640098
7	0.04239293869048837
8	0.04961640379659493
9	0.039315023854360774
10-14	0.035280924307720445
15-19	0.05370154152495108
20-24	0.05163709915432337
25-29	0.03178116327577841
30-34	0.05820644225803124
35-39	0.05951676945391905
40-44	0.09523620548617748
45-49	0.07115347488512633
50-54	0.06762246598682767
55-59	0.07575211921727637
60-64	0.0664798356737204
65-69	0.06892966839607984
70-74	0.0658548783465879
75-79	0.06163641638844348
80-84	0.06655066417079541
85-89	0.06436747990801253
90-94	0.057326294022319625
95-99	0.054202548982202316
100	0.0541421364405795
>>END_MODULE
>>Sequence Length Distribution	pass
#Length	Count
100	1.9201311E7
>>END_MODULE
>>Sequence Duplication Levels	fail
#Total Duplicate Percentage	50.083337989086914
#Duplication Level	Relative count
1	100.0
2	26.227673366599824
3	11.72224035815884
4	6.928135055729142
5	4.594506365713753
6	3.3474793638949776
7	2.6591428438184956
8	2.11537564706431
9	1.7991885463787716
10++	27.147320803991978
>>END_MODULE
>>Overrepresented sequences	warn
#Sequence	Count	Percentage	Possible Source
TTTTTTTTTTTTTTTTTTTTTTTTTTTTTTTTTTTTTTTTTTTTTTTTTT	43225	0.225114837210855	No Hit
>>END_MODULE
>>Kmer Content	fail
#Sequence	Count	Obs/Exp Overall	Obs/Exp Max	Max Obs/Exp Position
TTTTT	14682055	6.889649	10.36311	2
AAAAA	10666015	5.242016	7.02076	2
CTCCT	4170330	2.4036546	6.90091	1
CTCCA	3895730	2.2662494	6.606054	1
TCCAG	3824975	2.2056868	5.050399	7
CTCTG	3859055	2.20485	5.1724305	1
GAAGA	4037795	2.1954646	5.3219676	2
CTGGA	3835525	2.1924844	6.7681193	1
GAAAA	3853900	1.9922308	5.0818295	2
GTTTT	3636490	1.8115609	7.067728	1
GGAAG	2945400	1.6844944	5.1895957	1
CTCAG	2902120	1.6735189	5.3942733	1
GGAAA	3002885	1.6327546	5.9833016	1
CTGGG	2587925	1.5559887	5.9838433	1
GGGAG	2443040	1.469599	5.041717	1
>>END_MODULE
