##FastQC	0.10.1
>>Basic Statistics	pass
#Measure	Value	
Filename	F_olivaceous_NA_transfer_2_R1.fastq.gz	
File type	Conventional base calls	
Encoding	Sanger / Illumina 1.9	
Total Sequences	6853982	
Filtered Sequences	0	
Sequence length	100	
%GC	49	
>>END_MODULE
>>Per base sequence quality	pass
#Base	Mean	Median	Lower Quartile	Upper Quartile	10th Percentile	90th Percentile
1	30.314065166789174	31.0	30.0	34.0	26.0	34.0
2	30.612249200537732	31.0	30.0	34.0	27.0	34.0
3	29.1991966130054	31.0	30.0	34.0	16.0	34.0
4	32.912243568775054	37.0	33.0	37.0	19.0	37.0
5	33.637917199082224	37.0	35.0	37.0	28.0	37.0
6	31.066313275990513	37.0	32.0	37.0	10.0	37.0
7	31.922399125063357	37.0	32.0	37.0	17.0	37.0
8	33.06467700090254	37.0	33.0	37.0	27.0	37.0
9	34.77896440346648	38.0	35.0	39.0	28.0	39.0
10-14	34.41126638500073	38.8	34.2	39.4	21.6	39.4
15-19	35.59240890915675	39.4	35.4	41.0	27.0	41.0
20-24	35.56144609075425	40.0	35.0	41.0	26.8	41.0
25-29	35.20430803582501	39.2	34.6	41.0	24.8	41.0
30-34	34.78684738302494	39.0	34.0	41.0	23.6	41.0
35-39	34.44203147892714	39.0	33.2	41.0	22.2	41.0
40-44	34.14623283224263	38.6	33.0	40.8	20.4	41.0
45-49	33.69317383675651	38.0	33.0	40.0	17.8	41.0
50-54	33.01845061746588	37.2	32.2	40.0	12.8	41.0
55-59	32.33285074282365	36.0	31.4	39.8	7.8	41.0
60-64	31.510608635972496	35.0	31.0	38.8	2.8	40.6
65-69	30.767588914006488	35.0	30.0	37.4	2.0	40.0
70-74	29.955256666854392	34.8	29.8	36.2	2.0	39.0
75-79	28.9187622319405	33.8	28.6	35.0	2.0	37.2
80-84	28.802435489325767	34.0	29.0	35.0	2.0	36.2
85-89	28.291798431918846	34.0	29.0	35.0	2.0	35.4
90-94	27.831646070853413	34.0	28.2	35.0	2.0	35.0
95-99	27.2317069697586	34.0	27.0	35.0	2.0	35.0
100	26.13143352287765	33.0	24.0	35.0	2.0	35.0
>>END_MODULE
>>Per sequence quality scores	pass
#Quality	Count
2	198521.0
3	64423.0
4	34316.0
5	25188.0
6	25586.0
7	26343.0
8	27073.0
9	29558.0
10	31745.0
11	33483.0
12	34924.0
13	35581.0
14	36460.0
15	37234.0
16	36332.0
17	36454.0
18	35181.0
19	34378.0
20	34076.0
21	34823.0
22	38222.0
23	44361.0
24	53843.0
25	66979.0
26	86035.0
27	113286.0
28	141200.0
29	151365.0
30	180669.0
31	208320.0
32	241933.0
33	315411.0
34	431372.0
35	627400.0
36	961101.0
37	1279314.0
38	903987.0
39	157339.0
40	166.0
>>END_MODULE
>>Per base sequence content	fail
#Base	G	A	T	C
1	33.27522473724528	16.132921333900942	7.573692961572584	43.01816096728119
2	22.901931282504417	18.75791180334547	39.20247855022204	19.13767836392807
3	23.613684726562948	23.73214306173039	23.291911608193253	29.362260603513405
4	25.628238588619194	30.02208948525035	19.680828168201092	24.668843757929356
5	27.72372946082481	30.843292373547293	21.836575575686442	19.59640258994145
6	21.238678453463173	35.18183076334799	22.940855041850128	20.638635741338714
7	20.319485992240672	18.758790469361625	37.999069160716594	22.922654377681106
8	20.63775457335183	20.902314413322827	30.584749198672807	27.87518181465253
9	22.061024104992878	20.373559305509765	31.36849685273264	26.196919736764716
10-14	24.12881371372891	26.79302488224831	25.133648528140384	23.94451287588239
15-19	24.544012672140642	25.329349395249807	25.649240858290494	24.477397074319065
20-24	24.377807307837603	25.71982536613201	25.577142683033323	24.325224642997064
25-29	24.392360986975756	25.625507207937897	25.613223462345154	24.368908342741193
30-34	24.31522310708847	25.717946970961485	25.4307570898816	24.536072832068445
35-39	24.510923163617772	25.755290051697237	25.354266896183063	24.379519888501925
40-44	24.608730078949247	25.6882154523642	25.234710581505954	24.468343887180605
45-49	24.57201632566528	25.66841138103475	25.22532837507493	24.534243918225044
50-54	24.64679203406813	25.71317802942262	25.12869582048087	24.511334116028372
55-59	24.894042460754857	25.37921476679828	25.077686632051343	24.64905614039552
60-64	24.805789160810214	25.340033298080854	25.04221353067717	24.811964010431762
65-69	24.69589936726945	25.4940260142271	25.068183579633846	24.7418910388696
70-74	24.91101893334075	25.47469189691955	24.905871394939428	24.708417774800274
75-79	24.848745888715843	25.337807414333106	24.994489106464858	24.81895759048619
80-84	24.857352468230165	25.282694309450836	25.007827066092304	24.852126156226692
85-89	24.903956291967734	25.43799528863274	24.759601474602448	24.89844694479707
90-94	24.8412021526065	25.390101926480966	24.899285348766934	24.8694105721456
95-99	24.714343045188215	25.3938547526797	24.998702653795355	24.893099548336725
100	24.92006131259383	25.040713570256155	24.642581549719004	25.39664356743101
>>END_MODULE
>>Per base GC content	fail
#Base	%GC
1	76.29338570452647
2	42.03960964643249
3	52.97594533007636
4	50.29708234654855
5	47.32013205076626
6	41.87731419480188
7	43.24214036992178
8	48.51293638800436
9	48.257943841757594
10-14	48.0733265896113
15-19	49.0214097464597
20-24	48.70303195083467
25-29	48.76126932971695
30-34	48.85129593915692
35-39	48.8904430521197
40-44	49.07707396612985
45-49	49.10626024389032
50-54	49.15812615009651
55-59	49.543098601150376
60-64	49.61775317124197
65-69	49.43779040613905
70-74	49.61943670814102
75-79	49.66770347920203
80-84	49.70947862445686
85-89	49.80240323676481
90-94	49.7106127247521
95-99	49.607442593524944
100	50.316704880024844
>>END_MODULE
>>Per sequence GC content	warn
#GC Content	Count
0	2425.0
1	1822.5
2	1042.0
3	894.5
4	874.0
5	800.5
6	775.5
7	795.5
8	796.5
9	800.0
10	836.5
11	902.0
12	963.5
13	1029.0
14	1091.0
15	1168.5
16	1386.0
17	1696.5
18	2107.0
19	2800.5
20	3892.5
21	5513.5
22	7907.5
23	11190.0
24	15298.0
25	20087.0
26	25768.0
27	32751.5
28	40376.0
29	48210.5
30	57478.5
31	68609.5
32	79197.5
33	89092.0
34	98222.5
35	105460.0
36	112781.5
37	120302.0
38	127610.5
39	134682.5
40	141210.5
41	149370.0
42	160956.5
43	175054.0
44	190350.5
45	201885.5
46	214721.5
47	224779.5
48	232539.0
49	243239.5
50	251192.5
51	262242.5
52	273520.5
53	274369.0
54	268919.5
55	268890.0
56	255764.0
57	231555.0
58	216297.5
59	198079.5
60	176285.5
61	156172.5
62	135362.0
63	115220.5
64	100071.0
65	85167.0
66	70356.5
67	62061.5
68	54141.5
69	44117.5
70	34186.0
71	25345.5
72	18617.5
73	15267.0
74	15102.0
75	15926.5
76	14553.5
77	10786.5
78	7334.5
79	5255.0
80	5433.0
81	6725.5
82	6423.5
83	4495.5
84	2600.5
85	1449.0
86	810.5
87	528.0
88	359.0
89	214.5
90	141.5
91	101.0
92	66.5
93	47.5
94	35.5
95	26.5
96	16.5
97	9.0
98	4.0
99	2.0
100	1.5
>>END_MODULE
>>Per base N content	pass
#Base	N-Count
1	0.027268819789722235
2	0.0043478375052633635
3	3.216028288373095
4	0.007222079077534782
5	0.016968238317521114
6	2.168462070661989
7	0.030653713417980965
8	0.03244829064330779
9	0.03158747717750061
10-14	0.960629893688078
15-19	0.022363642040495586
20-24	0.01682525574184467
25-29	0.014931466117068882
30-34	0.038319330281287575
35-39	0.03949237100418414
40-44	0.027481834647362657
45-49	0.019854151936786527
50-54	0.015739755371403076
55-59	0.00427780522329939
60-64	0.005453763957944447
65-69	0.001931723777506273
70-74	0.003218566958594289
75-79	0.00414357668286844
80-84	0.0029267657837443984
85-89	0.002559096303433537
90-94	0.010344351648428606
95-99	0.02235196999350159
100	0.01794577225326825
>>END_MODULE
>>Sequence Length Distribution	pass
#Length	Count
100	6853982.0
>>END_MODULE
>>Sequence Duplication Levels	warn
#Total Duplicate Percentage	37.011315623330574
#Duplication Level	Relative count
1	100.0
2	15.147543281699026
3	5.530244620452793
4	3.106469475012266
5	2.097848181117264
6	1.596691666082568
7	1.2280086913857153
8	0.9441368192331955
9	0.816569706315273
10++	9.71612812784748
>>END_MODULE
>>Overrepresented sequences	pass
>>END_MODULE
>>Kmer Content	warn
#Sequence	Count	Obs/Exp Overall	Obs/Exp Max	Max Obs/Exp Position
TTTTT	3803050	5.658517	9.6536	2
AAAAA	3261010	4.68408	7.179121	2
CTCCT	1383180	2.1918902	7.3426924	1
GAAGA	1411400	2.1668005	5.1865625	2
CTCCA	1368340	2.1531508	6.891735	1
CTGGA	1313015	2.0877624	6.583186	1
CTCTG	1299240	2.0696406	5.4317875	1
GAAAA	1359155	2.0183175	5.2818427	2
CTTTT	1274270	1.9362222	6.4583125	1
CTTCA	1249470	1.9252319	5.2609005	1
CTGCA	1206965	1.9091524	5.3319454	1
CTGAA	1210085	1.8611395	5.514841	1
GTTTT	1203515	1.8382761	7.780401	1
CTTTG	1109735	1.7310185	5.187153	1
CTCAG	1033535	1.6348244	5.6693907	1
GGAAA	1052500	1.6158124	6.104444	1
CTGGG	927305	1.5243416	5.4015203	1
>>END_MODULE
