##FastQC	0.10.1
>>Basic Statistics	pass
#Measure	Value	
Filename	F_catanatus_NA_BW_2_R1.fastq.gz	
File type	Conventional base calls	
Encoding	Sanger / Illumina 1.9	
Total Sequences	15643177	
Filtered Sequences	0	
Sequence length	100	
%GC	50	
>>END_MODULE
>>Per base sequence quality	pass
#Base	Mean	Median	Lower Quartile	Upper Quartile	10th Percentile	90th Percentile
1	30.420374774254615	31.0	30.0	34.0	26.0	34.0
2	30.68375707824568	31.0	30.0	34.0	27.0	34.0
3	29.26562884252988	31.0	30.0	34.0	16.0	34.0
4	33.010798381939935	37.0	33.0	37.0	19.0	37.0
5	33.73614656408989	37.0	35.0	37.0	28.0	37.0
6	31.1270714382379	37.0	32.0	37.0	10.0	37.0
7	31.97199392425209	37.0	32.0	37.0	17.0	37.0
8	33.134293948089955	37.0	33.0	37.0	27.0	37.0
9	34.87751190183426	38.0	35.0	39.0	28.0	39.0
10-14	34.520748438760236	39.0	34.4	39.4	22.0	39.4
15-19	35.71712077412408	39.8	35.4	41.0	27.0	41.0
20-24	35.686421767138484	40.0	35.4	41.0	27.0	41.0
25-29	35.32799360385681	39.4	34.8	41.0	25.4	41.0
30-34	34.917689648336776	39.0	34.0	41.0	24.2	41.0
35-39	34.60472113816778	39.0	34.0	41.0	23.0	41.0
40-44	34.335193445679224	38.8	33.0	41.0	21.8	41.0
45-49	33.89156813862043	38.0	33.0	40.2	19.8	41.0
50-54	33.20235172177621	37.4	32.4	40.0	15.2	41.0
55-59	32.500968326318876	36.2	31.8	39.8	10.4	41.0
60-64	31.66927080093769	35.0	31.0	38.8	5.6	40.6
65-69	30.929289529869795	35.0	30.6	37.2	2.0	39.8
70-74	30.13903143843479	34.8	30.0	35.8	2.0	38.8
75-79	29.12272591430756	33.8	29.0	35.0	2.0	36.8
80-84	29.041492351585617	34.0	29.0	35.0	2.0	36.0
85-89	28.579111097445228	34.0	29.0	35.0	2.0	35.2
90-94	28.166718793759095	34.0	29.0	35.0	2.0	35.0
95-99	27.605941401800926	34.0	27.8	35.0	2.0	35.0
100	26.524016636773975	33.0	25.0	35.0	2.0	35.0
>>END_MODULE
>>Per sequence quality scores	pass
#Quality	Count
2	425415.0
3	144583.0
4	77505.0
5	57204.0
6	56370.0
7	59059.0
8	60570.0
9	65975.0
10	70733.0
11	74610.0
12	76352.0
13	78249.0
14	79650.0
15	80158.0
16	79982.0
17	77875.0
18	75421.0
19	73994.0
20	72648.0
21	74578.0
22	81714.0
23	95413.0
24	116032.0
25	145131.0
26	188228.0
27	251517.0
28	317301.0
29	332134.0
30	401140.0
31	466924.0
32	546343.0
33	714819.0
34	991696.0
35	1439277.0
36	2263792.0
37	3035442.0
38	2070668.0
39	324293.0
40	382.0
>>END_MODULE
>>Per base sequence content	fail
#Base	G	A	T	C
1	40.62135701072674	14.640651749424554	6.685365493234731	38.05262574661398
2	25.59899023761687	18.885948607165663	32.030580549441865	23.4844806057756
3	25.653611936959287	22.072566463304057	20.589001626191273	31.684819973545387
4	29.425503690373066	26.18837684318871	19.00995713477453	25.376162331663686
5	29.752371584753956	26.879853068551363	22.122790134913284	21.244985211781394
6	24.335885652341556	32.45299647012476	22.896017524336887	20.315100353196794
7	22.595664724470936	20.817116218538647	34.37584767769722	22.21137137929319
8	22.268444245726833	22.06879017125411	29.710965204864443	25.951800378154616
9	22.190238585566565	20.571318767083564	32.1365207835554	25.10192186379447
10-14	25.126683084205563	25.795356721443703	25.033194739377194	24.044765454973536
15-19	25.26223393811974	24.657881047910408	25.293211704168318	24.786673309801536
20-24	25.12071526164581	25.11954777542854	25.198324323528055	24.5614126393976
25-29	25.035077323813642	24.985564294007375	25.190953666015897	24.788404716163082
30-34	24.961938854706457	25.204086960082922	25.059706954825206	24.774267230385416
35-39	24.933206064032827	25.10975173750695	25.067581172709545	24.889461025750673
40-44	25.089949310714733	25.14643699187304	24.901240554906742	24.86237314250549
45-49	25.0631582149682	25.001350063230788	24.885141684260752	25.050350037540266
50-54	24.98565310105604	25.261132485809966	24.881097425657593	24.8721169874764
55-59	25.13390426217157	24.983592515816756	24.8163065620616	25.066196659950073
60-64	25.092623122317498	25.025093473380128	24.80620259109483	25.07608081320754
65-69	25.01687829123483	25.064580519885247	24.881158994110738	25.037382194769187
70-74	25.183833280731516	25.059929951896347	24.721769205901367	25.03446756147077
75-79	25.09442792307129	24.900975005008448	24.80808998738557	25.196507084534687
80-84	25.08587947566514	25.051388067883057	24.736526276822	25.1262061796298
85-89	25.184241324801533	24.994415631633775	24.69329508469848	25.12804795886622
90-94	25.078764576997642	24.983206654792102	24.66020031719747	25.27782845101278
95-99	24.995188511497968	25.070980485063004	24.768384214818916	25.165446788620116
100	25.381480881664025	24.791169575055523	24.227519716204554	25.599829827075897
>>END_MODULE
>>Per base GC content	fail
#Base	%GC
1	78.67398275734071
2	49.083470843392476
3	57.338431910504674
4	54.801666022036756
5	50.99735679653536
6	44.65098600553835
7	44.807036103764126
8	48.22024462388145
9	47.292160449361035
10-14	49.1714485391791
15-19	50.04890724792127
20-24	49.68212790104341
25-29	49.823482039976724
30-34	49.73620608509187
35-39	49.8226670897835
40-44	49.95232245322022
45-49	50.11350825250847
50-54	49.85777008853244
55-59	50.20010092212165
60-64	50.16870393552504
65-69	50.05426048600401
70-74	50.21830084220229
75-79	50.290935007605974
80-84	50.212085655294935
85-89	50.312289283667745
90-94	50.35659302801042
95-99	50.16063530011808
100	50.981310708739926
>>END_MODULE
>>Per sequence GC content	warn
#GC Content	Count
0	1078.0
1	1113.5
2	1049.5
3	970.5
4	876.0
5	739.5
6	693.5
7	699.0
8	783.0
9	878.0
10	978.0
11	1069.5
12	1190.0
13	1418.5
14	1634.0
15	1889.5
16	2306.5
17	2936.0
18	3849.5
19	5070.5
20	6840.0
21	9445.5
22	13238.5
23	18319.5
24	24709.5
25	32854.0
26	42855.5
27	55076.0
28	69761.0
29	85749.0
30	104092.5
31	125860.0
32	147761.0
33	167558.5
34	187462.0
35	205363.0
36	221998.0
37	241384.5
38	261134.0
39	282741.5
40	303360.5
41	323222.0
42	346840.5
43	372766.0
44	400654.5
45	428661.5
46	459767.5
47	489358.5
48	516908.5
49	545698.0
50	572185.5
51	601479.5
52	630641.0
53	650890.5
54	658868.0
55	657249.5
56	641934.5
57	617252.0
58	583707.5
59	533406.5
60	476505.0
61	416978.0
62	362676.0
63	314620.0
64	265834.5
65	222874.0
66	187122.5
67	156136.0
68	129541.5
69	101907.0
70	76497.5
71	57409.0
72	43450.5
73	34478.0
74	28563.5
75	23815.5
76	18020.0
77	13031.0
78	9251.0
79	6555.0
80	5528.5
81	5202.0
82	4603.5
83	3878.5
84	2917.0
85	1797.0
86	1169.0
87	811.0
88	553.0
89	431.0
90	353.0
91	280.5
92	212.5
93	167.0
94	115.0
95	66.5
96	41.0
97	23.0
98	11.5
99	7.5
100	3.5
>>END_MODULE
>>Per base N content	pass
#Base	N-Count
1	0.02816563412917977
2	0.00437890589616163
3	3.3091104191942597
4	0.007204418897772492
5	0.01717042516363524
6	2.2500864114751113
7	0.031087035581071544
8	0.03278745743271971
9	0.03178382498644617
10-14	0.9583015010314081
15-19	0.022839350344242733
20-24	0.01748621779322704
25-29	0.01563365293379983
30-34	0.038164881724473236
35-39	0.03965690601084421
40-44	0.02792910928515352
45-49	0.02025675475001018
50-54	0.016076018317762435
55-59	0.003965946303618504
60-64	0.005514225147487624
65-69	0.0019305541323223537
70-74	0.003183496549326265
75-79	0.003907134720779545
80-84	0.002816563412917977
85-89	0.002590266670255026
90-94	0.010000526107963875
95-99	0.022541456892036703
100	0.016722945728990985
>>END_MODULE
>>Sequence Length Distribution	pass
#Length	Count
100	1.5643177E7
>>END_MODULE
>>Sequence Duplication Levels	warn
#Total Duplicate Percentage	47.160636242567485
#Duplication Level	Relative count
1	100.0
2	27.74558266256068
3	10.78442683327269
4	5.733885925755008
5	3.63060320728428
6	2.7032063968193394
7	2.1290190892874574
8	1.7110249287812498
9	1.486497279931843
10++	21.567966205482733
>>END_MODULE
>>Overrepresented sequences	pass
>>END_MODULE
>>Kmer Content	warn
#Sequence	Count	Obs/Exp Overall	Obs/Exp Max	Max Obs/Exp Position
TTTTT	6836940	4.818263	6.330921	2
AAAAA	6393030	4.504517	6.221235	2
CTGGA	3341950	2.2674093	5.3587046	1
GTTTT	2588440	1.7959982	6.071141	1
GGAAA	2332830	1.5934471	5.2213726	1
>>END_MODULE
