##FastQC	0.10.1
>>Basic Statistics	pass
#Measure	Value	
Filename	F_diaphanus_NA_FW_3_R1.fastq.gz	
File type	Conventional base calls	
Encoding	Sanger / Illumina 1.9	
Total Sequences	13622481	
Filtered Sequences	0	
Sequence length	100	
%GC	49	
>>END_MODULE
>>Per base sequence quality	pass
#Base	Mean	Median	Lower Quartile	Upper Quartile	10th Percentile	90th Percentile
1	30.832497252152525	33.0	31.0	34.0	26.0	34.0
2	31.139439944896967	34.0	31.0	34.0	27.0	34.0
3	30.877360372167153	34.0	31.0	34.0	27.0	34.0
4	34.37207444077184	37.0	35.0	37.0	30.0	37.0
5	32.8586617958946	37.0	35.0	37.0	22.0	37.0
6	33.25487691999717	37.0	35.0	37.0	19.0	37.0
7	33.867804036577475	37.0	35.0	37.0	29.0	37.0
8	33.98385646491267	37.0	35.0	37.0	30.0	37.0
9	35.56902549542921	39.0	37.0	39.0	30.0	39.0
10-14	35.686954982723044	39.2	36.2	39.4	30.0	39.4
15-19	36.5032498412	40.0	37.0	41.0	29.0	41.0
20-24	36.32471340572984	40.0	37.0	41.0	28.2	41.0
25-29	36.03096943941416	40.0	36.0	41.0	27.0	41.0
30-34	35.66272554903912	40.0	35.8	41.0	26.0	41.0
35-39	35.34516850491478	39.6	35.0	41.0	25.0	41.0
40-44	35.139558836602525	39.2	35.0	41.0	24.4	41.0
45-49	34.68309945890179	39.0	34.6	41.0	23.2	41.0
50-54	34.065665835760754	38.0	33.8	40.2	21.4	41.0
55-59	33.33055266511291	36.8	33.0	40.0	18.8	41.0
60-64	32.52791148690169	35.6	32.4	39.2	14.2	41.0
65-69	31.778343636522596	35.0	32.0	37.8	9.6	40.2
70-74	30.99873285930808	35.0	31.2	36.4	4.8	39.2
75-79	29.97345787452374	34.4	30.4	35.2	2.0	37.4
80-84	29.915750633089523	35.0	31.0	35.0	2.0	36.4
85-89	29.463439868258945	34.4	30.6	35.0	2.0	35.6
90-94	29.024229668589737	34.0	30.0	35.0	2.0	35.0
95-99	28.534757714105087	34.0	30.0	35.0	2.0	35.0
100	27.443698178033795	34.0	27.0	35.0	2.0	35.0
>>END_MODULE
>>Per sequence quality scores	pass
#Quality	Count
2	342950.0
3	116925.0
4	59490.0
5	45547.0
6	42609.0
7	42898.0
8	44391.0
9	47248.0
10	50420.0
11	52935.0
12	54971.0
13	56157.0
14	56538.0
15	56918.0
16	56662.0
17	55907.0
18	54739.0
19	53683.0
20	53428.0
21	55431.0
22	61609.0
23	72040.0
24	86593.0
25	106145.0
26	130421.0
27	158620.0
28	193513.0
29	226649.0
30	273873.0
31	335625.0
32	418320.0
33	545756.0
34	756921.0
35	1134335.0
36	1957225.0
37	3015954.0
38	2341824.0
39	406794.0
40	417.0
>>END_MODULE
>>Per base sequence content	fail
#Base	G	A	T	C
1	35.89212535249074	14.07969594608485	9.105193339077736	40.92298536234667
2	25.61907027820329	19.859807852806906	34.10921365560134	20.411908213388465
3	25.561686006130905	24.782464521394783	22.489500470605904	27.1663490018684
4	26.97793574492134	31.697084249355317	18.82865473866926	22.496325267054086
5	28.372000121183387	32.2665160704246	20.69380687417343	18.66767693421858
6	21.852605250229303	34.77941678642845	22.55727452778853	20.81070343555372
7	20.930964253685342	18.26699450566843	37.347001141962565	23.455040098683664
8	22.05181150936639	21.06276802614945	28.917048761993513	27.96837170249064
9	22.7240245504747	19.861376627401672	30.741706650176297	26.672892171947332
10-14	24.689126391581073	26.256927076167702	24.81012520259868	24.243821329652544
15-19	24.86320634401819	25.02990236329857	25.445632007985473	24.661259284697756
20-24	24.723374074556737	25.628653498351838	25.22561311924197	24.422359307849458
25-29	24.76096027815403	25.654175890042453	25.075666375821477	24.509197455982036
30-34	24.518701484782397	25.688529548787216	25.224678635386606	24.568090331043788
35-39	24.585932669965437	25.670646844654666	25.18242029545591	24.56100018992398
40-44	24.720911556119006	25.580001114178586	25.117615532101862	24.581471797600546
45-49	24.71970745173179	25.528924945620084	25.098711396281203	24.652656206366924
50-54	24.71256608197171	25.58728040349974	25.083976178266624	24.616177336261924
55-59	24.813806419637572	25.379990419468196	25.04360733538794	24.762595825506292
60-64	24.75371042079802	25.361519145063045	25.043795809485864	24.84097462465307
65-69	24.714057916777207	25.49962436796993	25.069878422072396	24.71643929318047
70-74	24.875017135798345	25.41494986289673	24.944607159996874	24.76542584130805
75-79	24.794729837840407	25.277798084091806	25.036526772549976	24.890945305517807
80-84	24.781354433351545	25.35615090187543	25.015982556101925	24.846512108671103
85-89	24.862243343995118	25.325468998228107	24.91426000829677	24.898027649480007
90-94	24.734176668017106	25.268409002090504	24.966782728651644	25.030631601240742
95-99	24.76305671706419	25.395835960888846	24.9473552779134	24.893752044133564
100	25.073899653864927	25.066565848251155	24.574826473643448	25.284708024240466
>>END_MODULE
>>Per base GC content	fail
#Base	%GC
1	76.81511071483742
2	46.03097849159175
3	52.72803500799931
4	49.47426101197542
5	47.03967705540197
6	42.66330868578302
7	44.38600435236901
8	50.02018321185704
9	49.39691672242203
10-14	48.93294772123362
15-19	49.52446562871595
20-24	49.14573338240619
25-29	49.27015773413606
30-34	49.08679181582618
35-39	49.14693285988942
40-44	49.302383353719556
45-49	49.37236365809871
50-54	49.328743418233636
55-59	49.57640224514386
60-64	49.594685045451094
65-69	49.43049720995767
70-74	49.640442977106396
75-79	49.68567514335822
80-84	49.627866542022645
85-89	49.760270993475125
90-94	49.764808269257855
95-99	49.65680876119776
100	50.35860767810539
>>END_MODULE
>>Per sequence GC content	warn
#GC Content	Count
0	768.0
1	613.5
2	417.5
3	424.5
4	483.0
5	502.5
6	505.0
7	560.0
8	646.0
9	690.0
10	763.0
11	869.0
12	977.0
13	1137.0
14	1353.0
15	1562.0
16	1912.0
17	2469.5
18	3246.0
19	4503.0
20	6428.5
21	9184.5
22	12999.5
23	17853.0
24	24479.5
25	33541.0
26	44786.0
27	58240.5
28	71922.5
29	84886.5
30	102381.0
31	122455.5
32	140290.5
33	160837.5
34	180210.0
35	196281.5
36	212095.5
37	226787.0
38	239380.5
39	255646.5
40	274409.5
41	290920.5
42	309483.5
43	333564.5
44	364257.5
45	391147.5
46	416355.0
47	442870.5
48	468919.5
49	493778.5
50	515873.0
51	540297.5
52	559957.0
53	568188.5
54	566257.5
55	557719.5
56	543187.5
57	521257.0
58	487156.0
59	438677.5
60	386313.0
61	334941.0
62	289937.5
63	250366.0
64	209530.0
65	171771.5
66	141670.5
67	116869.5
68	95789.5
69	76391.5
70	57434.5
71	41814.0
72	30544.5
73	24424.0
74	20680.5
75	16570.5
76	11918.5
77	8306.0
78	5989.5
79	4237.5
80	3657.5
81	3331.0
82	2862.5
83	2490.0
84	1867.0
85	1184.5
86	705.5
87	471.5
88	404.5
89	341.0
90	240.0
91	146.5
92	113.0
93	82.5
94	45.5
95	22.5
96	11.5
97	9.5
98	7.5
99	3.5
100	2.0
>>END_MODULE
>>Per base N content	pass
#Base	N-Count
1	0.01662692720951492
2	0.0023490581488056395
3	0.004991748566211984
4	0.007950093672364086
5	3.5629853328479593
6	0.03795931152335614
7	0.04733352169843364
8	0.05289051238170199
9	0.047355544118578695
10-14	0.052417764429254846
15-19	0.030533351450444304
20-24	0.026043714063539527
25-29	0.026074545451742603
30-34	0.050330038999503834
35-39	0.04776662929461968
40-44	0.03871835093768895
45-49	0.028937460070599472
50-54	0.014763830465243445
55-59	0.005066624794705164
60-64	0.004623240069118099
65-69	7.854663185068858E-4
70-74	0.0030361576573312895
75-79	0.0040726795654917785
80-84	0.005542309069838307
85-89	0.0022609684682254284
90-94	0.009203903459289097
95-99	0.017670789924390425
100	0.004632049037176121
>>END_MODULE
>>Sequence Length Distribution	pass
#Length	Count
100	1.3622481E7
>>END_MODULE
>>Sequence Duplication Levels	warn
#Total Duplicate Percentage	46.44593547905449
#Duplication Level	Relative count
1	100.0
2	23.74015473618178
3	9.789503031992751
4	5.725935735693874
5	3.796961037150624
6	2.7688715410887292
7	2.2522130062033874
8	1.870600125461769
9	1.6344880462814526
10++	22.673729699588765
>>END_MODULE
>>Overrepresented sequences	pass
>>END_MODULE
>>Kmer Content	warn
#Sequence	Count	Obs/Exp Overall	Obs/Exp Max	Max Obs/Exp Position
TTTTT	5779915	4.4848704	7.671439	2
AAAAA	6079140	4.440643	8.49487	2
CTCCT	3190460	2.56469	5.3477745	1
CTCCA	3024210	2.401865	5.612618	1
TCCAG	2970710	2.3540256	5.4690795	7
CTGGA	2945255	2.3285637	7.051354	1
GAAGA	2983905	2.2758446	6.063323	2
AAGAA	2981255	2.2252553	5.188145	2
CTTCA	2787175	2.187677	5.123425	1
GGAGA	2629655	2.049431	5.1072984	1
GAAAA	2614620	1.951593	6.447361	2
CTGAA	2452205	1.8973395	5.1911197	1
CTTTT	2371700	1.8621126	5.3464603	1
AAAAG	2441900	1.8226721	5.013203	3
GTTTT	2324990	1.8213001	7.915897	1
AAAAC	2414150	1.8060536	5.0550714	3
CTTTG	2219045	1.7589127	5.0333486	1
AAAAT	2359635	1.7445903	5.290438	3
CTCAG	2185190	1.7315704	5.2916756	1
GGAAG	2167030	1.6888826	5.601691	1
GGAAA	2081525	1.5875931	7.271118	1
GTTTG	1786520	1.412864	5.0034733	1
>>END_MODULE
