##FastQC	0.10.1
>>Basic Statistics	pass
#Measure	Value	
Filename	F_chrysotus_NA_BW_3_R1.fastq.gz	
File type	Conventional base calls	
Encoding	Sanger / Illumina 1.9	
Total Sequences	15377627	
Filtered Sequences	0	
Sequence length	100	
%GC	49	
>>END_MODULE
>>Per base sequence quality	pass
#Base	Mean	Median	Lower Quartile	Upper Quartile	10th Percentile	90th Percentile
1	30.985055366474946	33.0	31.0	34.0	27.0	34.0
2	31.27399097403	34.0	31.0	34.0	28.0	34.0
3	31.02663739990572	34.0	31.0	34.0	27.0	34.0
4	34.539194311319946	37.0	35.0	37.0	31.0	37.0
5	33.022726978616404	37.0	35.0	37.0	25.0	37.0
6	33.405372493428274	37.0	35.0	37.0	22.0	37.0
7	34.02000757334015	37.0	35.0	37.0	30.0	37.0
8	34.14658497048992	37.0	35.0	37.0	30.0	37.0
9	35.759012557659254	39.0	37.0	39.0	30.0	39.0
10-14	35.892514872418225	39.2	37.0	39.4	30.0	39.4
15-19	36.72742086929277	40.0	37.0	41.0	30.0	41.0
20-24	36.545088133559226	40.0	37.0	41.0	29.4	41.0
25-29	36.25594426240148	40.0	36.4	41.0	28.2	41.0
30-34	35.89353653850493	40.0	36.0	41.0	27.0	41.0
35-39	35.581961898282486	40.0	35.2	41.0	26.0	41.0
40-44	35.384561154981846	39.6	35.0	41.0	25.6	41.0
45-49	34.93059960421722	39.0	34.8	41.0	24.2	41.0
50-54	34.31522702429966	38.2	34.0	40.4	22.8	41.0
55-59	33.580596199920834	36.8	33.2	40.0	21.0	41.0
60-64	32.77627425870064	35.6	33.0	39.2	18.8	41.0
65-69	32.032209677084765	35.0	32.0	37.8	16.6	40.2
70-74	31.267732934346764	35.0	31.8	36.4	10.6	39.2
75-79	30.252087789617995	34.6	30.4	35.2	6.6	37.4
80-84	30.204307699751077	35.0	31.0	35.0	2.0	36.2
85-89	29.773512909371515	35.0	31.0	35.0	2.0	35.6
90-94	29.357385661649875	34.0	30.8	35.0	2.0	35.0
95-99	28.898779818238534	34.0	30.0	35.0	2.0	35.0
100	27.821657919001417	34.0	28.0	35.0	2.0	35.0
>>END_MODULE
>>Per sequence quality scores	pass
#Quality	Count
2	338235.0
3	122316.0
4	63602.0
5	49123.0
6	46059.0
7	46952.0
8	47969.0
9	51592.0
10	56031.0
11	58873.0
12	59121.0
13	60927.0
14	61086.0
15	61077.0
16	60567.0
17	59727.0
18	57748.0
19	57249.0
20	56907.0
21	59289.0
22	65749.0
23	77187.0
24	93011.0
25	114458.0
26	140628.0
27	172997.0
28	209766.0
29	249120.0
30	301670.0
31	370744.0
32	464677.0
33	608482.0
34	855041.0
35	1284620.0
36	2237856.0
37	3489321.0
38	2703879.0
39	463290.0
40	681.0
>>END_MODULE
>>Per base sequence content	fail
#Base	G	A	T	C
1	40.8410126034947	14.322564598942877	6.932065174619846	37.90435762294258
2	25.72417004735489	18.8846307344212	32.91822559406262	22.472973624161288
3	25.698015788292484	22.30323440379839	21.17607151587807	30.822678292031057
4	29.14617254718639	27.023518306866084	19.28474368644547	24.545565459502058
5	29.647382351531622	28.144103200785725	21.83832769344704	20.37018675423561
6	24.848848882190506	31.220118066267545	23.337913443528777	20.593119608013176
7	22.3194963047379	20.714404544359443	34.91447380876894	22.05162534213372
8	21.994893064385842	21.90354209480656	30.016484165343954	26.085080675463644
9	22.113307613078696	20.563241436523434	32.30421736228442	25.019233588113448
10-14	24.922537706254133	26.12736054230099	25.154610326957698	23.795491424487174
15-19	25.036920170403732	24.8671940036905	25.519026112301407	24.576859713604364
20-24	24.87484562186919	25.388744470386854	25.412251225219183	24.324158682524775
25-29	24.905947447550897	25.20806798551859	25.34509829777057	24.54088626915994
30-34	24.728053040081864	25.41029701908164	25.319354924802372	24.542295016034128
35-39	24.744923183691572	25.329018263769793	25.287130536904996	24.638928015633642
40-44	24.815034441898437	25.41807472608547	25.136317118192885	24.630573713823203
45-49	24.833579600675346	25.246378792858792	25.171526756217293	24.748514850248572
50-54	24.699660283463157	25.496480417422003	25.177545278302798	24.626314020812046
55-59	24.88432525998048	25.251227067320126	25.077116168182567	24.78733150451683
60-64	24.80840920909394	25.304473653340597	25.11052965935283	24.77658747821263
65-69	24.767962902677667	25.342723504174735	25.121640724648444	24.767672868499155
70-74	24.91123073780756	25.34860901839829	24.99509532625562	24.74506491753853
75-79	24.76331406507755	25.21815436372199	25.10786628259179	24.910665288608673
80-84	24.79782243450444	25.347688287651433	25.01891647842318	24.835572799420945
85-89	24.85926389216139	25.2967935105134	24.98709395512229	24.85684864220292
90-94	24.80607081402366	25.277337140976393	24.961616081839352	24.954975963160596
95-99	24.725165263251046	25.37177654204606	25.069479827705095	24.833578366997802
100	25.174936821144335	25.03219747960913	24.54104772198442	25.251817977262114
>>END_MODULE
>>Per base GC content	fail
#Base	%GC
1	78.74537022643727
2	48.19714367151617
3	56.520694080323544
4	53.69173800668845
5	50.01756910576724
6	45.441968490203685
7	44.371121646871615
8	48.079973739849486
9	47.13254120119215
10-14	48.71802913074131
15-19	49.61377988400809
20-24	49.19900430439396
25-29	49.44683371671084
30-34	49.270348056115985
35-39	49.38385119932522
40-44	49.44560815572164
45-49	49.58209445092391
50-54	49.3259743042752
55-59	49.67165676449731
60-64	49.58499668730657
65-69	49.535635771176814
70-74	49.65629565534609
75-79	49.67397935368622
80-84	49.633395233925384
85-89	49.716112534364306
90-94	49.761046777184255
95-99	49.558743630248856
100	50.42675479840645
>>END_MODULE
>>Per sequence GC content	warn
#GC Content	Count
0	883.0
1	860.5
2	807.0
3	799.5
4	724.0
5	610.5
6	626.5
7	675.5
8	718.0
9	787.0
10	916.5
11	1050.5
12	1154.0
13	1345.0
14	1522.5
15	1706.5
16	2103.5
17	2705.5
18	3580.5
19	5007.5
20	7203.0
21	10131.0
22	14254.5
23	19516.5
24	25948.0
25	34860.0
26	47197.0
27	59137.0
28	71631.5
29	88426.5
30	106986.0
31	128328.5
32	153362.0
33	174289.5
34	192846.5
35	213167.0
36	232355.5
37	251952.5
38	273414.0
39	293051.0
40	309550.5
41	331428.5
42	356192.5
43	378689.0
44	405426.5
45	435254.0
46	465003.5
47	493456.5
48	524651.5
49	554194.0
50	578165.5
51	603070.5
52	626639.5
53	640158.0
54	644124.0
55	637815.5
56	620990.0
57	593073.5
58	551615.0
59	503841.0
60	450475.5
61	396770.5
62	342768.0
63	290014.5
64	245277.0
65	206191.5
66	169672.0
67	138776.5
68	112118.5
69	86774.0
70	66305.5
71	49459.5
72	35027.0
73	25621.0
74	20472.0
75	16245.0
76	11948.0
77	8612.0
78	6299.5
79	4474.5
80	3745.0
81	3287.5
82	2185.5
83	1490.0
84	1263.0
85	1018.0
86	623.5
87	347.0
88	232.5
89	169.5
90	134.5
91	95.5
92	65.0
93	47.0
94	28.5
95	22.0
96	16.5
97	7.0
98	4.5
99	3.0
100	1.5
>>END_MODULE
>>Per base N content	pass
#Base	N-Count
1	0.017460431313622057
2	0.002171986614059503
3	0.005137333608104813
4	0.008226236726902012
5	3.524119813804822
6	0.03960298945994724
7	0.04903227266469658
8	0.054182612180670005
9	0.04799180003520699
10-14	0.05341396302563458
15-19	0.03163557029963075
20-24	0.027140728540235762
25-29	0.026624393997851555
30-34	0.05102737893174285
35-39	0.048722732057423425
40-44	0.03977596803459987
45-49	0.03012038203293655
50-54	0.015202605707629664
55-59	0.004947447353222965
60-64	0.0046405079275235375
65-69	8.388810575259758E-4
70-74	0.002974451129553344
75-79	0.004066947390517405
80-84	0.00534542813400273
85-89	0.002188894294288709
90-94	0.009076823101509746
95-99	0.01777127251168207
100	0.0042074111954985
>>END_MODULE
>>Sequence Length Distribution	pass
#Length	Count
100	1.5377627E7
>>END_MODULE
>>Sequence Duplication Levels	warn
#Total Duplicate Percentage	48.24159896250524
#Duplication Level	Relative count
1	100.0
2	31.495265116621837
3	12.784185121043517
4	6.780832012970264
5	4.321271970227348
6	3.1145215372710857
7	2.4254762518884263
8	1.9971259073657837
9	1.6166771067467482
10++	19.70135229743174
>>END_MODULE
>>Overrepresented sequences	pass
>>END_MODULE
>>Kmer Content	warn
#Sequence	Count	Obs/Exp Overall	Obs/Exp Max	Max Obs/Exp Position
TTTTT	6531060	4.434687	6.6121674	2
AAAAA	6334750	4.3055134	6.709296	2
CTCCT	3557370	2.5267098	5.005104	1
CTCCA	3366665	2.3917153	5.078733	1
CTGGA	3309015	2.2982333	5.8947043	1
GAAAA	2868905	1.9567572	5.146641	1
GTTTT	2653285	1.8083053	6.801315	1
GGGGG	2346430	1.623042	5.0109663	1
GTGGA	2332915	1.6020907	5.0502987	1
GGAAA	2335340	1.5984398	5.9838495	1
CTGGG	2201190	1.5341867	5.058861	1
>>END_MODULE
