##FastQC	0.10.1
>>Basic Statistics	pass
#Measure	Value	
Filename	F_rathbuni_NA_transfer_3_R1.fastq.gz	
File type	Conventional base calls	
Encoding	Sanger / Illumina 1.9	
Total Sequences	18098773	
Filtered Sequences	0	
Sequence length	100	
%GC	49	
>>END_MODULE
>>Per base sequence quality	pass
#Base	Mean	Median	Lower Quartile	Upper Quartile	10th Percentile	90th Percentile
1	31.3386963304087	33.0	31.0	34.0	28.0	34.0
2	31.65914711455854	34.0	31.0	34.0	28.0	34.0
3	31.38945071027743	34.0	31.0	34.0	28.0	34.0
4	34.936917657346164	37.0	35.0	37.0	32.0	37.0
5	33.418303605443306	37.0	35.0	37.0	27.0	37.0
6	33.87150184158893	37.0	35.0	37.0	26.0	37.0
7	34.52764046490886	37.0	35.0	37.0	31.0	37.0
8	34.670609549056174	37.0	35.0	37.0	32.0	37.0
9	36.33593194411577	39.0	37.0	39.0	32.0	39.0
10-14	36.49082093023654	39.2	37.2	39.4	32.0	39.4
15-19	37.38326138462536	40.0	38.0	41.0	31.8	41.0
20-24	37.226588929536824	40.0	37.8	41.0	31.0	41.0
25-29	36.95988567843797	40.0	37.0	41.0	30.4	41.0
30-34	36.62002647361785	40.0	37.0	41.0	30.0	41.0
35-39	36.32515610864891	40.0	36.0	41.0	29.6	41.0
40-44	36.13491626200295	40.0	35.6	41.0	28.6	41.0
45-49	35.70058259750537	39.0	35.0	41.0	27.8	41.0
50-54	35.107555954207506	38.6	34.8	40.6	26.6	41.0
55-59	34.3808511991393	37.4	34.0	40.0	25.6	41.0
60-64	33.58342360556707	36.0	33.2	39.4	24.4	41.0
65-69	32.82210254805672	35.0	33.0	38.2	23.0	40.4
70-74	32.01611297075222	35.0	32.4	36.6	21.4	39.2
75-79	30.953345632877983	34.6	31.4	35.2	19.4	37.4
80-84	30.901131242432843	35.0	32.0	35.0	18.4	36.4
85-89	30.46511156308773	35.0	32.0	35.0	14.8	35.8
90-94	30.05798668230161	35.0	31.0	35.0	4.0	35.0
95-99	29.612390718420528	34.0	31.0	35.0	2.0	35.0
100	28.52120052558259	34.0	29.0	35.0	2.0	35.0
>>END_MODULE
>>Per sequence quality scores	pass
#Quality	Count
2	261022.0
3	98934.0
4	53033.0
5	42637.0
6	42054.0
7	42724.0
8	44171.0
9	48442.0
10	53444.0
11	57246.0
12	58494.0
13	60361.0
14	62130.0
15	62368.0
16	62109.0
17	61365.0
18	61128.0
19	60120.0
20	61021.0
21	64064.0
22	70918.0
23	82997.0
24	100519.0
25	125084.0
26	156639.0
27	197323.0
28	238316.0
29	278208.0
30	341974.0
31	426674.0
32	541371.0
33	717768.0
34	1010333.0
35	1538283.0
36	2693566.0
37	4239037.0
38	3366581.0
39	615570.0
40	745.0
>>END_MODULE
>>Per base sequence content	fail
#Base	G	A	T	C
1	36.47390772799166	14.62680970027698	8.407996482240138	40.491286089491226
2	26.0379179982552	18.112414647705034	36.11046541150029	19.73920194253947
3	25.606168152642965	22.852407018595454	23.430281780183364	28.111143048578214
4	26.929879667904654	29.366846485059426	19.407472913274017	24.295800933761896
5	28.98924656565207	30.92913948649435	21.267126077924253	18.814487869929327
6	22.839696595725417	33.91098881765094	22.57962615544409	20.669688431179555
7	20.878303049118095	19.158049728379602	37.32960153791453	22.634045684587775
8	21.417509436415546	21.687541454829425	29.604323431201095	27.29062567755393
9	22.71200168578468	20.34578928620153	30.9798866694542	25.962322358559593
10-14	24.503302493739255	26.487186909393845	25.153117488348787	23.85639310851811
15-19	24.71061309333398	25.216566033236255	25.64408544007778	24.428735433351985
20-24	24.489771803689965	25.636639895494017	25.602526582590723	24.271061718225294
25-29	24.60890468973485	25.69803177967907	25.313921957450088	24.379141573135996
30-34	24.309331041332197	25.64845901877866	25.496767254603732	24.54544268528542
35-39	24.477114185396196	25.68333020470743	25.467923233680807	24.371632376215562
40-44	24.53923420377599	25.595195053506554	25.442933687782947	24.422637054934512
45-49	24.520492670007545	25.577229803649963	25.40623371356586	24.496043812776623
50-54	24.534712222978232	25.607124475367453	25.393649100980674	24.464514200673637
55-59	24.559450793458296	25.429979458031653	25.394805165039198	24.61576458347085
60-64	24.553935608494925	25.412601950763047	25.396243149233843	24.637219291508185
65-69	24.570267566014365	25.74424683369138	25.243484316106457	24.442001284187796
70-74	24.651574580523285	25.694658907246843	25.186342927212685	24.46742358501719
75-79	24.611180352161774	25.53946032810117	25.23523278023952	24.614126539497537
80-84	24.57955262820662	25.582557948685213	25.273429261761436	24.564460161346727
85-89	24.694305406224803	25.516526625285714	25.1715060513005	24.617661917188986
90-94	24.548857606128248	25.497731820511532	25.20124772334122	24.752162850019
95-99	24.594809329410026	25.64071909048142	25.18820831773644	24.576263262372116
100	24.88219648521168	25.3629862240614	24.78154410128185	24.97327318944507
>>END_MODULE
>>Per base GC content	fail
#Base	%GC
1	76.96519381748288
2	45.77711994079467
3	53.717311201221186
4	51.225680601666554
5	47.8037344355814
6	43.50938502690497
7	43.51234873370587
8	48.708135113969476
9	48.674324044344274
10-14	48.35969560225737
15-19	49.139348526685964
20-24	48.76083352191526
25-29	48.988046262870846
30-34	48.85477372661761
35-39	48.84874656161176
40-44	48.9618712587105
45-49	49.016536482784176
50-54	48.99922642365186
55-59	49.175215376929145
60-64	49.191154900003106
65-69	49.01226885020216
70-74	49.118998165540475
75-79	49.22530689165931
80-84	49.14401278955335
85-89	49.31196732341378
90-94	49.30102045614725
95-99	49.17107259178214
100	49.855469674656746
>>END_MODULE
>>Per sequence GC content	warn
#GC Content	Count
0	752.0
1	698.5
2	629.0
3	707.0
4	768.5
5	723.5
6	785.0
7	905.0
8	1002.5
9	1185.0
10	1353.0
11	1470.5
12	1669.0
13	1910.5
14	2182.0
15	2563.5
16	3166.0
17	3962.0
18	5249.5
19	7076.0
20	9674.5
21	13597.5
22	19156.5
23	26621.0
24	36641.5
25	50338.5
26	67349.5
27	84867.0
28	102166.5
29	122418.5
30	145894.0
31	172179.0
32	198504.0
33	224026.0
34	248442.0
35	270572.5
36	292012.5
37	310654.5
38	330092.5
39	351025.0
40	368245.5
41	391157.5
42	419847.0
43	447418.5
44	482667.0
45	519620.5
46	556987.0
47	594049.5
48	623832.0
49	653560.5
50	684981.5
51	720097.0
52	755563.5
53	771304.0
54	758898.5
55	734515.0
56	708767.5
57	680263.5
58	635827.5
59	568884.5
60	502264.0
61	435826.5
62	370306.5
63	317779.5
64	267026.5
65	217437.0
66	175910.5
67	142821.0
68	116901.5
69	92546.0
70	68700.0
71	49843.0
72	35784.0
73	28051.5
74	23066.5
75	17657.0
76	12651.5
77	8847.5
78	6248.0
79	4101.0
80	3133.5
81	2570.0
82	2080.5
83	1751.0
84	1347.5
85	909.0
86	580.0
87	386.0
88	305.0
89	268.5
90	201.5
91	114.0
92	84.5
93	73.5
94	41.5
95	20.0
96	15.5
97	8.5
98	5.0
99	4.0
100	2.0
>>END_MODULE
>>Per base N content	pass
#Base	N-Count
1	0.017492898551741604
2	0.0022211450466835514
3	0.005011389446124332
4	0.007956340465732124
5	3.499552151960798
6	0.03942808719685031
7	0.048738110589043794
8	0.05418599371349649
9	0.04796457748820873
10-14	0.05317708554055019
15-19	0.0317502186474188
20-24	0.027389702053282835
25-29	0.02670457273540035
30-34	0.050804549015560335
35-39	0.048783417527806995
40-44	0.04005796415038743
45-49	0.030354543924054966
50-54	0.015590007123687336
55-59	0.004955032034492062
60-64	0.0048080607453333995
65-69	9.613911396092983E-4
70-74	0.0032123724630393454
75-79	0.004455550660809989
80-84	0.005539602049265992
85-89	0.0023869021397196375
90-94	0.009660323382143088
95-99	0.018190183389780068
100	0.0046467238414449425
>>END_MODULE
>>Sequence Length Distribution	pass
#Length	Count
100	1.8098773E7
>>END_MODULE
>>Sequence Duplication Levels	fail
#Total Duplicate Percentage	52.7698916351221
#Duplication Level	Relative count
1	100.0
2	29.912683056191252
3	12.911907123844696
4	7.426360091540373
5	4.9915040319016235
6	3.547680551599501
7	2.8807716106980443
8	2.4319094811075206
9	1.9084006953925334
10++	30.427352106312554
>>END_MODULE
>>Overrepresented sequences	warn
#Sequence	Count	Percentage	Possible Source
GATCGGAAGAGCACACGTCTGAACTCCAGTCACCGGCTATGATCTCGTAT	44775	0.24739246135635826	TruSeq Adapter, Index 7 (97% over 36bp)
>>END_MODULE
>>Kmer Content	warn
#Sequence	Count	Obs/Exp Overall	Obs/Exp Max	Max Obs/Exp Position
TTTTT	8914185	4.910313	7.344484	2
AAAAA	8973410	4.8682446	6.928332	65-69
CTCCT	4164705	2.5246038	6.7529063	1
CTCCA	3986635	2.4093113	6.360936	1
GAAGA	4005510	2.309744	5.775296	2
CTCTG	3814685	2.3021321	5.2002525	1
CTGGA	3816700	2.2861228	6.6597853	1
CTTCA	3628290	2.1238701	5.007718	1
GGAGA	3474890	2.0658207	5.5185494	1
GAAAA	3552580	1.9870293	5.5740466	2
GTTTT	3260710	1.8461324	7.2940083	1
GGAAG	2920325	1.7361319	5.46808	1
CTCAG	2841485	1.7095994	5.049132	1
GGAAA	2792055	1.6100152	6.4560857	1
AGAGC	2591280	1.5474026	5.3594794	8
GAGCA	2522400	1.5062704	5.6440187	9
CTGGG	2427150	1.4988346	5.4352503	1
GTTTG	2453185	1.4275916	5.170206	1
GGGAG	2288600	1.402707	5.165176	1
GGGAA	2086560	1.240459	5.0483894	1
>>END_MODULE
