##FastQC	0.10.1
>>Basic Statistics	pass
#Measure	Value	
Filename	F_notti_NA_FW_2_R2.fastq.gz	
File type	Conventional base calls	
Encoding	Sanger / Illumina 1.9	
Total Sequences	12058909	
Filtered Sequences	0	
Sequence length	100	
%GC	49	
>>END_MODULE
>>Per base sequence quality	fail
#Base	Mean	Median	Lower Quartile	Upper Quartile	10th Percentile	90th Percentile
1	28.489962317486597	31.0	30.0	34.0	16.0	34.0
2	28.354521789657753	31.0	28.0	34.0	15.0	34.0
3	28.45355545845814	31.0	28.0	34.0	16.0	34.0
4	31.69641225420973	35.0	32.0	37.0	16.0	37.0
5	31.6198665235802	35.0	32.0	37.0	16.0	37.0
6	31.489760226236054	35.0	32.0	37.0	15.0	37.0
7	31.47100993962223	35.0	32.0	37.0	13.0	37.0
8	31.385539935660848	35.0	32.0	37.0	11.0	37.0
9	32.66379603660663	37.0	32.0	39.0	10.0	39.0
10-14	32.73409836661011	37.2	32.0	39.4	10.0	39.4
15-19	33.27992943640258	38.2	32.0	41.0	8.4	41.0
20-24	32.992004417646726	38.2	32.0	40.8	3.0	41.0
25-29	32.71992657047167	38.0	32.0	40.0	2.0	41.0
30-34	32.3399344003674	38.0	31.0	40.0	2.0	41.0
35-39	31.89402792574353	38.0	30.2	40.0	2.0	41.0
40-44	31.414007353401537	37.4	30.0	40.0	2.0	41.0
45-49	30.982435293275707	37.0	29.4	40.0	2.0	41.0
50-54	30.138575454877383	35.6	28.2	39.2	2.0	40.4
55-59	30.107745485101514	35.2	28.4	39.4	2.0	41.0
60-64	29.34229509485477	35.0	27.6	38.6	2.0	40.6
65-69	28.508441451875957	34.4	26.4	37.0	2.0	39.8
70-74	27.820952276860204	34.0	26.0	35.8	2.0	38.8
75-79	27.09206345283806	34.0	25.2	35.0	2.0	37.2
80-84	26.452332694441928	33.4	23.8	35.0	2.0	36.0
85-89	25.895757053975615	33.0	21.6	35.0	2.0	35.0
90-94	25.365110740946797	33.0	18.6	35.0	2.0	35.0
95-99	24.680781304511047	33.0	5.2	35.0	2.0	35.0
100	23.350646563466064	31.0	2.0	34.0	2.0	35.0
>>END_MODULE
>>Per sequence quality scores	pass
#Quality	Count
2	905112.0
3	123357.0
4	77887.0
5	62724.0
6	60389.0
7	61192.0
8	65106.0
9	71048.0
10	76455.0
11	77245.0
12	73476.0
13	71691.0
14	72032.0
15	72007.0
16	71917.0
17	71741.0
18	71332.0
19	71245.0
20	72933.0
21	76760.0
22	85166.0
23	99433.0
24	118269.0
25	142894.0
26	169868.0
27	198211.0
28	229265.0
29	266365.0
30	311803.0
31	371078.0
32	452583.0
33	567059.0
34	743663.0
35	1023840.0
36	1489239.0
37	1919112.0
38	1332343.0
39	232697.0
40	372.0
>>END_MODULE
>>Per base sequence content	fail
#Base	G	A	T	C
1	39.95408926114769	12.441641000320539	8.623966958602688	38.98030277992908
2	28.37522279281811	18.871506431392792	28.871336700331657	23.881934075457437
3	29.165106518299876	23.454897106555478	19.483813294721323	27.896183080423327
4	32.80158668661944	27.39927282670574	17.60327325876873	22.195867227906092
5	31.54068200899412	28.74089849449979	20.897654842685014	18.820764653821072
6	24.24195537752131	32.520279607496875	22.8712872847813	20.36647773020052
7	22.753221358561813	20.135438686038487	35.27676561379673	21.83457434160298
8	22.480661764217878	21.297503534143477	30.09963629847418	26.12219840316447
9	21.74060929455431	19.812476252577994	33.13581285455212	25.31110159831557
10-14	24.890115111938634	26.148316143289808	25.44691543777696	23.514653306994603
15-19	24.772409324400062	24.9914267167898	26.089404351215446	24.146759607594696
20-24	24.776669442420722	25.63054665931232	25.807009183495026	23.785774714771932
25-29	24.696780588342996	25.406049480515396	25.819578122372533	24.07759180876907
30-34	24.61928641274858	25.517148136314432	25.77783790458704	24.08572754634995
35-39	24.63221481144941	25.493366004074318	25.724589615879356	24.149829568596918
40-44	24.710859234427602	25.551250810506783	25.590205580162895	24.14768437490272
45-49	24.69459741255641	25.421889284674048	25.598408012925507	24.285105289844036
50-54	24.560546020253835	25.64859965605846	25.627568525355688	24.163285798332016
55-59	24.742011257859513	25.40146645009721	25.508226820753816	24.348295471289457
60-64	24.644157356096855	25.494195288662507	25.542258139240058	24.319389216000573
65-69	24.61046475760889	25.467704619806717	25.58754132344468	24.334289299139712
70-74	24.776138183761034	25.516574485856193	25.37975296700892	24.327534363373857
75-79	24.646242989806293	25.351741872719934	25.532666208065958	24.46934892940782
80-84	24.67687040541571	25.527084063982326	25.410200137878498	24.38584539272347
85-89	24.809709902429915	25.406451019131822	25.360141667518672	24.42369741091959
90-94	24.716920129234435	25.43323736531844	25.321558776125574	24.52828372932155
95-99	24.71090866861337	25.54375393181434	25.353825542313697	24.391511857258592
100	25.288245248510055	25.07428778879487	24.87147204557435	24.76599491712073
>>END_MODULE
>>Per base GC content	fail
#Base	%GC
1	78.93439204107678
2	52.25715686827556
3	57.0612895987232
4	54.99745391452553
5	50.361446662815204
6	44.60843310772183
7	44.58779570016479
8	48.602860167382346
9	47.051710892869885
10-14	48.404768418933244
15-19	48.919168931994754
20-24	48.56244415719265
25-29	48.77437239711207
30-34	48.70501395909852
35-39	48.78204438004632
40-44	48.858543609330326
45-49	48.979702702400445
50-54	48.72383181858585
55-59	49.09030672914898
60-64	48.96354657209743
65-69	48.9447540567486
70-74	49.10367254713489
75-79	49.11559191921411
80-84	49.06271579813918
85-89	49.23340731334951
90-94	49.24520385855599
95-99	49.10242052587196
100	50.05424016563078
>>END_MODULE
>>Per sequence GC content	warn
#GC Content	Count
0	19681.0
1	14214.0
2	8313.0
3	7612.0
4	6043.0
5	4000.0
6	3055.0
7	2774.0
8	2622.5
9	2591.0
10	2602.0
11	2615.5
12	2635.0
13	2670.0
14	2824.0
15	3065.0
16	3378.0
17	3899.5
18	4767.0
19	6094.5
20	7650.0
21	9983.0
22	14013.0
23	19034.0
24	24859.5
25	32898.5
26	42469.0
27	53326.0
28	66447.0
29	80869.5
30	95568.5
31	110627.5
32	126366.5
33	143004.5
34	158182.5
35	173376.5
36	193148.0
37	209269.0
38	221524.0
39	235577.0
40	246383.0
41	257398.5
42	275082.0
43	294319.0
44	311436.5
45	329549.0
46	350844.5
47	374112.0
48	395196.5
49	415913.5
50	435617.5
51	453909.5
52	471204.0
53	482387.5
54	487697.5
55	483304.5
56	467815.5
57	447358.5
58	421408.5
59	389504.0
60	349356.5
61	306163.0
62	267688.5
63	231801.5
64	197629.0
65	165819.0
66	137279.0
67	112275.5
68	90609.0
69	71143.0
70	54719.0
71	41819.5
72	31519.0
73	23939.0
74	18753.0
75	14492.0
76	10728.5
77	7784.0
78	5437.5
79	3907.5
80	2906.0
81	2167.5
82	1708.5
83	1348.0
84	1023.0
85	726.0
86	514.0
87	377.0
88	266.5
89	201.0
90	152.0
91	105.0
92	86.0
93	71.0
94	47.5
95	33.0
96	21.0
97	16.0
98	14.5
99	8.5
100	3.0
>>END_MODULE
>>Per base N content	pass
#Base	N-Count
1	0.03493682554532918
2	0.3308342404773102
3	0.07275119167082196
4	0.04238360203232316
5	0.0528240158375853
6	0.043934322748434375
7	0.050377691713238734
8	0.04203531181800941
9	0.04120604940297667
10-14	0.05636330782494502
15-19	0.052659821879408826
20-24	0.09330694841465342
25-29	0.039389964714054974
30-34	0.060891080611023767
35-39	0.04606718567989857
40-44	0.04939252796417984
45-49	0.04431412493451937
50-54	0.044355588055271004
55-59	0.04766102804159149
60-64	0.04926648007709487
65-69	0.04428095443791806
70-74	0.038683433136447086
75-79	0.04263072223200291
80-84	0.05197816817425192
85-89	0.05734847157400391
90-94	0.041726826199617234
95-99	0.04406202916034942
100	0.04238360203232316
>>END_MODULE
>>Sequence Length Distribution	pass
#Length	Count
100	1.2058909E7
>>END_MODULE
>>Sequence Duplication Levels	warn
#Total Duplicate Percentage	41.736432770409586
#Duplication Level	Relative count
1	100.0
2	26.151541835718575
3	9.886347738064867
4	5.120524067779872
5	3.3503139633448824
6	2.2771600925019135
7	1.8549760926994263
8	1.4484285373340686
9	1.1850778941824196
10++	13.319781748154488
>>END_MODULE
>>Overrepresented sequences	warn
#Sequence	Count	Percentage	Possible Source
TTTTTTTTTTTTTTTTTTTTTTTTTTTTTTTTTTTTTTTTTTTTTTTTTT	18419	0.1527418442248797	No Hit
>>END_MODULE
>>Kmer Content	fail
#Sequence	Count	Obs/Exp Overall	Obs/Exp Max	Max Obs/Exp Position
TTTTT	10681190	8.652684	11.485301	10-14
AAAAA	6299780	5.304113	8.067449	2
GGAGG	2805775	2.4554038	5.5586944	1
CTGGA	2577105	2.2822366	6.7529488	1
GAAAA	2374295	2.0184488	5.5122123	2
GGGGG	2283605	2.0178404	7.011038	1
CTTTT	2234810	1.8968109	5.277641	1
GTTTT	2266995	1.8686533	5.9578404	1
GGAAA	1892890	1.6248156	6.1645894	1
CTGGG	1775740	1.5878284	6.130758	1
GTGGA	1763180	1.5164213	5.181032	1
GCCAG	1615630	1.4990727	5.6422086	1
GGGAG	1711215	1.4975272	5.2533183	1
GGGGA	1578550	1.3814287	5.1067376	1
CGGGG	1118350	1.0175339	5.51171	1
>>END_MODULE
