##FastQC	0.10.1
>>Basic Statistics	pass
#Measure	Value	
Filename	L_parva_NA_BW_3_R1.fastq.gz	
File type	Conventional base calls	
Encoding	Sanger / Illumina 1.9	
Total Sequences	15104578	
Filtered Sequences	0	
Sequence length	100	
%GC	50	
>>END_MODULE
>>Per base sequence quality	pass
#Base	Mean	Median	Lower Quartile	Upper Quartile	10th Percentile	90th Percentile
1	31.03314286569277	33.0	31.0	34.0	27.0	34.0
2	31.356201212638975	34.0	31.0	34.0	28.0	34.0
3	31.085319563380057	34.0	31.0	34.0	27.0	34.0
4	34.60097918657509	37.0	35.0	37.0	31.0	37.0
5	33.086179302725306	37.0	35.0	37.0	26.0	37.0
6	33.490977900872174	37.0	35.0	37.0	23.0	37.0
7	34.11994946167977	37.0	35.0	37.0	30.0	37.0
8	34.24595622598658	37.0	35.0	37.0	30.0	37.0
9	35.857085116843386	39.0	37.0	39.0	30.0	39.0
10-14	35.9830366263791	39.2	37.0	39.4	30.0	39.4
15-19	36.793760567160504	40.0	37.0	41.0	30.0	41.0
20-24	36.569413074632074	40.0	37.0	41.0	29.8	41.0
25-29	36.2409721211675	40.0	36.2	41.0	28.2	41.0
30-34	35.81611692825844	40.0	35.6	41.0	26.8	41.0
35-39	35.418613787157774	39.2	35.0	41.0	25.8	41.0
40-44	35.13152229741208	39.0	35.0	41.0	24.6	41.0
45-49	34.5878887314826	38.4	34.2	40.8	23.4	41.0
50-54	33.90860157761442	37.6	33.4	40.0	21.8	41.0
55-59	33.13367716728001	36.4	33.0	39.8	19.4	41.0
60-64	32.31401394994286	35.0	32.2	38.8	16.4	40.8
65-69	31.579453686160583	35.0	31.8	37.2	11.6	39.8
70-74	30.8408710259896	35.0	31.0	35.8	6.8	38.8
75-79	29.85167421426802	34.2	30.2	35.0	2.0	37.0
80-84	29.832421826018578	35.0	31.0	35.0	2.0	36.0
85-89	29.39171954357149	34.4	30.2	35.0	2.0	35.2
90-94	28.950710095972227	34.0	30.0	35.0	2.0	35.0
95-99	28.448816736223943	34.0	29.8	35.0	2.0	35.0
100	27.32043417565191	33.0	27.0	35.0	2.0	35.0
>>END_MODULE
>>Per sequence quality scores	pass
#Quality	Count
2	306338.0
3	113111.0
4	60805.0
5	49081.0
6	50778.0
7	49963.0
8	51545.0
9	55330.0
10	60128.0
11	63441.0
12	64233.0
13	65982.0
14	66696.0
15	67257.0
16	66870.0
17	64893.0
18	63366.0
19	61682.0
20	62020.0
21	64397.0
22	70712.0
23	82463.0
24	99717.0
25	122947.0
26	151116.0
27	185585.0
28	225254.0
29	265126.0
30	321306.0
31	389645.0
32	487341.0
33	638769.0
34	897987.0
35	1375666.0
36	2310734.0
37	3278313.0
38	2289745.0
39	403751.0
40	485.0
>>END_MODULE
>>Per base sequence content	fail
#Base	G	A	T	C
1	33.610633141187435	15.218189352370729	7.346729910993635	43.8244475954482
2	24.624557284761526	16.952444132390685	39.08523006957982	19.337768513267967
3	24.695240218326788	22.201513647476748	23.019580328925585	30.083665805270883
4	26.865482497336025	28.74528962367177	19.40466484340767	24.984563035584536
5	29.01724249977234	30.089764812992087	21.379681339614613	19.51331134762096
6	23.09321935675042	32.8225457245734	22.943352884148076	21.1408820345281
7	21.27519787174035	18.996455417573056	36.73189950644502	22.996447204241576
8	21.057398436637325	20.77007472099109	30.27778313219812	27.894743710173465
9	22.759971001639023	19.706247530618672	31.252231757709353	26.281549710032948
10-14	24.81188327262841	25.775636806867407	24.777547391081082	24.6349325294231
15-19	25.17314694611822	24.590471003693676	25.211716687395914	25.02466536279219
20-24	24.93894804687523	24.896630471504487	25.14543545792965	25.018986023690637
25-29	25.03150397693257	24.93797544860569	24.99781267450427	25.03270789995747
30-34	24.91140825261997	24.912236231447345	24.943076786809442	25.233278729123242
35-39	25.071368157795543	24.895167689437827	24.913433147588584	25.12003100517805
40-44	25.19610601069266	24.84770240883984	24.73743195753371	25.21875962293379
45-49	25.22153188521147	24.8552211024849	24.633642860052955	25.28960415225068
50-54	25.235411403204406	24.939329463187004	24.604738171835987	25.220520961772607
55-59	25.456572082877287	24.64625624636913	24.4837489528473	25.413422717906283
60-64	25.44929149337061	24.61651435469511	24.549394932070452	25.38479921986383
65-69	25.412459080419765	24.7352570506436	24.500877020046246	25.35140684889039
70-74	25.539003769348245	24.703254347565547	24.43453784584508	25.323204037241126
75-79	25.56260732817435	24.565281417343265	24.391799177394418	25.480312077087962
80-84	25.460000984921656	24.553918084683055	24.46822142601322	25.517859504382074
85-89	25.569088488094454	24.710471719699072	24.24605064119812	25.474389151008353
90-94	25.46174936144642	24.586710169207578	24.296670717883163	25.65486975146284
95-99	25.332714283201817	24.702816471501126	24.367669373196645	25.596799872100405
100	25.608762410138162	24.34621273830216	23.83057705499666	26.214447796563018
>>END_MODULE
>>Per base GC content	fail
#Base	%GC
1	77.43508073663564
2	43.9623257980295
3	54.77890602359766
4	51.85004553292056
5	48.5305538473933
6	44.23410139127852
7	44.27164507598192
8	48.952142146810786
9	49.04152071167197
10-14	49.44681580205151
15-19	50.19781230891041
20-24	49.95793407056586
25-29	50.06421187689004
30-34	50.14468698174321
35-39	50.191399162973596
40-44	50.41486563362645
45-49	50.511136037462144
50-54	50.45593236497701
55-59	50.869994800783566
60-64	50.83409071323444
65-69	50.76386592931016
70-74	50.862207806589375
75-79	51.04291940526231
80-84	50.97786048930373
85-89	51.04347763910281
90-94	51.116619112909255
95-99	50.92951415530222
100	51.82321020670118
>>END_MODULE
>>Per sequence GC content	warn
#GC Content	Count
0	6200.0
1	4808.5
2	3224.0
3	3072.0
4	3083.0
5	2882.0
6	2760.0
7	2784.5
8	2809.0
9	2860.5
10	2909.0
11	2997.0
12	3104.0
13	3235.5
14	3417.0
15	3669.5
16	3991.5
17	4464.5
18	5384.0
19	6821.5
20	8785.5
21	11841.0
22	15850.0
23	21224.5
24	28762.5
25	38088.0
26	49575.0
27	63682.0
28	79039.5
29	95124.5
30	112320.0
31	131667.0
32	152043.5
33	170537.5
34	188267.5
35	205071.5
36	219043.5
37	233118.0
38	248336.0
39	261488.0
40	276455.5
41	299528.0
42	318545.0
43	334903.5
44	363728.5
45	394156.5
46	425820.0
47	450848.5
48	468192.5
49	486402.5
50	516037.5
51	545445.0
52	567353.5
53	575709.0
54	565230.0
55	570019.0
56	573571.5
57	549791.5
58	521362.5
59	493691.5
60	462302.0
61	416207.5
62	356210.0
63	309353.0
64	280327.0
65	255609.5
66	221064.0
67	191020.0
68	170044.0
69	139792.0
70	106799.5
71	80616.5
72	63485.5
73	59497.0
74	53807.5
75	45825.5
76	37493.5
77	29955.0
78	25128.5
79	21710.5
80	22745.5
81	20820.0
82	13897.5
83	7527.0
84	4024.0
85	2404.5
86	1439.0
87	1029.0
88	716.0
89	468.0
90	322.0
91	241.5
92	191.5
93	148.0
94	108.0
95	84.0
96	60.5
97	39.5
98	20.0
99	8.0
100	2.5
>>END_MODULE
>>Per base N content	pass
#Base	N-Count
1	0.01663071950768833
2	0.0022708347098475707
3	0.0052765459584504775
4	0.008077021416950542
5	3.524673115660696
6	0.038425436314738486
7	0.04748229311669614
8	0.05307662352433812
9	0.0474889136260543
10-14	0.051867718515538806
15-19	0.03083965669216313
20-24	0.026458203598935373
25-29	0.026116585316054507
30-34	0.05014108967493167
35-39	0.04785833804823941
40-44	0.0389431601465463
45-49	0.02945597023630849
50-54	0.015043121363602478
55-59	0.005055420945888061
60-64	0.004986567648563237
65-69	8.884723558645598E-4
70-74	0.0031871132050163868
75-79	0.004427796658734855
80-84	0.005551959147749775
85-89	0.0023436603127872887
90-94	0.009667267764779658
95-99	0.018084583362739427
100	0.004614495022634859
>>END_MODULE
>>Sequence Length Distribution	pass
#Length	Count
100	1.5104578E7
>>END_MODULE
>>Sequence Duplication Levels	fail
#Total Duplicate Percentage	54.043021349259625
#Duplication Level	Relative count
1	100.0
2	26.016951502435507
3	10.40752003401392
4	5.962603174016323
5	4.004954201366102
6	3.0002495586509044
7	2.372655766191273
8	2.051002393914466
9	1.6979231174496954
10++	29.344400181161095
>>END_MODULE
>>Overrepresented sequences	warn
#Sequence	Count	Percentage	Possible Source
TTTTTTTTTTTTTTTTTTTTTTTTTTTTTTTTTTTTTTTTTTTTTTTTTT	18524	0.12263831535048514	No Hit
>>END_MODULE
>>Kmer Content	fail
#Sequence	Count	Obs/Exp Overall	Obs/Exp Max	Max Obs/Exp Position
TTTTT	10311195	7.691525	12.6417055	2
AAAAA	7575345	5.793683	7.998001	2
AAGAA	3144660	2.342946	5.2407875	2
GAAGA	3100335	2.2502637	5.876026	2
CTCCT	3250340	2.2457733	7.25067	1
CTCCA	3143735	2.1829956	6.9773417	1
CTGGA	2995080	2.0979974	6.646131	1
GAAAA	2805000	2.0898805	5.713253	2
CTCTG	2766410	1.9197665	5.215479	1
CTTCA	2688345	1.9150525	5.4358144	1
CTTTT	2604530	1.8938434	6.5700774	1
GTTTT	2516780	1.838039	7.7077923	1
CTGAA	2514145	1.8078008	5.508708	1
CTTTG	2354815	1.6763995	5.0300803	1
GGAAA	2222865	1.6133845	6.2456584	1
CTCAG	2229630	1.5550147	5.562643	1
CTGGG	2037510	1.3903766	5.4680867	1
>>END_MODULE
