##FastQC	0.10.1
>>Basic Statistics	pass
#Measure	Value	
Filename	F_similis_NA_BW_1_R2.fastq.gz	
File type	Conventional base calls	
Encoding	Sanger / Illumina 1.9	
Total Sequences	15041589	
Filtered Sequences	0	
Sequence length	100	
%GC	50	
>>END_MODULE
>>Per base sequence quality	fail
#Base	Mean	Median	Lower Quartile	Upper Quartile	10th Percentile	90th Percentile
1	29.299154697020374	31.0	30.0	34.0	25.0	34.0
2	29.182224098797008	31.0	30.0	34.0	22.0	34.0
3	29.269401789930573	31.0	30.0	34.0	22.0	34.0
4	32.638701403156276	35.0	33.0	37.0	25.0	37.0
5	32.573115047884905	35.0	33.0	37.0	25.0	37.0
6	32.44680359235982	35.0	33.0	37.0	23.0	37.0
7	32.41822376611939	35.0	33.0	37.0	23.0	37.0
8	32.341150060675105	35.0	33.0	37.0	22.0	37.0
9	33.68068845651879	38.0	34.0	39.0	22.0	39.0
10-14	33.77241337999596	38.2	33.2	39.4	21.2	39.4
15-19	34.347221506983075	39.0	33.4	41.0	18.2	41.0
20-24	34.02694737903023	39.0	33.2	41.0	17.2	41.0
25-29	33.705331118939625	38.0	33.0	40.2	14.4	41.0
30-34	33.26981051004651	38.0	32.4	40.0	9.0	41.0
35-39	32.776950507024225	38.0	31.8	40.0	6.2	41.0
40-44	32.23074697759658	37.6	31.0	40.0	2.0	41.0
45-49	31.73080430531641	37.0	30.0	40.0	2.0	41.0
50-54	30.819049689497568	35.6	29.4	39.0	2.0	40.4
55-59	30.738257001969675	35.2	29.6	39.0	2.0	41.0
60-64	29.913929558904982	35.0	28.8	38.4	2.0	40.4
65-69	29.042138287384397	34.4	28.0	36.6	2.0	39.6
70-74	28.342967169226604	34.0	27.0	35.4	2.0	38.8
75-79	27.600634228205546	34.0	26.0	35.0	2.0	36.8
80-84	26.951923709655944	33.4	25.2	35.0	2.0	35.8
85-89	26.37248928952918	33.0	24.2	35.0	2.0	35.0
90-94	25.804716336817876	33.0	21.8	35.0	2.0	35.0
95-99	25.04262632092926	33.0	12.6	35.0	2.0	35.0
100	23.58731175276761	31.0	2.0	34.0	2.0	35.0
>>END_MODULE
>>Per sequence quality scores	pass
#Quality	Count
2	776245.0
3	121910.0
4	82679.0
5	70975.0
6	71980.0
7	75051.0
8	79290.0
9	89422.0
10	98069.0
11	99938.0
12	94947.0
13	93003.0
14	92560.0
15	92913.0
16	92474.0
17	92705.0
18	92329.0
19	93589.0
20	96359.0
21	101924.0
22	111382.0
23	129687.0
24	154106.0
25	185259.0
26	221219.0
27	259429.0
28	302549.0
29	355057.0
30	417994.0
31	501523.0
32	614140.0
33	770962.0
34	1012173.0
35	1391813.0
36	1995106.0
37	2379480.0
38	1492799.0
39	238281.0
40	268.0
>>END_MODULE
>>Per base sequence content	fail
#Base	G	A	T	C
1	39.407520145836614	13.479292752020969	6.541506468467128	40.57168063367529
2	28.38629190225845	17.08741677797149	33.13580490131321	21.39048641845686
3	27.9252277608795	21.393819613928937	19.983817300879323	30.697135324312242
4	31.23869549729969	26.409912075277248	17.750939010287546	24.60045341713552
5	31.91516504502304	27.352307780922935	21.179539714206015	19.55298745984801
6	25.240282361203665	31.30502937604665	22.679199205110915	20.77548905763877
7	22.931480524106853	19.85788673358771	34.85601347918446	22.354619263120977
8	22.21871218722429	21.295510171615884	30.074159428272495	26.411618212887333
9	22.623083372028237	19.888818053535832	32.19648355454491	25.29161501989102
10-14	25.160545768415687	25.78399513804311	25.292062143965012	23.763396949576194
15-19	25.32095288498244	24.537586149111025	25.635198259380722	24.506262706525813
20-24	25.199253465054777	25.05288230852345	25.40497330613182	24.342890920289953
25-29	25.111727268854267	24.94914135962686	25.386215687401442	24.55291568411743
30-34	25.12923220693905	25.009463640476437	25.249229598334814	24.612074554249695
35-39	25.058815564026983	25.038372145766136	25.24248841719205	24.660323873014832
40-44	25.244315500568177	24.992043546493125	25.064493332708125	24.699147620230576
45-49	25.20421167041873	24.948224308398895	25.01473481287393	24.832829208308446
50-54	25.082669951862812	25.07281074537516	25.083268527540014	24.76125077522201
55-59	25.23217836436168	24.941261124856492	24.95986936744998	24.86669114333185
60-64	25.171747206713498	24.950086200837177	24.929099339195197	24.949067253254128
65-69	25.117835103614418	25.03662781239654	24.97764874092186	24.867888343067186
70-74	25.318831627229137	24.9857886351804	24.82877263952416	24.866607098066304
75-79	25.226790811109563	24.83939143907577	24.86476802998604	25.06904971982863
80-84	25.23012637071169	24.997286582117642	24.83167197929877	24.940915067871895
85-89	25.338434233394114	24.871049059685514	24.789239260258807	25.00127744666156
90-94	25.277761745919992	24.854772539816985	24.705916795691163	25.161548918571864
95-99	25.310747619140034	24.971983720955322	24.750467263874633	24.96680139603001
100	25.91390035167267	24.569700283794933	24.185605117154278	25.33079424737812
>>END_MODULE
>>Per base GC content	fail
#Base	%GC
1	79.9792007795119
2	49.77677832071531
3	58.62236308519174
4	55.839148914435214
5	51.46815250487104
6	46.01577141884244
7	45.286099787227826
8	48.63033040011162
9	47.91469839191925
10-14	48.92394271799188
15-19	49.827215591508256
20-24	49.54214438534473
25-29	49.6646429529717
30-34	49.741306761188746
35-39	49.71913943704182
40-44	49.943463120798754
45-49	50.03704087872718
50-54	49.84392072708482
55-59	50.098869507693536
60-64	50.12081445996762
65-69	49.985723446681604
70-74	50.18543872529544
75-79	50.29584053093819
80-84	50.171041438583586
85-89	50.33971168005568
90-94	50.439310664491856
95-99	50.277549015170045
100	51.24469459905079
>>END_MODULE
>>Per sequence GC content	warn
#GC Content	Count
0	16575.0
1	12920.0
2	8617.5
3	7955.0
4	6744.0
5	4704.0
6	3658.0
7	3452.0
8	3385.0
9	3304.5
10	3319.0
11	3434.5
12	3603.5
13	3762.0
14	4007.5
15	4426.5
16	4955.0
17	5688.0
18	6651.5
19	8023.5
20	10026.0
21	12765.5
22	16878.0
23	22597.5
24	30097.5
25	39972.5
26	50683.5
27	61695.0
28	74253.0
29	89010.0
30	106374.5
31	123149.0
32	139638.0
33	158676.0
34	177411.0
35	193060.5
36	208196.0
37	226057.5
38	242718.5
39	259213.0
40	276615.5
41	300634.0
42	322855.5
43	339939.0
44	367076.0
45	392901.5
46	415105.5
47	439136.0
48	465124.5
49	489032.5
50	510690.0
51	538305.5
52	565009.0
53	586386.5
54	598759.0
55	602903.5
56	597588.0
57	583325.0
58	563473.5
59	531583.0
60	489962.5
61	439964.5
62	387118.0
63	336963.5
64	288081.0
65	243632.0
66	203335.5
67	169138.5
68	141520.5
69	114958.0
70	90323.0
71	69884.5
72	53770.0
73	41398.5
74	32017.0
75	24840.0
76	18731.5
77	13932.0
78	10312.5
79	7438.0
80	5691.5
81	4402.5
82	3423.5
83	2787.0
84	2105.0
85	1511.5
86	1154.0
87	858.5
88	679.5
89	546.5
90	404.0
91	278.0
92	197.0
93	142.0
94	101.5
95	62.5
96	40.5
97	29.5
98	18.5
99	12.0
100	7.0
>>END_MODULE
>>Per base N content	pass
#Base	N-Count
1	0.029830624942617436
2	0.24597135315956314
3	0.06306514557737218
4	0.036864456275198056
5	0.045493863713468044
6	0.03675808453481876
7	0.041604646955850214
8	0.035468327182719854
9	0.03427164510345283
10-14	0.04424532541076611
15-19	0.041249631272334324
20-24	0.07152701752454478
25-29	0.03395651882257918
30-34	0.054929037085111154
35-39	0.03951045331713292
40-44	0.04403790051702649
45-49	0.03835100134699865
50-54	0.03919931597652349
55-59	0.04199290380823462
60-64	0.04300210569508315
65-69	0.038207399497486604
70-74	0.03345258270253229
75-79	0.037791220063252626
80-84	0.046838136582511326
85-89	0.05114619206787261
90-94	0.03693226825968985
95-99	0.03900119861006706
100	0.03810767599088102
>>END_MODULE
>>Sequence Length Distribution	pass
#Length	Count
100	1.5041589E7
>>END_MODULE
>>Sequence Duplication Levels	warn
#Total Duplicate Percentage	44.31054919004347
#Duplication Level	Relative count
1	100.0
2	23.591614723221674
3	9.086302133481984
4	4.820182773357658
5	3.406307538978699
6	2.5794354634368823
7	1.9417557729015693
8	1.5819523978445582
9	1.3015422557813476
10++	20.61267926823088
>>END_MODULE
>>Overrepresented sequences	warn
#Sequence	Count	Percentage	Possible Source
TTTTTTTTTTTTTTTTTTTTTTTTTTTTTTTTTTTTTTTTTTTTTTTTTT	18438	0.1225801343195855	No Hit
>>END_MODULE
>>Kmer Content	fail
#Sequence	Count	Obs/Exp Overall	Obs/Exp Max	Max Obs/Exp Position
TTTTT	14078205	10.030886	13.96723	10-14
AAAAA	8493545	6.380049	7.6852345	2
CTCCT	3394690	2.4598064	5.3895087	1
GGAGG	3666165	2.4460466	5.262214	1
CTCCA	3144135	2.302452	5.3907547	1
CTGGA	3178020	2.2151825	6.56963	1
GGAGA	2997365	2.0599797	5.056905	1
GAAAA	2814455	2.0523849	5.3627276	2
GGGGG	3154015	2.0428944	6.4103794	1
CTTTT	2682235	1.9218748	6.0454764	1
GTTTT	2635070	1.8420532	6.2359915	1
GGAAA	2322300	1.6440393	5.858989	1
CTGGG	2263970	1.5319798	6.3315787	1
GTGGA	2206260	1.5003461	5.3213363	1
GGGAG	2247155	1.4992905	5.31131	1
GGGGA	2062575	1.3761396	5.257722	1
GTGGG	1558225	1.0287132	5.0519614	1
>>END_MODULE
