##FastQC	0.10.1
>>Basic Statistics	pass
#Measure	Value	
Filename	L_goodei_NA_BW_1_R2.fastq.gz	
File type	Conventional base calls	
Encoding	Sanger / Illumina 1.9	
Total Sequences	10362426	
Filtered Sequences	0	
Sequence length	100	
%GC	51	
>>END_MODULE
>>Per base sequence quality	pass
#Base	Mean	Median	Lower Quartile	Upper Quartile	10th Percentile	90th Percentile
1	29.865685602965947	31.0	31.0	34.0	26.0	34.0
2	29.89688804532838	31.0	31.0	34.0	25.0	34.0
3	29.944599170117115	31.0	31.0	34.0	25.0	34.0
4	33.26014120631597	37.0	35.0	37.0	27.0	37.0
5	33.190518899724836	37.0	35.0	37.0	26.0	37.0
6	33.11057873899413	37.0	35.0	37.0	26.0	37.0
7	33.11747268448527	37.0	35.0	37.0	26.0	37.0
8	33.05163810096207	37.0	35.0	37.0	26.0	37.0
9	34.48636641651289	39.0	35.0	39.0	27.0	39.0
10-14	34.56655074786541	39.2	35.2	39.4	25.4	39.4
15-19	35.26666695617416	40.0	35.8	41.0	24.6	41.0
20-24	34.953247974943324	39.6	35.0	41.0	22.2	41.0
25-29	34.63408281033804	39.0	34.8	41.0	19.2	41.0
30-34	33.756702995997266	38.6	33.2	41.0	14.4	41.0
35-39	33.533922017874964	38.0	32.8	40.0	11.4	41.0
40-44	33.11271642374093	38.0	32.8	40.0	7.4	41.0
45-49	32.68368044317036	37.8	32.0	40.0	2.8	41.0
50-54	31.79483175078886	36.0	31.0	39.6	2.0	40.6
55-59	31.657910686165575	35.4	31.0	39.6	2.0	41.0
60-64	30.885082913981726	35.0	30.6	38.6	2.0	40.8
65-69	30.092951669811686	35.0	30.0	36.8	2.0	39.8
70-74	29.406700631686057	35.0	29.2	35.6	2.0	38.8
75-79	28.727232561178237	34.0	29.0	35.0	2.0	36.8
80-84	28.12468817630157	34.0	28.6	35.0	2.0	36.0
85-89	27.60018078778078	34.0	27.0	35.0	2.0	35.0
90-94	27.072508117307667	34.0	26.2	35.0	2.0	35.0
95-99	26.434844987071564	34.0	24.8	35.0	2.0	35.0
100	25.12148496886733	33.0	19.0	35.0	2.0	35.0
>>END_MODULE
>>Per sequence quality scores	pass
#Quality	Count
2	502311.0
3	76079.0
4	50343.0
5	43721.0
6	44315.0
7	45252.0
8	47121.0
9	50378.0
10	52038.0
11	53182.0
12	50649.0
13	49318.0
14	48704.0
15	49064.0
16	49510.0
17	49097.0
18	50065.0
19	50550.0
20	52834.0
21	56445.0
22	62777.0
23	72517.0
24	86638.0
25	103978.0
26	123854.0
27	145453.0
28	171771.0
29	204584.0
30	244084.0
31	298956.0
32	374033.0
33	486650.0
34	665763.0
35	974584.0
36	1503543.0
37	1908597.0
38	1246243.0
39	217152.0
40	273.0
>>END_MODULE
>>Per base sequence content	fail
#Base	G	A	T	C
1	36.92270814673282	12.430649291572921	7.538995202239071	43.107647359455186
2	28.154849451278686	17.06459900518283	32.399656312363746	22.380895231174737
3	27.979558875631966	22.03626383280253	19.64055710607586	30.34362018548964
4	30.95002590096852	27.725224994753194	17.10315381699957	24.221595287278717
5	31.56567736207498	28.765859988663557	20.043007422367047	19.62545522689442
6	24.105901947339405	32.206779038282335	22.1506949143167	21.53662410006156
7	22.506651060800515	18.45671061576688	35.844183201077996	23.19245512235461
8	22.12784592752901	20.17351709002284	29.522611258133587	28.17602572431457
9	22.804926269679825	19.23837552341808	31.444037320037626	26.512660886864463
10-14	25.57565339992962	25.458499296498115	24.283486943681872	24.682360359890392
15-19	25.842269556342757	24.11729853896164	24.781551179770286	25.25888072492531
20-24	25.621885330819083	24.598696640248967	24.71259367323753	25.06682435569442
25-29	25.590747631200294	24.620442791163175	24.61420115670055	25.174608420935986
30-34	25.742976253096995	24.56497863488798	24.564951599364594	25.127093512650433
35-39	25.63768759952079	24.598537909002822	24.50716373916381	25.256610752312582
40-44	25.88695075907035	24.523319971335823	24.313467612699053	25.27626165689477
45-49	25.78241204179374	24.508495445760627	24.242041488011434	25.467051024434195
50-54	25.718360592366587	24.68818613342076	24.279157720361084	25.314295553851572
55-59	26.016021388994865	24.28348468349194	24.123464707986578	25.57702921952662
60-64	25.931546989554132	24.29553443925103	24.209306338975296	25.56361223221954
65-69	25.84872413902188	24.316081821007458	24.22311183085275	25.612082209117915
70-74	26.05036158204878	24.371969201843584	24.149277270428936	25.4283919456787
75-79	26.0321877698247	24.248477713391114	24.136422402310217	25.582912114473967
80-84	25.982370503553426	24.27580807073135	24.148118469576485	25.593702956138735
85-89	26.07601680837121	24.340039374185253	23.964767749915428	25.61917606752811
90-94	26.005414416477198	24.296863243007643	24.01823076137125	25.679491579143914
95-99	25.924589302446226	24.375743213415507	24.067079311493252	25.63258817264501
100	26.469725240110165	23.78549273574727	23.4778137966492	26.266968227493372
>>END_MODULE
>>Per base GC content	fail
#Base	%GC
1	80.03035550618802
2	50.53574468245342
3	58.32317906112161
4	55.17162118824723
5	51.1911325889694
6	45.64252604740096
7	45.69910618315512
8	50.30387165184358
9	49.31758715654429
10-14	50.25801375982001
15-19	51.10115028126807
20-24	50.6887096865135
25-29	50.765356052136276
30-34	50.87006976574743
35-39	50.89429835183337
40-44	51.16321241596512
45-49	51.24946306622794
50-54	51.03265614621816
55-59	51.59305060852149
60-64	51.495159221773676
65-69	51.46080634813978
70-74	51.478753527727484
75-79	51.615099884298665
80-84	51.57607345969216
85-89	51.69519287589932
90-94	51.68490599562111
95-99	51.557177475091244
100	52.73669346760354
>>END_MODULE
>>Per sequence GC content	warn
#GC Content	Count
0	14424.0
1	9175.0
2	3326.0
3	2656.0
4	2263.5
5	1744.5
6	1514.0
7	1417.0
8	1383.0
9	1399.5
10	1405.5
11	1385.5
12	1367.0
13	1465.0
14	1583.0
15	1731.0
16	1955.5
17	2268.5
18	2832.5
19	3685.5
20	4811.5
21	6654.0
22	9356.0
23	12808.0
24	17161.0
25	22702.0
26	29351.5
27	37221.5
28	46192.0
29	56337.5
30	67110.5
31	78596.0
32	90704.0
33	101960.5
34	113162.0
35	124547.5
36	135075.5
37	143980.0
38	153837.5
39	164216.5
40	173450.5
41	186034.0
42	199836.5
43	212735.5
44	231008.0
45	251569.5
46	273006.0
47	294261.0
48	312965.5
49	331007.5
50	348796.5
51	373299.0
52	396902.0
53	402887.0
54	396011.5
55	400633.5
56	405333.5
57	388908.0
58	366664.5
59	347842.5
60	330662.0
61	303971.5
62	266430.0
63	233423.5
64	212237.5
65	195063.0
66	171447.0
67	148978.0
68	131516.5
69	110196.0
70	88850.5
71	72668.5
72	58029.0
73	47891.5
74	44468.5
75	39499.0
76	32560.5
77	24955.0
78	18220.0
79	15288.0
80	12789.5
81	11851.0
82	10702.5
83	7096.5
84	4213.0
85	2861.0
86	1951.0
87	1321.5
88	911.5
89	587.5
90	342.5
91	221.5
92	153.0
93	112.5
94	86.5
95	53.0
96	35.0
97	25.0
98	14.5
99	15.5
100	14.5
>>END_MODULE
>>Per base N content	pass
#Base	N-Count
1	0.03709556044115538
2	0.051599885972647724
3	0.037597373433595566
4	0.03609193445627501
5	0.045153519069762234
6	0.03399783023782269
7	0.03790618142894338
8	0.04438149908139272
9	0.034682997977500636
10-14	0.03136138197754078
15-19	0.048361262121437584
20-24	0.046564385598507535
25-29	0.0285647395696722
30-34	0.054830789623974155
35-39	0.05471498662571872
40-44	0.09103080687862089
45-49	0.06625668545184303
50-54	0.06338670114507934
55-59	0.07086950488235091
60-64	0.06181178036880553
65-69	0.06379973183885704
70-74	0.061043620480377855
75-79	0.05725879248739629
80-84	0.06303350200040028
85-89	0.06080236423401239
90-94	0.05363029854205955
95-99	0.05023727069317552
100	0.05019094949387335
>>END_MODULE
>>Sequence Length Distribution	pass
#Length	Count
100	1.0362426E7
>>END_MODULE
>>Sequence Duplication Levels	warn
#Total Duplicate Percentage	46.273722243659456
#Duplication Level	Relative count
1	100.0
2	20.682957086659158
3	7.80977098738227
4	4.509247016959666
5	2.9912018673587646
6	2.2256500661084178
7	1.89102721055123
8	1.5123320764572417
9	1.311558363122929
10++	20.296916572809035
>>END_MODULE
>>Overrepresented sequences	warn
#Sequence	Count	Percentage	Possible Source
TTTTTTTTTTTTTTTTTTTTTTTTTTTTTTTTTTTTTTTTTTTTTTTTTT	18870	0.18210021475666024	No Hit
>>END_MODULE
>>Kmer Content	fail
#Sequence	Count	Obs/Exp Overall	Obs/Exp Max	Max Obs/Exp Position
TTTTT	6895570	8.250076	10.689344	2
AAAAA	4750420	5.699108	8.674251	2
AAGAA	2128600	2.3824074	5.0932846	2
CTCCT	2258685	2.3298402	5.4379272	1
GAAGA	2183110	2.2795267	5.568403	2
CTCCA	2132645	2.2010324	5.6845675	1
CTGGA	2114845	2.0994248	6.5834446	1
GAAAA	1869655	2.0925865	5.906449	2
GGAGA	2022725	1.9703937	5.1247873	2
CTTTT	1702095	1.9382024	5.2435923	1
GTTTT	1664055	1.8584033	6.675353	1
GGAAA	1551785	1.6203194	6.2191954	1
GGGAG	1550720	1.4092778	5.2257924	1
CTGGG	1507835	1.3964413	5.7250004	1
>>END_MODULE
