##FastQC	0.10.1
>>Basic Statistics	pass
#Measure	Value	
Filename	F_diaphanus_NA_BW_2_R2.fastq.gz	
File type	Conventional base calls	
Encoding	Sanger / Illumina 1.9	
Total Sequences	10785063	
Filtered Sequences	0	
Sequence length	100	
%GC	48	
>>END_MODULE
>>Per base sequence quality	pass
#Base	Mean	Median	Lower Quartile	Upper Quartile	10th Percentile	90th Percentile
1	29.41537763849873	31.0	30.0	34.0	25.0	34.0
2	29.431304851904898	31.0	30.0	34.0	23.0	34.0
3	29.47595002458493	31.0	30.0	34.0	23.0	34.0
4	32.790104239539446	37.0	35.0	37.0	25.0	37.0
5	32.7098544533305	37.0	35.0	37.0	25.0	37.0
6	32.594984841535	37.0	35.0	37.0	23.0	37.0
7	32.64177835586125	37.0	35.0	37.0	25.0	37.0
8	32.585428012798815	37.0	35.0	37.0	23.0	37.0
9	33.928336811755294	38.0	35.0	39.0	23.0	39.0
10-14	34.00629541060632	38.2	34.4	39.4	22.4	39.4
15-19	34.66267191948716	39.0	34.0	41.0	19.2	41.0
20-24	34.339879461065735	39.0	34.0	41.0	17.8	41.0
25-29	34.078750787083955	39.0	34.0	41.0	16.0	41.0
30-34	33.724657148502516	38.6	33.0	40.4	11.2	41.0
35-39	33.273750241421865	38.0	32.8	40.0	8.4	41.0
40-44	32.78060756807818	38.0	32.0	40.0	3.8	41.0
45-49	32.27718627142002	37.8	31.0	40.0	2.0	41.0
50-54	31.57836774806044	36.4	30.6	39.6	2.0	40.6
55-59	31.52401887684847	36.2	31.0	39.8	2.0	41.0
60-64	30.72872824201398	35.0	30.0	39.0	2.0	40.8
65-69	29.960891948429044	35.0	29.2	37.4	2.0	40.0
70-74	29.201909585507288	34.6	29.0	36.2	2.0	39.0
75-79	28.460858930541253	34.0	28.4	35.2	2.0	37.6
80-84	27.77586122584541	34.0	27.0	35.0	2.0	36.2
85-89	27.207896124482538	34.0	26.2	35.0	2.0	35.4
90-94	26.65443901440353	33.8	25.0	35.0	2.0	35.0
95-99	25.95604396562171	33.0	23.0	35.0	2.0	35.0
100	24.63754268287538	32.0	17.0	35.0	2.0	35.0
>>END_MODULE
>>Per sequence quality scores	pass
#Quality	Count
2	596812.0
3	82731.0
4	55512.0
5	45254.0
6	43622.0
7	44262.0
8	46901.0
9	50986.0
10	54329.0
11	55605.0
12	54264.0
13	53598.0
14	54131.0
15	55475.0
16	56020.0
17	54888.0
18	55457.0
19	57362.0
20	59108.0
21	62721.0
22	68716.0
23	80231.0
24	94236.0
25	113142.0
26	133908.0
27	158770.0
28	187222.0
29	222463.0
30	264314.0
31	321708.0
32	400471.0
33	514111.0
34	689533.0
35	974948.0
36	1470150.0
37	1890802.0
38	1330324.0
39	230699.0
40	277.0
>>END_MODULE
>>Per base sequence content	fail
#Base	G	A	T	C
1	38.936674016012724	11.753054180625833	10.842609065158172	38.467662738203266
2	29.429064155025152	20.31172568362482	26.37744940243996	23.88176075891006
3	29.884517419695488	25.432363953242227	19.76622968465942	24.916888942402863
4	31.983123842377758	30.063211380812877	17.480192119258874	20.47347265755049
5	30.28626555198683	31.476168500631935	20.33900490474589	17.898561042635343
6	22.702239644981393	35.298888340562584	22.364715944298293	19.634156070157733
7	22.315246968921855	19.555749528890612	36.26421270814964	21.864790794037887
8	22.85488571142619	21.61505626704909	29.30065200822299	26.229406013301737
9	22.104164706978086	20.293876290912962	32.108187054756435	25.49377194735251
10-14	24.953025505459177	26.59244552143094	24.931384282688164	23.523144690421717
15-19	24.73479707154405	25.50677293929084	25.88589955392242	23.872530435242687
20-24	24.699798166383157	26.151884114670466	25.532766039249626	23.61555167969675
25-29	24.660543630642888	26.006512589676746	25.473184430276763	23.859759349403603
30-34	24.46853219440208	25.970539680395877	25.69532537710339	23.865602748098656
35-39	24.46135561656987	25.992901769786297	25.54698017273106	23.998762440912778
40-44	24.60580734342933	25.904277382508194	25.529818301874563	23.96009697218791
45-49	24.55326154749358	25.898554358704285	25.492246725893636	24.055937367908502
50-54	24.456034004851666	26.004161984119083	25.547627047805072	23.99217696322418
55-59	24.712977584424756	25.710068554145067	25.422415144684674	24.154538716745506
60-64	24.529129864882947	25.82839297243599	25.458339604475434	24.18413755820563
65-69	24.508212224169654	25.81895101703787	25.541613828163996	24.131222930628475
70-74	24.659596550586542	25.875653646414985	25.352938771866462	24.111811031132003
75-79	24.551370391986016	25.746508638065084	25.473733983504925	24.22838698644397
80-84	24.603018148510653	25.88188938295628	25.34449350639999	24.17059896213308
85-89	24.716196833242986	25.696011220848092	25.299620064132387	24.28817188177653
90-94	24.584172286140625	25.716232795425732	25.3536200114372	24.345974906996446
95-99	24.64369975298723	25.791156581422264	25.33510317645794	24.230040489132563
100	25.119750100302074	25.37612814318497	24.8971462992524	24.606975457260553
>>END_MODULE
>>Per base GC content	fail
#Base	%GC
1	77.40433675421599
2	53.31082491393522
3	54.80140636209835
4	52.456596499928246
5	48.18482659462217
6	42.336395715139126
7	44.18003776295974
8	49.084291724727926
9	47.5979366543306
10-14	48.47617019588089
15-19	48.60732750678674
20-24	48.31534984607991
25-29	48.520302980046495
30-34	48.33413494250074
35-39	48.460118057482646
40-44	48.56590431561724
45-49	48.60919891540208
50-54	48.44821096807584
55-59	48.86751630117027
60-64	48.71326742308858
65-69	48.639435154798136
70-74	48.77140758171855
75-79	48.77975737842999
80-84	48.77361711064373
85-89	49.00436871501952
90-94	48.93014719313707
95-99	48.873740242119794
100	49.72672555756263
>>END_MODULE
>>Per sequence GC content	warn
#GC Content	Count
0	8836.0
1	5592.5
2	2185.5
3	1866.5
4	1593.5
5	1365.0
6	1267.0
7	1261.5
8	1279.0
9	1299.0
10	1258.0
11	1320.5
12	1381.5
13	1491.5
14	1674.0
15	1874.0
16	2273.0
17	2757.0
18	3508.5
19	4665.5
20	6407.5
21	9154.0
22	12660.0
23	17211.5
24	23357.5
25	31911.0
26	42541.5
27	54676.0
28	67414.5
29	79880.5
30	94489.5
31	112760.0
32	129729.5
33	145436.5
34	164718.5
35	180045.5
36	189671.5
37	200923.0
38	212311.0
39	223414.0
40	234344.0
41	245210.0
42	256827.5
43	271584.5
44	291048.0
45	306504.5
46	320240.5
47	336784.0
48	353786.5
49	369370.0
50	383094.0
51	398162.0
52	412017.5
53	418428.5
54	416350.0
55	409597.5
56	398647.5
57	383241.5
58	360927.0
59	328967.5
60	294570.0
61	260141.0
62	227067.0
63	197636.5
64	167517.0
65	138823.0
66	115038.5
67	95469.5
68	78846.0
69	63506.0
70	49094.5
71	37061.0
72	27951.0
73	21776.0
74	17672.5
75	14061.5
76	10505.0
77	7773.0
78	5603.5
79	3939.5
80	3014.0
81	2403.0
82	1895.0
83	1566.0
84	1214.5
85	821.0
86	539.5
87	373.5
88	288.5
89	225.0
90	153.0
91	102.5
92	75.0
93	50.5
94	34.0
95	27.5
96	17.5
97	12.0
98	10.5
99	8.0
100	3.5
>>END_MODULE
>>Per base N content	pass
#Base	N-Count
1	0.04183563879042709
2	0.05000434397091607
3	0.04551665576733302
4	0.04528485369070167
5	0.04346752540991184
6	0.044348373301110994
7	0.04318936291795421
8	0.0376817455771932
9	0.04904004733212963
10-14	0.035111524151504724
15-19	0.040216733087233704
20-24	0.04264416443371726
25-29	0.026039718080459986
30-34	0.04324499541634574
35-39	0.03560850780380235
40-44	0.08826837636460724
45-49	0.06511598495066742
50-54	0.06251423844255707
55-59	0.07800974366120995
60-64	0.07589199988910589
65-69	0.07017668788768318
70-74	0.06231210703173454
75-79	0.06362688841038759
80-84	0.07951182111778114
85-89	0.07400049494379402
90-94	0.054252812431415554
95-99	0.06637513383092894
100	0.070644000874172
>>END_MODULE
>>Sequence Length Distribution	pass
#Length	Count
100	1.0785063E7
>>END_MODULE
>>Sequence Duplication Levels	warn
#Total Duplicate Percentage	40.54718458581496
#Duplication Level	Relative count
1	100.0
2	22.79766276062454
3	8.622561384463106
4	4.617005651521441
5	2.9782240812286473
6	2.1336888150962676
7	1.7162106069797887
8	1.4376257224049298
9	1.133497238098279
10++	14.211022063284268
>>END_MODULE
>>Overrepresented sequences	warn
#Sequence	Count	Percentage	Possible Source
TTTTTTTTTTTTTTTTTTTTTTTTTTTTTTTTTTTTTTTTTTTTTTTTTT	16616	0.1540649322122643	No Hit
>>END_MODULE
>>Kmer Content	warn
#Sequence	Count	Obs/Exp Overall	Obs/Exp Max	Max Obs/Exp Position
TTTTT	6712905	6.245068	7.7551837	2
AAAAA	5278500	4.536205	8.668318	2
GGAGG	2475015	2.4159288	5.4214473	1
GAGGA	2554460	2.4153183	5.0819907	2
CTGGA	2206705	2.1949284	6.5515723	1
GAAGA	2341020	2.1441212	5.2664027	2
GAAAA	2239110	1.9865	6.20976	1
GGAGA	2065145	1.9526564	5.3594995	1
GGGGG	1900285	1.914944	5.721163	1
GTTTT	2003870	1.8942546	5.677535	1
AAAAT	2072940	1.8099134	5.263354	3
GGAAG	1748530	1.6532874	5.030089	1
GGAAA	1784445	1.6343588	6.705619	1
CTGGG	1500125	1.5404038	5.403078	1
GCCAG	1409320	1.4748224	5.5309615	1
GGGAG	1503380	1.4674898	5.776038	1
GGGGA	1358905	1.3264638	5.303875	1
GGGAA	1374360	1.2994986	5.213397	1
>>END_MODULE
