##FastQC	0.10.1
>>Basic Statistics	pass
#Measure	Value	
Filename	L_parva_NA_BW_3_R2.fastq.gz	
File type	Conventional base calls	
Encoding	Sanger / Illumina 1.9	
Total Sequences	15104578	
Filtered Sequences	0	
Sequence length	100	
%GC	50	
>>END_MODULE
>>Per base sequence quality	pass
#Base	Mean	Median	Lower Quartile	Upper Quartile	10th Percentile	90th Percentile
1	30.234045664830887	31.0	31.0	34.0	26.0	34.0
2	30.285800437456775	31.0	31.0	34.0	26.0	34.0
3	30.322923023734923	31.0	31.0	34.0	26.0	34.0
4	33.67673615244332	37.0	35.0	37.0	28.0	37.0
5	33.621876029902985	37.0	35.0	37.0	28.0	37.0
6	33.55990144180129	37.0	35.0	37.0	28.0	37.0
7	33.57037614688739	37.0	35.0	37.0	28.0	37.0
8	33.50634827401335	37.0	35.0	37.0	28.0	37.0
9	34.97751761088592	39.0	35.0	39.0	28.0	39.0
10-14	35.06182681833282	39.2	35.2	39.4	27.0	39.4
15-19	35.79695145405585	40.0	36.0	41.0	27.0	41.0
20-24	35.50569338646866	40.0	35.8	41.0	25.4	41.0
25-29	35.208986957464155	39.4	35.0	41.0	24.4	41.0
30-34	34.33555831880905	39.0	34.2	41.0	18.8	41.0
35-39	34.144623345319545	38.6	33.6	40.4	18.8	41.0
40-44	33.736974392796675	38.0	33.0	40.0	15.6	41.0
45-49	33.31276504381652	38.0	33.0	40.0	12.4	41.0
50-54	32.410932804610624	36.6	31.8	39.6	8.0	40.6
55-59	32.275534874261304	35.8	32.0	39.8	3.8	41.0
60-64	31.496183567657436	35.0	31.2	38.8	2.0	40.8
65-69	30.69369714268085	35.0	31.0	37.2	2.0	39.8
70-74	30.004628649671645	35.0	30.0	35.8	2.0	39.0
75-79	29.316478447792452	34.4	29.6	35.0	2.0	37.2
80-84	28.70725058323377	34.0	29.0	35.0	2.0	36.0
85-89	28.185497774250955	34.0	29.0	35.0	2.0	35.2
90-94	27.662685260058243	34.0	27.4	35.0	2.0	35.0
95-99	27.033360190532967	34.0	26.8	35.0	2.0	35.0
100	25.723044563045722	33.0	23.0	35.0	2.0	35.0
>>END_MODULE
>>Per sequence quality scores	pass
#Quality	Count
2	583292.0
3	94615.0
4	63584.0
5	55411.0
6	58195.0
7	59129.0
8	62260.0
9	66073.0
10	70183.0
11	72418.0
12	71651.0
13	70135.0
14	69954.0
15	70612.0
16	71173.0
17	69544.0
18	69595.0
19	70503.0
20	72771.0
21	78871.0
22	86773.0
23	100377.0
24	120767.0
25	147467.0
26	174047.0
27	207459.0
28	246600.0
29	294599.0
30	350902.0
31	428050.0
32	539608.0
33	703457.0
34	961584.0
35	1416670.0
36	2243909.0
37	2925779.0
38	1914697.0
39	341412.0
40	452.0
>>END_MODULE
>>Per base sequence content	fail
#Base	G	A	T	C
1	34.61309306197102	14.335885302585721	7.174688163292123	43.87633347215114
2	25.700856299097204	16.159619138234813	39.12222337699914	19.017301185668853
3	25.828777719723018	21.557244626069235	22.54720599444816	30.066771659759596
4	28.036196623266253	27.95781440574424	18.97326514025218	25.032723830737325
5	30.0438065158566	29.153535022494076	21.40438902369187	19.39826943795746
6	23.277909754448334	32.54899675286616	22.786250113414578	21.38684337927093
7	21.495510751003945	18.827731336763414	36.554095572927466	23.12266233930518
8	21.119598959433098	20.65111070899549	30.20508647414042	28.024203857430997
9	22.839650810752243	19.583025429959825	31.192619537924404	26.38470422136353
10-14	24.99054863681495	25.56725298385658	24.755098666562755	24.68709971276571
15-19	25.32049716139867	24.382466834587262	25.235712433348322	25.06132357066575
20-24	25.11104715096426	24.763919034049117	25.102179513906446	25.022854301080176
25-29	25.168999492541268	24.8659017055853	24.943599287677024	25.02149951419641
30-34	25.334120026208552	24.77477381398544	24.858957865196114	25.03214829460989
35-39	25.16855361601461	24.745074210675078	24.91258420129338	25.17378797201693
40-44	25.41483613677555	24.68299349461279	24.694878699805205	25.20729166880646
45-49	25.373241354280296	24.717792023617957	24.594231961092103	25.31473466100965
50-54	25.354913080296416	24.836445649226512	24.607886779504486	25.20075449097258
55-59	25.671969535073735	24.519089499439666	24.445296622692254	25.363644342794338
60-64	25.599675172649654	24.49653039241947	24.479185898670874	25.424608536260003
65-69	25.502350295640387	24.554773938110582	24.557535118296762	25.38534064795227
70-74	25.66340763017232	24.571037928356752	24.45390954869689	25.311644892774037
75-79	25.698815135888626	24.47797595465228	24.366429920659296	25.456778988799794
80-84	25.61432941252007	24.46429650062584	24.44802239998851	25.47335168686558
85-89	25.773884616099547	24.602156632714987	24.223623921415683	25.400334829769783
90-94	25.68706590313028	24.47735489371191	24.253958022314702	25.58162118084311
95-99	25.585214709159835	24.59448230909943	24.327101762134433	25.4932012196063
100	26.019250929695893	24.151910616718755	23.717013704780264	26.11182474880509
>>END_MODULE
>>Per base GC content	fail
#Base	%GC
1	78.48942653412216
2	44.71815748476605
3	55.89554937948261
4	53.068920454003575
5	49.442075953814054
6	44.664753133719266
7	44.61817309030912
8	49.143802816864095
9	49.224355032115774
10-14	49.677648349580664
15-19	50.38182073206442
20-24	50.13390145204444
25-29	50.190499006737674
30-34	50.36626832081844
35-39	50.34234158803154
40-44	50.622127805582004
45-49	50.687976015289934
50-54	50.555667571269005
55-59	51.03561387786808
60-64	51.02428370890966
65-69	50.88769094359266
70-74	50.97505252294636
75-79	51.15559412468842
80-84	51.08768109938565
85-89	51.174219445869326
90-94	51.26868708397338
95-99	51.07841592876614
100	52.131075678500984
>>END_MODULE
>>Per sequence GC content	warn
#GC Content	Count
0	9277.0
1	6713.5
2	3877.0
3	3506.0
4	3297.5
5	3070.5
6	2909.5
7	2920.5
8	2925.5
9	2856.5
10	2827.5
11	2893.5
12	3009.5
13	3036.5
14	3080.5
15	3259.5
16	3551.5
17	4008.5
18	4786.5
19	6035.0
20	8023.5
21	10985.5
22	14878.5
23	20014.5
24	27055.0
25	36297.0
26	47313.0
27	60284.5
28	75057.0
29	91347.5
30	108655.5
31	126906.0
32	146953.0
33	166171.5
34	183515.0
35	199767.0
36	213763.5
37	227724.5
38	243344.0
39	257589.5
40	272815.5
41	295112.0
42	314040.5
43	330712.0
44	359401.5
45	389858.0
46	421231.5
47	446166.0
48	465163.5
49	484506.5
50	513651.0
51	544478.5
52	568616.5
53	579224.0
54	569330.0
55	572326.5
56	575267.0
57	552448.5
58	525799.0
59	498584.5
60	467069.0
61	420552.0
62	359672.5
63	310882.5
64	282166.0
65	260626.0
66	226676.0
67	197160.0
68	176101.5
69	144600.0
70	112861.0
71	87803.0
72	68853.5
73	62729.0
74	56829.0
75	49400.0
76	40736.5
77	32186.5
78	26690.5
79	22872.5
80	23250.5
81	21074.5
82	14325.5
83	8278.5
84	4887.5
85	3117.5
86	1954.5
87	1263.5
88	818.5
89	512.5
90	327.0
91	222.5
92	147.5
93	102.0
94	75.5
95	57.0
96	40.5
97	28.0
98	18.0
99	15.0
100	11.0
>>END_MODULE
>>Per base N content	pass
#Base	N-Count
1	0.03740587787358243
2	0.05208354712061469
3	0.038445297842812955
4	0.03634659637627744
5	0.04517835586005779
6	0.03381756180146178
7	0.03718078055540512
8	0.04405286926917124
9	0.034055900138355404
10-14	0.030717839319973055
15-19	0.048221141961066374
20-24	0.0462257204405181
25-29	0.028049774048636112
30-34	0.05383665799865445
35-39	0.054056458909345226
40-44	0.08968804027494182
45-49	0.0655086159970838
50-54	0.06272005745542841
55-59	0.07090035881836619
60-64	0.06155352370652129
65-69	0.06344698938295396
70-74	0.060748469768569506
75-79	0.056727172384425435
80-84	0.06241418992308159
85-89	0.0597606897723326
90-94	0.05261716017488208
95-99	0.04928174756024299
100	0.049236728096607535
>>END_MODULE
>>Sequence Length Distribution	pass
#Length	Count
100	1.5104578E7
>>END_MODULE
>>Sequence Duplication Levels	fail
#Total Duplicate Percentage	52.39887353887963
#Duplication Level	Relative count
1	100.0
2	24.80459604509599
3	9.782804451968447
4	5.546950977920254
5	3.792817779058459
6	2.7365558477109824
7	2.352951770341822
8	1.8639916435543709
9	1.551525411518928
10++	27.66361704426755
>>END_MODULE
>>Overrepresented sequences	warn
#Sequence	Count	Percentage	Possible Source
TTTTTTTTTTTTTTTTTTTTTTTTTTTTTTTTTTTTTTTTTTTTTTTTTT	22857	0.1513249823993759	No Hit
>>END_MODULE
>>Kmer Content	fail
#Sequence	Count	Obs/Exp Overall	Obs/Exp Max	Max Obs/Exp Position
TTTTT	10425780	7.830421	12.931003	2
AAAAA	7157960	5.649132	7.6880436	2
AAGAA	3114010	2.3571897	5.0029993	2
CTCCT	3256340	2.2615561	7.4532905	1
GAAGA	3079060	2.2355006	5.9382095	2
CTCCA	3122305	2.1900606	7.1131644	1
GAAAA	2772490	2.0986714	5.617976	2
CTGGA	2994505	2.0765498	6.8586283	1
CTTCA	2681115	1.9303195	5.3357377	1
CTCTG	2766845	1.9106482	5.251264	1
CTTTT	2598750	1.9015515	6.536936	1
GTTTT	2546970	1.8530437	7.8403325	1
CTGAA	2452620	1.7732315	5.461551	1
CTTTG	2370090	1.6799397	5.158809	1
GGAAA	2270830	1.6486987	6.244365	1
GGAAG	2308610	1.6076419	5.0134625	1
CTCAG	2237285	1.5603441	5.5518813	1
CTGGG	2102470	1.398393	5.9726048	1
>>END_MODULE
