##FastQC	0.10.1
>>Basic Statistics	pass
#Measure	Value	
Filename	F_rathbuni_NA_BW_2_R1.fastq.gz	
File type	Conventional base calls	
Encoding	Sanger / Illumina 1.9	
Total Sequences	11031365	
Filtered Sequences	0	
Sequence length	100	
%GC	47	
>>END_MODULE
>>Per base sequence quality	pass
#Base	Mean	Median	Lower Quartile	Upper Quartile	10th Percentile	90th Percentile
1	30.30735579867043	31.0	30.0	34.0	26.0	34.0
2	30.602688969134825	31.0	30.0	34.0	27.0	34.0
3	29.13465015435533	31.0	30.0	34.0	16.0	34.0
4	32.86454477755019	37.0	33.0	37.0	19.0	37.0
5	33.626383770276846	37.0	35.0	37.0	28.0	37.0
6	31.00037837565886	37.0	32.0	37.0	10.0	37.0
7	31.870578210402794	37.0	32.0	37.0	17.0	37.0
8	33.04827924740048	37.0	33.0	37.0	27.0	37.0
9	34.781674253367555	38.0	35.0	39.0	28.0	39.0
10-14	34.412301415101396	38.8	34.2	39.4	21.6	39.4
15-19	35.58341142732563	39.4	35.0	41.0	27.0	41.0
20-24	35.521887998448065	40.0	35.0	41.0	26.8	41.0
25-29	35.15845047281094	39.0	34.6	41.0	24.8	41.0
30-34	34.7423041663475	39.0	34.0	41.0	23.6	41.0
35-39	34.4093989275126	39.0	33.2	41.0	21.6	41.0
40-44	34.126676743993144	39.0	33.0	41.0	19.0	41.0
45-49	33.72193394017876	38.0	33.0	40.2	16.0	41.0
50-54	33.08573860079872	37.6	32.4	40.0	10.2	41.0
55-59	32.4301523338227	36.4	31.6	40.0	6.0	41.0
60-64	31.635904187741044	35.2	31.0	39.0	2.0	41.0
65-69	30.902637814993888	35.0	30.6	37.8	2.0	40.0
70-74	30.084575335871854	35.0	30.0	36.4	2.0	39.2
75-79	29.014449653329393	33.8	29.0	35.2	2.0	37.4
80-84	28.88171159235507	34.0	29.0	35.0	2.0	36.4
85-89	28.372379012026165	34.0	29.0	35.0	2.0	35.6
90-94	27.935343377723427	34.0	28.6	35.0	2.0	35.0
95-99	27.371328734023393	34.0	27.4	35.0	2.0	35.0
100	26.340066800436755	33.0	25.0	35.0	2.0	35.0
>>END_MODULE
>>Per sequence quality scores	pass
#Quality	Count
2	317545.0
3	103388.0
4	53212.0
5	40757.0
6	44364.0
7	45061.0
8	44129.0
9	47530.0
10	52767.0
11	56787.0
12	59976.0
13	64078.0
14	65285.0
15	62968.0
16	61024.0
17	59139.0
18	56863.0
19	55739.0
20	54823.0
21	54979.0
22	59533.0
23	69089.0
24	83474.0
25	104284.0
26	133467.0
27	177723.0
28	224852.0
29	232957.0
30	278319.0
31	325975.0
32	372727.0
33	483714.0
34	659422.0
35	956869.0
36	1484919.0
37	2077694.0
38	1600943.0
39	304630.0
40	360.0
>>END_MODULE
>>Per base sequence content	fail
#Base	G	A	T	C
1	35.356335776083995	15.685703606673679	9.160333100054242	39.79762751718809
2	23.662933178229373	18.211917978264836	39.25815172876944	18.866997114736346
3	23.986721047425327	23.26631279542162	24.471369571123716	28.275596586029337
4	25.238288295067168	29.572615897708054	20.86532253253828	24.323773274686495
5	27.282245454031962	30.909463789695536	23.016917462803985	18.791373293468517
6	20.925111625478905	35.70376129825746	23.689463429647738	19.68166364661589
7	19.67495520349054	19.03359051334111	39.5170364564381	21.774417826730247
8	20.225955687534725	21.56421248706588	31.663275753552117	26.546556071847277
9	21.74531896472616	20.499340050467367	32.65256731068117	25.102773674125302
10-14	23.41764929571846	27.019932788625063	26.75461374495118	22.8078041707053
15-19	23.711650128761136	25.698215289461718	27.18237346530654	23.407761116470603
20-24	23.54262534807375	25.998388040747813	27.05247187031736	23.406514740861084
25-29	23.61379578609027	26.15659049903183	26.800401755776683	23.429211959101217
30-34	23.462243680226088	26.136123056815308	26.825859119027033	23.57577414393157
35-39	23.490991426032515	26.250311388630514	26.744860466607307	23.513836718729667
40-44	23.64732882370402	26.207895231637156	26.5224768403463	23.622299104312525
45-49	23.610370203219052	26.26315713694404	26.483646973561566	23.642825686275344
50-54	23.62987100401709	26.309799032370556	26.44687829837407	23.613451665238276
55-59	23.66089020312271	26.183108693218703	26.433730860982426	23.72227024267616
60-64	23.662903493064526	26.178162117338193	26.343543014943403	23.815391374653874
65-69	23.64465130753092	26.432037884861725	26.275434088459786	23.647876719147565
70-74	23.75442709667636	26.412380318222635	26.149288275913385	23.68390430918762
75-79	23.705447979735	26.305089635544643	26.174974019484143	23.814488365236212
80-84	23.665056709073546	26.38426857496135	26.16909426427927	23.781580451685834
85-89	23.780243031176866	26.37795069301824	26.038296288809043	23.803509986995852
90-94	23.616665400755522	26.34530740217863	26.074416319015555	23.963610878050293
95-99	23.68373255054136	26.488343404932547	26.037817069138335	23.790106975387758
100	23.889474190032875	26.313355322926054	25.657221659083945	24.139948827957124
>>END_MODULE
>>Per base GC content	fail
#Base	%GC
1	75.15396329327207
2	42.52993029296572
3	52.26231763345467
4	49.56206156975366
5	46.073618747500475
6	40.606775272094794
7	41.44937303022079
8	46.772511759382
9	46.848092638851455
10-14	46.22545346642376
15-19	47.11941124523174
20-24	46.94914008893483
25-29	47.04300774519149
30-34	47.038017824157656
35-39	47.004828144762186
40-44	47.26962792801655
45-49	47.25319588949439
50-54	47.24332266925536
55-59	47.38316044579887
60-64	47.478294867718404
65-69	47.29252802667849
70-74	47.438331405863984
75-79	47.51993634497121
80-84	47.44663716075938
85-89	47.58375301817272
90-94	47.58027627880582
95-99	47.473839525929115
100	48.029423017990005
>>END_MODULE
>>Per sequence GC content	fail
#GC Content	Count
0	32300.0
1	21266.0
2	8600.5
3	6717.5
4	6375.0
5	6266.5
6	6219.5
7	6294.0
8	6378.0
9	6365.0
10	6447.0
11	6509.0
12	6548.5
13	6698.0
14	6870.5
15	7050.0
16	7404.5
17	7974.0
18	8863.0
19	10191.5
20	12182.0
21	15034.0
22	19340.5
23	25466.0
24	33321.5
25	43511.0
26	56639.0
27	69993.0
28	82586.5
29	97577.0
30	114466.0
31	133715.0
32	153177.0
33	170565.0
34	185850.0
35	199456.5
36	212712.0
37	222745.0
38	231830.0
39	242313.5
40	251312.5
41	262816.5
42	274432.0
43	286642.0
44	305100.5
45	322099.5
46	338020.0
47	354513.5
48	367626.5
49	380606.0
50	394847.0
51	409583.5
52	424486.0
53	428173.0
54	419262.0
55	405198.5
56	388130.0
57	369171.5
58	341705.5
59	303930.5
60	265769.0
61	228685.0
62	193765.0
63	164787.5
64	137978.0
65	112618.0
66	90976.5
67	74042.5
68	60369.5
69	47337.5
70	34954.5
71	25387.5
72	18504.5
73	14575.5
74	11918.0
75	9179.0
76	6748.0
77	4815.5
78	3315.5
79	2316.0
80	1819.5
81	1534.5
82	1260.0
83	983.5
84	754.0
85	529.5
86	343.5
87	211.0
88	162.0
89	130.0
90	86.0
91	58.5
92	52.5
93	36.0
94	14.5
95	7.5
96	4.5
97	5.0
98	4.5
99	1.0
100	0.0
>>END_MODULE
>>Per base N content	pass
#Base	N-Count
1	0.027983844247742685
2	0.004387489671495776
3	3.4740578341846184
4	0.007424285208584795
5	0.015918247651129303
6	2.3921427674635005
7	0.028663723845598437
8	0.030476736106547105
9	0.02945238417911111
10-14	0.970715772708092
15-19	0.021197739355011826
20-24	0.01636968770410552
25-29	0.014319170836972579
30-34	0.03640891222437115
35-39	0.037601874292075364
40-44	0.026065677275658995
45-49	0.019071075972919037
50-54	0.015303636494667705
55-59	0.0037837565885998695
60-64	0.005319377973623391
65-69	0.001947175168258869
70-74	0.0029062586543007144
75-79	0.003682227901986744
80-84	0.0027956649063828457
85-89	0.0024475665522807016
90-94	0.009986071533305262
95-99	0.021739830021035474
100	0.01726894178553606
>>END_MODULE
>>Sequence Length Distribution	pass
#Length	Count
100	1.1031365E7
>>END_MODULE
>>Sequence Duplication Levels	warn
#Total Duplicate Percentage	41.66589490451759
#Duplication Level	Relative count
1	100.0
2	19.309233504794562
3	7.786403759446244
4	4.571505683622277
5	3.1355178764209057
6	2.375055566139582
7	1.8320950022226457
8	1.547120086365657
9	1.2502381405982093
10++	16.953229186511717
>>END_MODULE
>>Overrepresented sequences	warn
#Sequence	Count	Percentage	Possible Source
TTTTTTTTTTTTTTTTTTTTTTTTTTTTTTTTTTTTTTTTTTTTTTTTTT	50306	0.4560269739964184	No Hit
>>END_MODULE
>>Kmer Content	fail
#Sequence	Count	Obs/Exp Overall	Obs/Exp Max	Max Obs/Exp Position
TTTTT	14813990	10.6925125	16.106222	2
AAAAA	8173525	6.4478054	8.865436	95-96
CTCCT	2430925	2.4556541	7.9820685	1
CTCCA	2259820	2.323745	7.095366	1
CTGGA	2188655	2.2574823	6.814875	1
CTCTG	2203595	2.2294292	5.463447	1
GAAGA	2308205	2.2054474	5.5448804	2
GGAGA	1984510	2.0868227	5.2469807	1
GAAAA	2284755	1.9835907	5.1814647	2
GTTTT	2157075	1.7442223	6.655952	1
GGAAG	1637460	1.7218804	5.2355275	1
CTCAG	1658860	1.708404	5.610875	1
GGAAA	1719190	1.6426547	6.270864	1
CTGGG	1391125	1.579149	5.613002	1
GGGAG	1302185	1.5070056	5.1632485	1
>>END_MODULE
