##FastQC	0.10.1
>>Basic Statistics	pass
#Measure	Value	
Filename	L_goodei_NA_FW_2_R1.fastq.gz	
File type	Conventional base calls	
Encoding	Sanger / Illumina 1.9	
Total Sequences	7021444	
Filtered Sequences	0	
Sequence length	100	
%GC	51	
>>END_MODULE
>>Per base sequence quality	pass
#Base	Mean	Median	Lower Quartile	Upper Quartile	10th Percentile	90th Percentile
1	30.909416068831426	33.0	31.0	34.0	27.0	34.0
2	31.207657142889698	34.0	31.0	34.0	27.0	34.0
3	30.96220962525657	34.0	31.0	34.0	27.0	34.0
4	34.48303269242054	37.0	35.0	37.0	30.0	37.0
5	33.00484458752359	37.0	35.0	37.0	25.0	37.0
6	33.36931164016974	37.0	35.0	37.0	23.0	37.0
7	33.96481421770223	37.0	35.0	37.0	30.0	37.0
8	34.08493708701515	37.0	35.0	37.0	30.0	37.0
9	35.669772770387404	39.0	35.0	39.0	30.0	39.0
10-14	35.794088338524105	39.2	35.4	39.4	30.0	39.4
15-19	36.56722839347576	40.0	37.0	41.0	29.8	41.0
20-24	36.32482281422453	40.0	36.2	41.0	28.6	41.0
25-29	35.970716735759765	40.0	36.0	41.0	27.2	41.0
30-34	35.520800222860146	39.4	35.0	41.0	26.0	41.0
35-39	35.096900694501024	39.0	35.0	41.0	24.8	41.0
40-44	34.79058076942577	38.8	34.4	41.0	23.8	41.0
45-49	34.22121922499133	38.0	33.8	40.4	22.6	41.0
50-54	33.51918189477834	37.2	33.0	40.0	20.2	41.0
55-59	32.725894502612284	35.6	32.4	39.6	17.4	41.0
60-64	31.902184564884372	35.0	31.6	38.6	12.6	40.6
65-69	31.17409455946669	35.0	31.0	36.8	7.6	39.6
70-74	30.439932127921264	35.0	30.8	35.6	2.8	38.6
75-79	29.476329199520784	34.0	29.4	35.0	2.0	36.2
80-84	29.4762470226922	34.0	30.0	35.0	2.0	36.0
85-89	29.02674637866513	34.0	30.0	35.0	2.0	35.0
90-94	28.564156119453493	34.0	29.0	35.0	2.0	35.0
95-99	28.02457050145241	34.0	29.0	35.0	2.0	35.0
100	26.84235407987303	33.0	25.0	35.0	2.0	35.0
>>END_MODULE
>>Per sequence quality scores	pass
#Quality	Count
2	150096.0
3	54601.0
4	30144.0
5	24804.0
6	24259.0
7	24728.0
8	25775.0
9	27503.0
10	29713.0
11	30625.0
12	30918.0
13	31616.0
14	31901.0
15	32395.0
16	31589.0
17	31716.0
18	31336.0
19	30820.0
20	31158.0
21	32559.0
22	35768.0
23	41930.0
24	50497.0
25	62546.0
26	76370.0
27	93266.0
28	112910.0
29	134009.0
30	160628.0
31	195720.0
32	244402.0
33	320794.0
34	450629.0
35	685964.0
36	1096830.0
37	1440408.0
38	930287.0
39	150038.0
40	192.0
>>END_MODULE
>>Per base sequence content	fail
#Base	G	A	T	C
1	37.40040596844842	12.103386631530217	8.197955913250953	42.29825148677042
2	27.384940769304723	17.745224336035832	28.84127170634963	26.028563188309818
3	27.8730760181145	22.307949334550234	19.59776764833397	30.2212069990013
4	31.51552416747425	27.77425022689321	16.99981369973525	23.710411905897285
5	30.96226877879118	29.564564467182258	19.540679544046192	19.93248720998037
6	24.499041644885867	32.637045921117256	22.057754341662825	20.806158092334055
7	22.908609045054288	19.347054800376164	35.034253797269955	22.710082357299594
8	22.592545305470114	20.60812168361451	29.16699321696838	27.632339793946997
9	22.63607449112861	19.31251957416868	31.668789249859437	26.382616684843274
10-14	25.64153291571517	25.475500199917523	24.006304455439196	24.87666242892811
15-19	25.7969426326559	24.239523930211345	24.629297450588783	25.33423598654397
20-24	25.516657005620974	24.6077019499262	24.644436242013253	25.23120480243957
25-29	25.542197612494228	24.605572347362617	24.540278279743355	25.311951760399804
30-34	25.391113509388212	24.569626023136788	24.586260389532573	25.453000077942423
35-39	25.57172545915719	24.557562335736417	24.387280780272704	25.483431424833686
40-44	25.740197954505632	24.606339403183238	24.175261035346626	25.4782016069645
45-49	25.69745420453893	24.547057223925695	24.139505884959505	25.615982686575872
50-54	25.679395815320277	24.730215074134268	24.09177863844783	25.498610472097628
55-59	25.929564273156213	24.220400917463596	24.010707160249627	25.83932764913056
60-64	25.94124174094667	24.2799924012052	24.152422890648655	25.626342967199477
65-69	25.86129595753225	24.421915997078866	23.995253699541077	25.721534345847807
70-74	25.9965556406405	24.47586520094959	23.968312281289748	25.559266877120162
75-79	25.94677915217079	24.301455613492053	24.072398656639002	25.679366577698154
80-84	25.89664312501654	24.301738606470778	24.017314309158856	25.784303959353828
85-89	25.953256386299934	24.375193696875783	23.828515598295468	25.84303431852881
90-94	25.811884963041802	24.33329227437065	23.953865298723326	25.90095746386422
95-99	25.64493859664917	24.412421566372895	23.994670125787813	25.947969711190126
100	25.993571976712587	23.82333788910392	23.49119771569599	26.6918924184875
>>END_MODULE
>>Per base GC content	fail
#Base	%GC
1	79.69865745521884
2	53.41350395761454
3	58.0942830171158
4	55.22593607337154
5	50.89475598877156
6	45.30519973721992
7	45.618691402353875
8	50.224885099417115
9	49.01869117597188
10-14	50.51819534464328
15-19	51.13117861919987
20-24	50.74786180806055
25-29	50.85414937289403
30-34	50.84411358733064
35-39	51.05515688399088
40-44	51.21839956147014
45-49	51.313436891114804
50-54	51.1780062874179
55-59	51.76889192228678
60-64	51.56758470814614
65-69	51.58283030338006
70-74	51.55582251776066
75-79	51.626145729868945
80-84	51.680947084370366
85-89	51.79629070482875
90-94	51.71284242690602
95-99	51.592908307839295
100	52.685464395200086
>>END_MODULE
>>Per sequence GC content	pass
#GC Content	Count
0	7847.0
1	4845.0
2	1569.5
3	1269.5
4	1051.0
5	800.5
6	775.0
7	777.0
8	766.0
9	782.5
10	800.0
11	842.5
12	892.0
13	917.5
14	1004.5
15	1163.0
16	1293.5
17	1480.0
18	1810.0
19	2373.5
20	3245.0
21	4475.5
22	6093.0
23	8104.0
24	10989.5
25	14983.5
26	19616.5
27	24955.5
28	31100.0
29	38029.0
30	45038.0
31	52295.0
32	60768.5
33	68850.5
34	75958.0
35	83166.0
36	89833.5
37	95529.0
38	101406.0
39	108374.5
40	115005.0
41	122842.0
42	132596.0
43	143496.0
44	158192.0
45	173471.0
46	188668.5
47	203677.0
48	215243.5
49	226125.0
50	238748.0
51	257090.0
52	273680.5
53	275958.0
54	268362.0
55	272084.5
56	275459.5
57	261828.5
58	245340.0
59	234379.5
60	224751.0
61	205688.5
62	180164.0
63	158242.0
64	145558.0
65	134110.0
66	115710.0
67	100521.0
68	89863.0
69	74088.5
70	58203.5
71	47147.0
72	37425.5
73	31480.0
74	31447.0
75	28584.0
76	23601.5
77	17553.5
78	12351.0
79	11009.5
80	9562.5
81	9694.5
82	8717.0
83	4997.0
84	2391.0
85	1516.5
86	979.0
87	596.5
88	400.0
89	270.0
90	173.5
91	118.5
92	102.0
93	73.0
94	50.0
95	43.5
96	29.0
97	16.5
98	13.0
99	6.5
100	2.5
>>END_MODULE
>>Per base N content	pass
#Base	N-Count
1	0.017005049103859547
2	0.0024069123103452796
3	0.004671403773924566
4	0.007405884031831629
5	3.378906105353827
6	0.03769879813895831
7	0.046201322690888086
8	0.0518127040534682
9	0.04651464855377327
10-14	0.050559400601927464
15-19	0.030435334953892678
20-24	0.026276646228325682
25-29	0.025877867857380905
30-34	0.049035497541531345
35-39	0.047038757269872125
40-44	0.03874131873728538
45-49	0.02931590709831197
50-54	0.015295998942667635
55-59	0.0049562454674565515
60-64	0.0047084331940837245
65-69	8.488282467253174E-4
70-74	0.0032101658861054794
75-79	0.0043894104973279
80-84	0.005471808932749446
85-89	0.002335701886962283
90-94	0.00920608353495378
95-99	0.017671578666724395
100	0.004443530419098977
>>END_MODULE
>>Sequence Length Distribution	pass
#Length	Count
100	7021444.0
>>END_MODULE
>>Sequence Duplication Levels	warn
#Total Duplicate Percentage	47.16387480020641
#Duplication Level	Relative count
1	100.0
2	20.91134295650517
3	7.662807870039541
4	4.243882298762962
5	2.948882854556715
6	2.134248011052356
7	1.708668794562749
8	1.4347418735013417
9	1.2060724437457322
10++	16.54756800533562
>>END_MODULE
>>Overrepresented sequences	warn
#Sequence	Count	Percentage	Possible Source
TTTTTTTTTTTTTTTTTTTTTTTTTTTTTTTTTTTTTTTTTTTTTTTTTT	9209	0.13115535778680282	No Hit
GATCGGAAGAGCACACGTCTGAACTCCAGTCACTCTCGCGCATCTCGTAT	7978	0.1136233515499091	TruSeq Adapter, Index 8 (97% over 36bp)
>>END_MODULE
>>Kmer Content	warn
#Sequence	Count	Obs/Exp Overall	Obs/Exp Max	Max Obs/Exp Position
TTTTT	4046145	7.39003	9.199176	10-14
AAAAA	3261550	5.719899	8.686561	2
AAGAA	1401520	2.304463	5.2588606	2
GAAGA	1464795	2.2581527	5.0460057	2
CTGGA	1407420	2.0708065	5.8943577	1
GAAAA	1248760	2.0532858	5.7725167	2
AAAAT	1108815	1.9604309	5.085269	3
GTTTT	1077855	1.8308091	5.5605965	1
GGAAA	1016565	1.5671538	6.30581	1
>>END_MODULE
