##FastQC	0.10.1
>>Basic Statistics	pass
#Measure	Value	
Filename	F_rathbuni_NA_transfer_1_R1.fastq.gz	
File type	Conventional base calls	
Encoding	Sanger / Illumina 1.9	
Total Sequences	23947361	
Filtered Sequences	0	
Sequence length	100	
%GC	48	
>>END_MODULE
>>Per base sequence quality	pass
#Base	Mean	Median	Lower Quartile	Upper Quartile	10th Percentile	90th Percentile
1	30.47046265348403	31.0	30.0	34.0	26.0	34.0
2	30.785491228031347	31.0	31.0	34.0	27.0	34.0
3	30.341409268436717	31.0	30.0	34.0	26.0	34.0
4	32.12262098525178	37.0	33.0	37.0	19.0	37.0
5	33.190926632792646	37.0	33.0	37.0	22.0	37.0
6	33.6361143509717	37.0	33.0	37.0	28.0	37.0
7	33.78703903950001	37.0	35.0	37.0	29.0	37.0
8	33.78384144290471	37.0	35.0	37.0	29.0	37.0
9	35.29523336621517	39.0	35.0	39.0	29.0	39.0
10-14	35.38610744624428	39.2	35.2	39.4	28.6	39.4
15-19	35.584116922110965	39.2	35.4	41.0	24.4	41.0
20-24	35.81127121272361	39.0	35.6	41.0	27.0	41.0
25-29	35.469905272651964	39.0	35.0	41.0	26.2	41.0
30-34	35.06096485537593	39.0	34.6	41.0	24.6	41.0
35-39	34.67114423171722	38.8	34.0	40.6	23.8	41.0
40-44	34.428413894959036	38.4	33.8	40.4	22.6	41.0
45-49	33.94721536957663	38.0	33.0	40.0	20.6	41.0
50-54	33.282510962272625	37.4	32.6	40.0	16.8	41.0
55-59	31.90284167011137	36.0	30.6	39.6	8.8	41.0
60-64	31.689983008983745	35.0	31.0	38.8	7.4	40.6
65-69	30.955479620489292	35.0	30.6	37.4	2.8	40.0
70-74	30.179317478865414	34.8	30.0	36.2	2.0	39.0
75-79	29.10103362955108	33.8	28.8	35.0	2.0	37.0
80-84	29.059754550825033	34.0	29.0	35.0	2.0	36.2
85-89	28.556050564402483	34.0	29.0	35.0	2.0	35.4
90-94	27.500295510641024	34.0	26.6	35.0	2.0	35.0
95-99	27.29513618640484	34.0	27.0	35.0	2.0	35.0
100	26.122563191827275	33.0	24.0	35.0	2.0	35.0
>>END_MODULE
>>Per sequence quality scores	pass
#Quality	Count
2	537547.0
3	182964.0
4	106486.0
5	85341.0
6	83374.0
7	86205.0
8	90156.0
9	102142.0
10	116090.0
11	122289.0
12	122223.0
13	125115.0
14	126795.0
15	127346.0
16	126247.0
17	123942.0
18	122368.0
19	120577.0
20	121313.0
21	126982.0
22	140727.0
23	164762.0
24	199615.0
25	244832.0
26	301418.0
27	366167.0
28	439641.0
29	525852.0
30	633995.0
31	768091.0
32	951919.0
33	1224582.0
34	1651859.0
35	2346084.0
36	3469874.0
37	4377046.0
38	2920391.0
39	464519.0
40	485.0
>>END_MODULE
>>Per base sequence content	fail
#Base	G	A	T	C
1	37.26506482200238	15.531236706821353	7.306681486596629	39.89701698457964
2	25.6599120607233	18.60748557911787	35.98516427686958	19.747438083289246
3	25.98355316278248	22.80992770218547	21.839884939540095	29.366634195491955
4	27.98070412559094	28.80948087448275	18.92716169365361	24.282653306272696
5	29.50978475628429	29.25035354299506	21.845881355134487	19.393980345586165
6	23.767883736558552	32.48249657298554	23.28748569963028	20.462133990825627
7	21.476458072290708	19.56859337807821	36.51066741184844	22.444281137782646
8	21.586487663014008	21.695577489255886	30.338244032187177	26.37969081554293
9	22.2431656742937	20.450562568363516	32.079713887849024	25.226557869493764
10-14	24.275024331086826	26.667883596913004	25.843285547269268	23.2138065247309
15-19	24.43697012636931	25.628942283235517	26.096582721197116	23.83750486919806
20-24	24.376046426803804	25.808552484170242	25.984906639997472	23.830494449028482
25-29	24.27391061075875	25.81647523932677	26.00362712697694	23.905987022937538
30-34	24.231298792333494	25.884974272979477	25.883483260676343	24.000243674010683
35-39	24.18999306514171	25.888117018161623	25.920191844532475	24.00169807216419
40-44	24.299232977171815	25.850607428345203	25.804463299450315	24.045696295032666
45-49	24.27806886693924	25.847944113821015	25.741614188263824	24.132372830975925
50-54	24.21453491793667	25.91929655748972	25.78882191500913	24.07734660956448
55-59	24.30948705764445	25.804153859111295	25.699250984828513	24.18710809841574
60-64	24.283506438241105	25.7795817700618	25.64605488983141	24.29085690186569
65-69	24.28529310115137	25.888751835708657	25.666090273824505	24.15986478931547
70-74	24.404121920264878	25.798444634629902	25.614532618875884	24.182900826229336
75-79	24.32391083567979	25.703127310485318	25.642459668763312	24.33050218507158
80-84	24.281828446696863	25.83829464201046	25.6350418591706	24.244835052122074
85-89	24.377552283443336	25.782060488585163	25.554693345133117	24.285693882838384
90-94	24.25219931305914	25.762095787413475	25.548016809762757	24.437688089764627
95-99	24.23692992699485	25.887240779112393	25.579279887666573	24.296549406226188
100	24.56315677446666	25.677588232766404	25.117919096531484	24.641335896235457
>>END_MODULE
>>Per base GC content	fail
#Base	%GC
1	77.16208180658202
2	45.40735014401255
3	55.350187358274425
4	52.26335743186363
5	48.903765101870455
6	44.23001772738418
7	43.92073921007335
8	47.966178478556934
9	47.46972354378746
10-14	47.488830855817724
15-19	48.274474995567374
20-24	48.20654087583228
25-29	48.17989763369629
30-34	48.23154246634418
35-39	48.1916911373059
40-44	48.34492927220448
45-49	48.41044169791517
50-54	48.29188152750115
55-59	48.49659515606019
60-64	48.5743633401068
65-69	48.44515789046684
70-74	48.58702274649421
75-79	48.65441302075137
80-84	48.52666349881894
85-89	48.66324616628172
90-94	48.689887402823764
95-99	48.53347933322104
100	49.204492670702116
>>END_MODULE
>>Per sequence GC content	fail
#GC Content	Count
0	15926.0
1	15959.0
2	14482.5
3	12700.0
4	10461.0
5	7159.0
6	5538.5
7	5177.5
8	5022.0
9	5001.0
10	5128.0
11	5310.5
12	5689.5
13	6123.5
14	6727.0
15	7615.0
16	8733.0
17	10311.0
18	12614.5
19	15860.0
20	20537.5
21	26830.0
22	35822.0
23	48153.0
24	63777.0
25	83535.5
26	106949.5
27	132174.5
28	158163.5
29	188603.5
30	223153.5
31	260158.0
32	298536.0
33	332726.5
34	364059.5
35	394587.5
36	421927.0
37	444850.0
38	468394.5
39	491750.0
40	508157.5
41	531851.5
42	560044.0
43	585760.5
44	620634.5
45	656968.5
46	696037.5
47	737482.5
48	771231.5
49	805982.0
50	847518.5
51	893628.0
52	939443.0
53	962829.0
54	957385.0
55	934033.5
56	907401.5
57	874527.0
58	818325.0
59	741145.5
60	657421.0
61	568681.0
62	486161.0
63	419277.0
64	353488.0
65	289390.5
66	234330.0
67	189665.5
68	152976.0
69	121318.0
70	92133.5
71	68017.5
72	50582.0
73	40988.5
74	34704.5
75	27045.5
76	19815.5
77	13997.0
78	9659.0
79	6802.5
80	5083.0
81	4000.5
82	3100.5
83	2429.5
84	1932.0
85	1466.0
86	1089.0
87	819.5
88	674.0
89	565.0
90	391.0
91	233.5
92	150.5
93	110.0
94	84.0
95	51.0
96	31.5
97	23.0
98	15.5
99	6.0
100	2.0
>>END_MODULE
>>Per base N content	pass
#Base	N-Count
1	0.12535410478006323
2	0.0034951659182821857
3	0.004150770517051963
4	3.667130586956951
5	0.007934068392755261
6	0.012736267683107129
7	0.013842861432622993
8	0.015826378530811806
9	0.01913363230294979
10-14	0.02150800666511855
15-19	0.1646110400223223
20-24	0.005129584007189769
25-29	0.005663254502239307
30-34	0.016271521525900078
35-39	0.016592224921986184
40-44	0.019014203694511473
45-49	0.007898156293714369
50-54	0.009069057755466249
55-59	0.9285682877541288
60-64	0.0023894073338602945
65-69	0.002565627168688859
70-74	0.003801671507770731
75-79	0.0034358691966100145
80-84	0.003857627569067005
85-89	0.0048314300686409664
90-94	0.990252746429972
95-99	0.010449585655805664
100	0.004468133252762173
>>END_MODULE
>>Sequence Length Distribution	pass
#Length	Count
100	2.3947361E7
>>END_MODULE
>>Sequence Duplication Levels	warn
#Total Duplicate Percentage	48.21592206730294
#Duplication Level	Relative count
1	100.0
2	24.403789611238157
3	10.282587389741915
4	5.832335111982286
5	3.9810882427674326
6	2.958365094921776
7	2.3140585865185668
8	1.9864604885839776
9	1.6606773385603832
10++	28.075429235180952
>>END_MODULE
>>Overrepresented sequences	pass
>>END_MODULE
>>Kmer Content	fail
#Sequence	Count	Obs/Exp Overall	Obs/Exp Max	Max Obs/Exp Position
TTTTT	22436110	8.731476	11.833279	10-14
AAAAA	14854190	5.8907356	7.3855333	2
GGAGG	5331805	2.5459313	5.117856	1
CTCCT	5237105	2.4491158	6.452411	1
CTCCA	5037930	2.3648643	6.230253	1
CTGGA	5006545	2.2988207	6.903604	1
GAAGA	4992010	2.1723108	5.0913405	2
GAAAA	4811090	1.9986053	5.1978908	2
CTTTT	4600530	1.9034466	6.0786843	1
GTTTT	4518015	1.8487866	6.5392575	1
GGGGG	3693730	1.8475684	5.694861	1
GGAAA	3736555	1.6259902	6.1791945	1
CTGGG	3273485	1.5744914	6.1531663	1
GTGGA	3453895	1.5684928	5.074521	1
GGGAG	3078285	1.4698778	5.330765	1
>>END_MODULE
