##FastQC	0.10.1
>>Basic Statistics	pass
#Measure	Value	
Filename	F_diaphanus_NA_FW_2_R2.fastq.gz	
File type	Conventional base calls	
Encoding	Sanger / Illumina 1.9	
Total Sequences	10373266	
Filtered Sequences	0	
Sequence length	100	
%GC	50	
>>END_MODULE
>>Per base sequence quality	pass
#Base	Mean	Median	Lower Quartile	Upper Quartile	10th Percentile	90th Percentile
1	29.915563333669454	31.0	31.0	34.0	26.0	34.0
2	29.95546291785056	31.0	31.0	34.0	26.0	34.0
3	30.001527773412924	31.0	31.0	34.0	26.0	34.0
4	33.34129684903482	37.0	35.0	37.0	27.0	37.0
5	33.27190019035471	37.0	35.0	37.0	27.0	37.0
6	33.21609327284194	37.0	35.0	37.0	27.0	37.0
7	33.2392323690533	37.0	35.0	37.0	27.0	37.0
8	33.176506126421515	37.0	35.0	37.0	27.0	37.0
9	34.60184786546494	39.0	35.0	39.0	27.0	39.0
10-14	34.68428990445247	39.2	35.2	39.4	26.4	39.4
15-19	35.4079038559312	40.0	36.0	41.0	25.2	41.0
20-24	35.13523474670369	39.4	35.2	41.0	24.0	41.0
25-29	34.837113614940556	39.0	35.0	41.0	22.2	41.0
30-34	33.99310469817317	38.6	33.4	41.0	16.6	41.0
35-39	33.81088179942556	38.0	33.0	40.0	15.6	41.0
40-44	33.43012360812882	38.0	33.0	40.0	11.2	41.0
45-49	33.03645210679066	38.0	32.6	40.0	8.0	41.0
50-54	32.20132087618306	36.8	31.4	39.6	3.8	40.6
55-59	32.08669466299235	36.2	31.8	39.8	2.0	41.0
60-64	31.312416455916583	35.0	31.0	38.8	2.0	40.8
65-69	30.49557578105102	35.0	30.0	37.2	2.0	40.0
70-74	29.773233637313457	35.0	30.0	36.0	2.0	39.0
75-79	29.047429459535692	34.2	29.0	35.0	2.0	37.2
80-84	28.411412008522678	34.0	29.0	35.0	2.0	36.0
85-89	27.8712055007555	34.0	28.0	35.0	2.0	35.2
90-94	27.326354727623873	34.0	27.0	35.0	2.0	35.0
95-99	26.670945023486336	34.0	25.2	35.0	2.0	35.0
100	25.335800701534115	33.0	20.0	35.0	2.0	35.0
>>END_MODULE
>>Per sequence quality scores	pass
#Quality	Count
2	476088.0
3	68302.0
4	45199.0
5	38560.0
6	38260.0
7	39645.0
8	42374.0
9	45131.0
10	47534.0
11	49066.0
12	47934.0
13	46859.0
14	47377.0
15	47971.0
16	48794.0
17	48424.0
18	49759.0
19	50074.0
20	52152.0
21	55719.0
22	61503.0
23	71502.0
24	85364.0
25	102401.0
26	121901.0
27	144245.0
28	171296.0
29	203406.0
30	244975.0
31	300363.0
32	376897.0
33	488554.0
34	665638.0
35	969333.0
36	1518117.0
37	1961615.0
38	1289772.0
39	210936.0
40	226.0
>>END_MODULE
>>Per base sequence content	fail
#Base	G	A	T	C
1	36.75920054065689	11.62935956691902	10.582319023052753	41.02912086937134
2	28.984143401886698	20.111821018470366	27.888569792796723	23.015465786846214
3	28.925040018832167	25.658101124134035	19.768729290814893	25.64812956621891
4	30.982962957748338	30.985142384557165	16.901445258922173	21.130449398772328
5	30.17000620515512	31.956384915590025	19.50111285801884	18.37249602123602
6	22.11453285695688	34.929146235034885	21.832516068062045	21.123804839946192
7	22.079015680200214	17.892051776542246	36.432293972075016	23.596638571182524
8	22.828470335171136	20.33770756276068	28.392940358641294	28.44088174342689
9	22.684759939443506	19.218759899519963	30.92094839438405	27.175531766652483
10-14	25.449506831127582	25.674774941624673	24.18260031999705	24.69311790725069
15-19	25.398405788527572	24.467007234174204	25.1235261107146	25.011060866583623
20-24	25.33522144937371	25.22176667441755	24.78603660840068	24.65697526780807
25-29	25.323880150945595	25.187707592085417	24.65896641500518	24.82944584196381
30-34	25.345669847980325	25.164120248050526	24.81154202825784	24.67866787571131
35-39	25.187916296511187	25.127402832535516	24.704134589659976	24.980546281293318
40-44	25.433023833738794	25.003427695482316	24.676402872058567	24.887145598720323
45-49	25.331858705859666	25.00413248619553	24.637110991633858	25.02689781631095
50-54	25.30411012182115	25.13407503232156	24.624440491914715	24.937374353942573
55-59	25.609834660177018	24.74901769989481	24.50085757177602	25.140290068152147
60-64	25.42747253881442	24.817223970436437	24.533180825047577	25.222122665701562
65-69	25.378686485023096	24.86043960523567	24.607692243731183	25.153181666010056
70-74	25.60292153017651	24.90998411331154	24.380697914667167	25.106396441844787
75-79	25.546714749880927	24.75491971030468	24.531664181677076	25.166701358137317
80-84	25.510779931540778	24.86669149433086	24.42622360038223	25.196304973746138
85-89	25.63315642544266	24.81989469791991	24.31234980694863	25.234599069688805
90-94	25.538263561142184	24.764691743734428	24.408977605177196	25.288067089946193
95-99	25.514360140666593	24.822720522337253	24.402535507832738	25.26038382916342
100	26.040535909714276	24.263271708917973	23.97000107732856	25.72619130403919
>>END_MODULE
>>Per base GC content	fail
#Base	%GC
1	77.78832141002823
2	51.99960918873291
3	54.573169585051076
4	52.11341235652067
5	48.542502226391136
6	43.23833769690307
7	45.67565425138274
8	51.26935207859803
9	49.860291706095985
10-14	50.142624738378274
15-19	50.40946665511119
20-24	49.99219671718178
25-29	50.1533259929094
30-34	50.02433772369164
35-39	50.168462577804505
40-44	50.32016943245912
45-49	50.35875652217061
50-54	50.24148447576372
55-59	50.75012472832917
60-64	50.64959520451598
65-69	50.53186815103315
70-74	50.709317972021296
75-79	50.71341610801824
80-84	50.70708490528691
85-89	50.86775549513146
90-94	50.826330651088384
95-99	50.774743969830006
100	51.76672721375346
>>END_MODULE
>>Per sequence GC content	warn
#GC Content	Count
0	5215.0
1	3413.5
2	1443.0
3	1195.0
4	1037.0
5	901.0
6	811.0
7	809.5
8	833.0
9	833.0
10	859.5
11	873.5
12	898.5
13	1001.0
14	1144.5
15	1298.0
16	1555.5
17	1911.5
18	2441.5
19	3376.5
20	4693.0
21	6772.5
22	9570.5
23	13123.5
24	17973.5
25	24102.5
26	32143.0
27	41783.0
28	51003.0
29	59900.0
30	72105.0
31	85533.5
32	97704.5
33	112655.5
34	125604.0
35	135212.5
36	145346.0
37	155193.0
38	163896.5
39	174713.0
40	185587.0
41	196483.0
42	209596.0
43	226620.5
44	250078.0
45	269528.5
46	289754.0
47	310831.5
48	329391.5
49	349653.0
50	370040.0
51	393454.0
52	413264.0
53	422829.5
54	424296.5
55	423828.5
56	420567.0
57	408450.5
58	384701.0
59	352321.5
60	318143.5
61	282835.5
62	247544.5
63	215903.5
64	186099.5
65	157574.5
66	134734.5
67	115444.0
68	100115.0
69	82495.0
70	63462.0
71	48825.5
72	36713.0
73	30094.0
74	27794.5
75	25545.0
76	20345.0
77	15496.5
78	11594.5
79	8498.5
80	8190.0
81	8644.5
82	8732.5
83	8407.0
84	6854.5
85	4710.5
86	2826.5
87	1737.0
88	1259.5
89	1021.0
90	731.5
91	457.5
92	384.0
93	261.0
94	108.5
95	51.5
96	36.5
97	19.0
98	12.0
99	5.5
100	6.5
>>END_MODULE
>>Per base N content	pass
#Base	N-Count
1	0.03526372504088876
2	0.04906844189669869
3	0.036372344062130475
4	0.03438646998929749
5	0.0430722590165913
6	0.03196678847336991
7	0.034974520078825705
8	0.04197328016075169
9	0.03321036981024106
10-14	0.029358159715561136
15-19	0.04559219825270074
20-24	0.043891673075769966
25-29	0.026489246491895612
30-34	0.05215907892461255
35-39	0.05133773683235347
40-44	0.08830198705017302
45-49	0.06386802382200553
50-54	0.061186129807140784
55-59	0.06879800440864044
60-64	0.05956658201958766
65-69	0.061621865283315785
70-74	0.058766448291213205
75-79	0.054794700145547215
80-84	0.06107623192155682
85-89	0.058085852613824804
90-94	0.051420642254811556
95-99	0.04797139107393949
100	0.04846111147636627
>>END_MODULE
>>Sequence Length Distribution	pass
#Length	Count
100	1.0373266E7
>>END_MODULE
>>Sequence Duplication Levels	warn
#Total Duplicate Percentage	44.0650384453696
#Duplication Level	Relative count
1	100.0
2	21.231443094851343
3	8.08947721450449
4	4.4439595606953235
5	3.036180409080256
6	2.2458198980127846
7	1.7973024300757228
8	1.4716221785826848
9	1.3059535642996258
10++	18.00615802361384
>>END_MODULE
>>Overrepresented sequences	pass
>>END_MODULE
>>Kmer Content	warn
#Sequence	Count	Obs/Exp Overall	Obs/Exp Max	Max Obs/Exp Position
TTTTT	4968775	5.686434	8.1632185	2
AAAAA	4298490	4.5721483	10.188771	2
AAGAA	2178140	2.2466443	5.6244054	2
GAAGA	2215440	2.2159126	5.998373	2
TCCAG	2130395	2.1868243	5.182131	7
CTGGA	2173130	2.1842866	6.614358	1
GAAAA	1943785	2.0049186	6.9231606	1
GGAGA	2017465	1.9567834	5.246073	2
GTTTT	1715215	1.8758413	6.72502	1
AAAAG	1816045	1.8731612	5.4153643	3
AAAAC	1763180	1.85727	5.424768	3
AAAAT	1716900	1.8531332	5.9605126	3
GGAAG	1674110	1.6237559	5.2776775	1
GGAAA	1610205	1.6105484	7.458422	1
GCCAG	1468150	1.4401611	5.1295466	1
GGGAG	1502720	1.41338	5.2568583	1
GATCT	1245920	1.3104703	5.179492	5
GGGAA	1324200	1.2843705	5.0137706	1
>>END_MODULE
