##FastQC	0.10.1
>>Basic Statistics	pass
#Measure	Value	
Filename	A_xenica_NA_transfer_1_R1.fastq.gz	
File type	Conventional base calls	
Encoding	Sanger / Illumina 1.9	
Total Sequences	8813148	
Filtered Sequences	0	
Sequence length	100	
%GC	49	
>>END_MODULE
>>Per base sequence quality	pass
#Base	Mean	Median	Lower Quartile	Upper Quartile	10th Percentile	90th Percentile
1	29.882723744115044	31.0	30.0	34.0	25.0	34.0
2	30.200147892671268	31.0	30.0	34.0	26.0	34.0
3	29.765797419945745	31.0	30.0	34.0	25.0	34.0
4	31.48120762297422	35.0	32.0	37.0	12.0	37.0
5	32.52533884600599	35.0	33.0	37.0	19.0	37.0
6	32.9087090106736	36.0	33.0	37.0	26.0	37.0
7	33.04925901618809	36.0	35.0	37.0	26.0	37.0
8	33.030575907723325	37.0	35.0	37.0	26.0	37.0
9	34.46175146497029	39.0	35.0	39.0	27.0	39.0
10-14	34.51766002341048	39.0	35.0	39.4	25.8	39.4
15-19	34.69103841215421	39.0	33.8	41.0	20.2	41.0
20-24	34.95389218472219	39.0	34.4	41.0	23.4	41.0
25-29	34.63964047806754	39.0	34.0	41.0	21.4	41.0
30-34	34.256590857205616	39.0	33.6	41.0	18.2	41.0
35-39	33.87793122275944	38.0	33.0	40.2	15.6	41.0
40-44	33.63400757595356	38.0	33.0	40.0	14.2	41.0
45-49	33.15043652960327	38.0	32.6	40.0	9.0	41.0
50-54	32.487556546196664	37.0	31.6	40.0	4.8	41.0
55-59	31.12880428196599	35.4	29.6	39.4	2.0	41.0
60-64	30.90737756815158	35.0	30.0	38.6	2.0	40.4
65-69	30.193854885904564	35.0	29.6	37.2	2.0	39.8
70-74	29.438623883316154	34.4	29.0	35.8	2.0	38.8
75-79	28.394599319108227	33.4	28.2	35.0	2.0	36.8
80-84	28.369847210100183	34.0	29.0	35.0	2.0	36.0
85-89	27.895687874525652	34.0	28.0	35.0	2.0	35.2
90-94	26.87112378006134	33.6	25.2	35.0	2.0	35.0
95-99	26.668579013991366	33.4	25.4	35.0	2.0	35.0
100	25.523979967203548	33.0	23.0	35.0	2.0	35.0
>>END_MODULE
>>Per sequence quality scores	pass
#Quality	Count
2	328459.0
3	97800.0
4	51471.0
5	37232.0
6	33675.0
7	34471.0
8	37210.0
9	39879.0
10	42926.0
11	44905.0
12	47211.0
13	48027.0
14	48745.0
15	48061.0
16	47143.0
17	46246.0
18	45315.0
19	44173.0
20	44695.0
21	47177.0
22	52496.0
23	62103.0
24	75394.0
25	92559.0
26	112966.0
27	136476.0
28	163058.0
29	192306.0
30	228996.0
31	275579.0
32	339830.0
33	433675.0
34	582271.0
35	831321.0
36	1252866.0
37	1579983.0
38	1031221.0
39	155053.0
40	174.0
>>END_MODULE
>>Per base sequence content	fail
#Base	G	A	T	C
1	37.07998983886697	13.401505174634249	11.832902984810106	37.68560200168867
2	26.77130455473694	20.46698980774592	29.11898497526742	23.642720662249715
3	26.78033634535817	25.87123687432818	22.29809934133209	25.05032743898156
4	27.959158810089267	32.03870178390372	18.612042072468782	21.390097333538233
5	27.579167869983866	32.762167593670085	20.60882082100938	19.04984371533666
6	21.439766373472214	34.524132000259186	23.07948252005529	20.956619106213303
7	20.69979894304665	17.720894546269143	38.09258152384534	23.486724986838865
8	22.665762872820636	21.06411625212898	28.34535365530365	27.924767219746737
9	22.13411646090918	20.76851562037182	30.43907590824996	26.658292010469037
10-14	24.690273159942837	26.147950891860038	24.759452917452784	24.402323030744338
15-19	24.669247448338705	25.325750743052772	25.34758363762897	24.657418170979554
20-24	24.63498432374224	25.654750138720413	25.21308930644332	24.497176231094027
25-29	24.811664553864915	25.599452367596005	24.954573135900866	24.634309942638215
30-34	24.377994285308205	25.729300027992192	25.212775705076673	24.679929981622934
35-39	24.583819798309516	25.720138582115563	25.040492187443792	24.65554943213113
40-44	24.697293644928454	25.582327433085382	25.071910328778422	24.64846859320774
45-49	24.67079039853386	25.55135161412393	25.046226536149202	24.731631451193007
50-54	24.658428132578262	25.62880425176554	25.019188920746103	24.693578694910094
55-59	24.84373119105337	25.41197599097915	24.839156626161035	24.90513619180644
60-64	24.70674536217671	25.411972138871914	24.94752544616732	24.933757052784053
65-69	24.776772011829966	25.505212187632353	24.87326193938037	24.844753861157308
70-74	24.87633040021801	25.44924694395793	24.85518624377567	24.819236412048387
75-79	24.733247498074064	25.323855477049495	25.00717248044186	24.93572454443459
80-84	24.740086825254586	25.360766163177868	24.938513491402013	24.960633520165537
85-89	24.842736929247273	25.323630597754104	24.819549983527214	25.014082489471406
90-94	24.65436102704702	25.321098032261922	24.961562306105307	25.062978634585747
95-99	24.76564022735953	25.36565861991049	24.934858958820023	24.93384219390996
100	25.082698419470713	24.94983401310647	24.675538061697925	25.29192950572489
>>END_MODULE
>>Per base GC content	fail
#Base	%GC
1	74.76559184055564
2	50.41402521698666
3	51.830663784339734
4	49.3492561436275
5	46.629011585320534
6	42.39638547968552
7	44.18652392988551
8	50.59053009256738
9	48.79240847137822
10-14	49.092596190687175
15-19	49.32666561931826
20-24	49.13216055483626
25-29	49.44597449650313
30-34	49.05792426693114
35-39	49.23936923044065
40-44	49.345762238136196
45-49	49.40242184972687
50-54	49.35200682748836
55-59	49.748867382859814
60-64	49.64050241496077
65-69	49.62152587298728
70-74	49.69556681226639
75-79	49.66897204250865
80-84	49.70072034542012
85-89	49.85681941871868
90-94	49.71733966163277
95-99	49.69948242126949
100	50.374627925195604
>>END_MODULE
>>Per sequence GC content	warn
#GC Content	Count
0	435.0
1	310.5
2	170.0
3	155.5
4	169.0
5	198.5
6	223.0
7	248.0
8	283.0
9	320.5
10	366.5
11	428.5
12	482.5
13	557.0
14	657.0
15	809.0
16	1070.5
17	1390.5
18	1952.0
19	2906.0
20	4218.5
21	5951.5
22	8536.5
23	11811.0
24	16138.0
25	21773.0
26	28312.0
27	36027.0
28	44968.0
29	54376.0
30	64475.5
31	76257.5
32	89039.5
33	102918.0
34	115038.5
35	126606.5
36	139437.5
37	152828.0
38	165958.0
39	180186.0
40	191679.0
41	201077.5
42	213056.5
43	229070.5
44	247005.0
45	258931.0
46	269618.5
47	280850.0
48	295479.5
49	311651.5
50	322369.5
51	334702.0
52	347949.5
53	353157.0
54	350120.5
55	345141.5
56	337355.0
57	322764.5
58	302802.0
59	279367.5
60	250006.5
61	219303.0
62	192618.5
63	166465.5
64	142268.0
65	119586.5
66	98554.0
67	80599.5
68	65273.5
69	52164.0
70	40123.5
71	30348.5
72	23224.0
73	17924.5
74	14687.0
75	12149.5
76	9215.5
77	6695.0
78	4801.0
79	3357.5
80	2670.0
81	2173.0
82	1952.0
83	1855.0
84	1233.0
85	611.5
86	413.0
87	300.0
88	203.0
89	137.5
90	87.5
91	61.0
92	47.5
93	41.0
94	30.5
95	19.0
96	12.5
97	7.5
98	5.0
99	3.5
100	0.5
>>END_MODULE
>>Per base N content	pass
#Base	N-Count
1	0.12458658359078957
2	0.0031657246650118663
3	0.0040961527027572895
4	3.7915963739630834
5	0.007976718421158933
6	0.012878485644403113
7	0.013808913682148536
8	0.015930743475543584
9	0.01863125412168274
10-14	0.02155869843556468
15-19	0.18529133971198486
20-24	0.005196780991309802
25-29	0.0059138913813770065
30-34	0.015933012812221013
35-39	0.016432266881255143
40-44	0.01915093222081372
45-49	0.007683973989770738
50-54	0.008750562228161833
55-59	0.9334122154762408
60-64	0.0023805341746218267
65-69	0.002353302134492692
70-74	0.0035310878700777516
75-79	0.0033722343026578016
80-84	0.0036354773572394336
85-89	0.004885881866502185
90-94	0.9954286481969893
95-99	0.010039545460940859
100	0.00458406008840428
>>END_MODULE
>>Sequence Length Distribution	pass
#Length	Count
100	8813148.0
>>END_MODULE
>>Sequence Duplication Levels	warn
#Total Duplicate Percentage	37.08091674462115
#Duplication Level	Relative count
1	100.0
2	18.153299484838797
3	6.821239806424276
4	3.705741111053293
5	2.418209796239992
6	1.8026925164100773
7	1.395321176619264
8	1.160413615717992
9	0.9448338921060653
10++	12.273920057091457
>>END_MODULE
>>Overrepresented sequences	pass
>>END_MODULE
>>Kmer Content	warn
#Sequence	Count	Obs/Exp Overall	Obs/Exp Max	Max Obs/Exp Position
TTTTT	3641040	4.47205	6.781813	2
AAAAA	3928245	4.4254403	8.707305	2
GAAGA	1895570	2.2358718	5.497891	2
TCCAG	1796370	2.206471	5.247486	7
CTGGA	1794490	2.2038672	5.6122594	1
GAAAA	1686325	1.943899	6.41245	1
GTTTT	1462395	1.806408	6.13674	1
AAAAT	1530625	1.7544112	5.5811167	3
GGAAG	1371720	1.6555684	5.1256523	1
GGAAA	1332180	1.5713394	6.862737	1
GCCAG	1204785	1.4882706	5.04149	1
>>END_MODULE
