##FastQC	0.10.1
>>Basic Statistics	pass
#Measure	Value	
Filename	L_goodei_NA_transfer_3_R2.fastq.gz	
File type	Conventional base calls	
Encoding	Sanger / Illumina 1.9	
Total Sequences	11671843	
Filtered Sequences	0	
Sequence length	100	
%GC	51	
>>END_MODULE
>>Per base sequence quality	fail
#Base	Mean	Median	Lower Quartile	Upper Quartile	10th Percentile	90th Percentile
1	29.22839289390716	31.0	30.0	34.0	23.0	34.0
2	29.2368478568466	31.0	30.0	34.0	22.0	34.0
3	29.276487526434344	31.0	30.0	34.0	22.0	34.0
4	32.55221758894461	37.0	35.0	37.0	22.0	37.0
5	32.47571347558393	37.0	33.0	37.0	22.0	37.0
6	32.34215496215979	37.0	33.0	37.0	21.0	37.0
7	32.37315743537675	37.0	33.0	37.0	22.0	37.0
8	32.317857685371536	37.0	33.0	37.0	20.0	37.0
9	33.66071287970546	38.0	34.0	39.0	19.0	39.0
10-14	33.711916841239216	38.2	34.0	39.4	17.4	39.4
15-19	34.33753077384608	39.0	34.0	41.0	16.6	41.0
20-24	33.96005470601344	39.0	34.0	41.0	10.6	41.0
25-29	33.66795247331548	39.0	33.0	41.0	9.0	41.0
30-34	33.26569070540103	38.4	33.0	40.6	5.2	41.0
35-39	32.7366253127291	38.0	32.0	40.0	2.0	41.0
40-44	32.15694926670964	37.8	31.0	40.0	2.0	41.0
45-49	31.571219849341702	37.0	30.6	40.0	2.0	41.0
50-54	30.784137706444476	35.8	29.6	39.4	2.0	40.6
55-59	30.675398495336168	35.0	29.8	39.2	2.0	41.0
60-64	29.86955254624313	35.0	29.0	38.4	2.0	40.4
65-69	29.130575848218655	35.0	28.4	36.6	2.0	39.6
70-74	28.429763577183145	34.0	27.6	35.4	2.0	38.8
75-79	27.758614762038867	34.0	26.8	35.0	2.0	36.8
80-84	27.144113093364943	34.0	25.6	35.0	2.0	36.0
85-89	26.613956116441937	33.8	24.6	35.0	2.0	35.0
90-94	26.081234317493816	33.0	23.6	35.0	2.0	35.0
95-99	25.41047116552202	33.0	15.8	35.0	2.0	35.0
100	24.13411215349624	32.0	2.0	35.0	2.0	35.0
>>END_MODULE
>>Per sequence quality scores	pass
#Quality	Count
2	729084.0
3	104348.0
4	70468.0
5	57418.0
6	56196.0
7	57066.0
8	59902.0
9	64895.0
10	66686.0
11	68238.0
12	64991.0
13	63378.0
14	61787.0
15	62269.0
16	63140.0
17	61159.0
18	61636.0
19	62377.0
20	64572.0
21	68710.0
22	76483.0
23	88202.0
24	105315.0
25	126317.0
26	148706.0
27	175786.0
28	206373.0
29	243457.0
30	288470.0
31	347120.0
32	431854.0
33	555033.0
34	746985.0
35	1064184.0
36	1609529.0
37	1982108.0
38	1282144.0
39	225152.0
40	305.0
>>END_MODULE
>>Per base sequence content	fail
#Base	G	A	T	C
1	39.25010174486878	13.453405993055634	7.158381531429135	40.138110730646446
2	28.21309901598062	16.436318629606273	33.95595096885049	21.394631385562622
3	27.402785662786627	21.176956971095965	20.735244085157582	30.68501328095983
4	30.438146512633406	26.92927307370137	17.672799675502905	24.95978073816232
5	31.137322090782547	28.1768307667753	20.578525806827937	20.107321335614213
6	24.39580251174167	31.804410947469336	22.401962158350184	21.39782438243881
7	22.13179836499883	18.834109123569185	35.99866417158881	23.035428339843182
8	22.059474819632694	20.716348756956332	29.42096722116191	27.803209202249068
9	23.342691131870723	19.778701165908718	30.699148334322434	26.179459367898122
10-14	25.379183796038802	25.752428716435926	24.410717657195242	24.457669830330033
15-19	25.72876819046896	24.292591873733286	25.000619716148403	24.97802021964935
20-24	25.48643832293446	24.715702367411176	24.845410681851103	24.952448627803257
25-29	25.48396484127537	24.766381187029978	24.788055091929582	24.96159887976507
30-34	25.38471804469226	24.718924127141598	24.740712854826473	25.155644973339662
35-39	25.478977755665305	24.660752159828547	24.674045812309192	25.186224272196956
40-44	25.806778353930937	24.57052070272838	24.445510393249528	25.177190550091154
45-49	25.700470966421406	24.59210427924658	24.376975195194625	25.330449559137385
50-54	25.598701313909945	24.80627222077787	24.367810151980144	25.22721631333204
55-59	25.92184603260818	24.408242895676953	24.23409470034396	25.435816371370905
60-64	25.917626768295825	24.363041716103965	24.283074880621662	25.436256634978548
65-69	25.72080261164456	24.39836767242249	24.32091166051817	25.559918055414776
70-74	25.941040674071893	24.506157334709027	24.277928371811328	25.274873619407757
75-79	25.95406086804498	24.390142946236914	24.230606970584624	25.425189215133482
80-84	25.945479470228566	24.367435483402954	24.22891724288421	25.458167803484272
85-89	25.978340527914824	24.455330442696553	24.07723936321849	25.489089666170138
90-94	25.938126955552697	24.422968582572544	24.075314388581713	25.563590073293042
95-99	25.8283059331744	24.44031429503795	24.149290400234204	25.582089371553447
100	26.277435971301976	23.978130101375914	23.552581039000234	26.191852888321883
>>END_MODULE
>>Per base GC content	fail
#Base	%GC
1	79.38821247551523
2	49.60773040154324
3	58.08779894374645
4	55.39792725079573
5	51.24464342639676
6	45.79362689418048
7	45.16722670484201
8	49.86268402188176
9	49.52215049976885
10-14	49.836853626368836
15-19	50.70678841011831
20-24	50.43888695073772
25-29	50.44556372104044
30-34	50.54036301803193
35-39	50.665202027862264
40-44	50.98396890402209
45-49	51.0309205255588
50-54	50.82591762724198
55-59	51.357662403979084
60-64	51.35388340327438
65-69	51.280720667059335
70-74	51.21591429347965
75-79	51.37925008317846
80-84	51.403647273712835
85-89	51.46743019408496
90-94	51.50171702884574
95-99	51.41039530472785
100	52.46928885962385
>>END_MODULE
>>Per sequence GC content	warn
#GC Content	Count
0	10513.0
1	6717.0
2	2599.0
3	2181.5
4	1914.5
5	1673.0
6	1527.5
7	1452.0
8	1483.5
9	1480.0
10	1499.5
11	1519.0
12	1538.5
13	1655.0
14	1728.5
15	1830.0
16	2109.0
17	2476.0
18	3036.0
19	3915.5
20	5250.0
21	7329.5
22	10240.0
23	14138.5
24	19331.5
25	25898.0
26	33655.5
27	42717.5
28	53422.5
29	65166.0
30	77092.0
31	90303.0
32	104556.0
33	117980.0
34	131145.0
35	143627.0
36	154939.5
37	165971.0
38	176962.5
39	188515.5
40	202145.5
41	217950.5
42	232245.5
43	250183.0
44	278108.0
45	302656.5
46	323647.5
47	347411.5
48	364852.0
49	381641.5
50	400405.0
51	426732.0
52	450911.5
53	452390.0
54	439760.0
55	445563.5
56	451048.5
57	427288.0
58	400901.5
59	382198.5
60	364078.0
61	333591.5
62	288513.0
63	249035.0
64	229717.0
65	214881.0
66	186830.0
67	160561.0
68	142019.0
69	117315.5
70	93130.5
71	75811.0
72	60824.0
73	51292.0
74	49152.0
75	43741.0
76	35723.0
77	27004.0
78	19504.5
79	16765.0
80	13948.5
81	13017.5
82	11844.0
83	7640.5
84	4185.0
85	2682.5
86	1861.5
87	1210.0
88	771.5
89	476.0
90	278.5
91	183.5
92	124.5
93	87.0
94	67.5
95	43.0
96	22.5
97	17.0
98	11.0
99	7.0
100	4.0
>>END_MODULE
>>Per base N content	pass
#Base	N-Count
1	0.04632516047380007
2	0.05589520009821928
3	0.05049759493852
4	0.04961512933304535
5	0.04772168371353178
6	0.05066894748327235
7	0.04861271694624405
8	0.04246116058963439
9	0.05440443295887376
10-14	0.03985146133305597
15-19	0.044649332586122
20-24	0.047233328960987565
25-29	0.02941609135763735
30-34	0.045065719269870234
35-39	0.03958757841413734
40-44	0.08777362752394802
45-49	0.0674203722582629
50-54	0.06214614093078531
55-59	0.08217896693778352
60-64	0.07932080649131418
65-69	0.07238616900518624
70-74	0.06504199893710017
75-79	0.06653105255099816
80-84	0.08307685427228588
85-89	0.07703839059521277
90-94	0.054344459568210435
95-99	0.06963082008556831
100	0.0713083614986939
>>END_MODULE
>>Sequence Length Distribution	pass
#Length	Count
100	1.1671843E7
>>END_MODULE
>>Sequence Duplication Levels	warn
#Total Duplicate Percentage	44.46603033948027
#Duplication Level	Relative count
1	100.0
2	17.891841775159914
3	7.191329889597894
4	4.03041706596857
5	2.7697917397096976
6	2.0179354728124097
7	1.6026614932722498
8	1.3564577830758322
9	1.1336278428347708
10++	17.83106997327599
>>END_MODULE
>>Overrepresented sequences	warn
#Sequence	Count	Percentage	Possible Source
TTTTTTTTTTTTTTTTTTTTTTTTTTTTTTTTTTTTTTTTTTTTTTTTTT	16889	0.14469865641612897	No Hit
>>END_MODULE
>>Kmer Content	fail
#Sequence	Count	Obs/Exp Overall	Obs/Exp Max	Max Obs/Exp Position
TTTTT	7011655	7.2374363	10.675431	2
AAAAA	5056330	5.2850885	7.714841	2
CTCCT	2379200	2.1904657	5.6893373	1
GAAGA	2364700	2.1827083	5.139328	2
CTCCA	2312870	2.134751	5.5477295	1
GAAAA	2120625	2.0829659	5.562767	2
CTGGA	2229525	1.9710522	5.7236285	1
GGGGG	2541190	1.9465295	5.1142993	1
CTTTT	1946200	1.9337434	5.055704	1
GTTTT	1918480	1.8655782	7.3162465	1
GGAAA	1764445	1.6286501	6.385662	1
GGGAG	1725325	1.4063499	5.291337	1
GGGAA	1587975	1.3774148	5.2598357	1
CTGGG	1657620	1.377121	5.4846935	1
GGGGA	1611020	1.3131772	5.2236648	1
>>END_MODULE
