##FastQC	0.10.1
>>Basic Statistics	pass
#Measure	Value	
Filename	F_zebrinus_NA_BW_2_R1.fastq.gz	
File type	Conventional base calls	
Encoding	Sanger / Illumina 1.9	
Total Sequences	8977854	
Filtered Sequences	0	
Sequence length	100	
%GC	48	
>>END_MODULE
>>Per base sequence quality	pass
#Base	Mean	Median	Lower Quartile	Upper Quartile	10th Percentile	90th Percentile
1	29.99762816370148	31.0	30.0	34.0	25.0	34.0
2	30.287357869709176	31.0	30.0	34.0	26.0	34.0
3	28.877608167831646	31.0	30.0	34.0	16.0	34.0
4	32.56007460134683	37.0	33.0	37.0	19.0	37.0
5	33.262801667302675	37.0	33.0	37.0	27.0	37.0
6	30.693880185621197	37.0	32.0	37.0	10.0	37.0
7	31.529555281250953	36.0	32.0	37.0	17.0	37.0
8	32.64581636101456	36.0	32.0	37.0	25.0	37.0
9	34.333352937127295	38.0	34.0	39.0	27.0	39.0
10-14	33.96017288764108	38.8	34.2	39.4	21.0	39.4
15-19	35.11252747037321	39.2	34.4	41.0	25.0	41.0
20-24	35.06971220516618	39.6	34.4	41.0	24.4	41.0
25-29	34.70863507025175	39.0	34.0	41.0	22.2	41.0
30-34	34.29096329701953	39.0	33.4	41.0	18.4	41.0
35-39	33.962465239465914	39.0	33.0	41.0	16.0	41.0
40-44	33.676132826397044	38.0	33.0	40.6	13.8	41.0
45-49	33.23599557310689	38.0	32.6	40.0	8.6	41.0
50-54	32.57879263797339	37.2	31.8	40.0	3.8	41.0
55-59	31.90576280255838	36.0	31.0	39.8	2.0	41.0
60-64	31.097167318604203	35.0	30.4	39.0	2.0	40.8
65-69	30.36458349623418	35.0	30.0	37.4	2.0	40.0
70-74	29.55572953180125	34.6	29.2	36.2	2.0	39.0
75-79	28.517208076674002	33.8	28.4	35.0	2.0	37.2
80-84	28.389308068498327	34.0	29.0	35.0	2.0	36.2
85-89	27.87803922852833	34.0	28.0	35.0	2.0	35.4
90-94	27.428048841070485	34.0	27.0	35.0	2.0	35.0
95-99	26.841736410505227	34.0	26.4	35.0	2.0	35.0
100	25.775633464300043	33.0	24.0	35.0	2.0	35.0
>>END_MODULE
>>Per sequence quality scores	pass
#Quality	Count
2	340151.0
3	100610.0
4	50215.0
5	36171.0
6	36004.0
7	36882.0
8	38167.0
9	40358.0
10	43492.0
11	45866.0
12	47381.0
13	48561.0
14	49383.0
15	50177.0
16	50369.0
17	48453.0
18	47312.0
19	45890.0
20	45459.0
21	46362.0
22	49855.0
23	58004.0
24	69416.0
25	87443.0
26	111864.0
27	147559.0
28	183464.0
29	193139.0
30	229024.0
31	266837.0
32	307913.0
33	401620.0
34	548585.0
35	791540.0
36	1215347.0
37	1655325.0
38	1206780.0
39	206635.0
40	241.0
>>END_MODULE
>>Per base sequence content	fail
#Base	G	A	T	C
1	34.57698848746956	15.77270596162965	7.140581045861158	42.50972450503963
2	23.818612210689718	17.987688902914186	38.01087148670293	20.182827399693164
3	24.215107812214846	22.788337994104754	22.517413373249447	30.479140820430956
4	26.273170285046177	29.098223194217958	19.3029724154932	25.32563410524266
5	28.23398164346133	30.195344167553912	21.86987505223471	19.700799136750053
6	22.029961221504372	34.953132011046215	22.887452074084074	20.12945469336534
7	20.624302798255272	19.52018926896489	37.665540150575524	22.189967782204313
8	20.540018910344333	21.370148708933343	31.26571173067534	26.824120650046986
9	21.872286232865036	20.619783466869894	32.14791639508104	25.360013905184026
10-14	23.863210606405246	27.065512537106727	25.539973049935362	23.531303806552668
15-19	24.265700771142424	25.542141973950265	26.0009271962443	24.19123005866301
20-24	24.083920349996397	25.87135865573435	25.91702992796269	24.127691066306564
25-29	24.10975036361103	25.86814856474266	25.913865777214113	24.108235294432195
30-34	23.988497995410377	25.930430125551656	25.762757371849315	24.318314507188653
35-39	24.120446321134654	25.88891142711879	25.72679885717357	24.263843394572987
40-44	24.309090765263164	25.904445526168633	25.52982307273127	24.25664063583693
45-49	24.23328747054662	25.853124704073615	25.587477788113926	24.326110037265835
50-54	24.22663806467363	25.945239700552026	25.506027591748147	24.322094643026198
55-59	24.501799970913883	25.65713552705401	25.411763730893522	24.42930077113859
60-64	24.469979424662263	25.63036867807844	25.38885196138513	24.510799935874168
65-69	24.360456039503486	25.710941037941392	25.397407864376163	24.531195058178962
70-74	24.586615171339055	25.722701652977918	25.246208582097168	24.44447459358586
75-79	24.487043463586527	25.646393239109038	25.308226162807863	24.558337134496572
80-84	24.49197940066087	25.59814259664077	25.354111012460734	24.555766990237622
85-89	24.56325407258202	25.699352985415825	25.16987271189431	24.56752023010785
90-94	24.44053319229061	25.65675710088138	25.216685535363965	24.686024171464048
95-99	24.303047048206867	25.69171670807384	25.32785793068105	24.677378313038247
100	24.516459795889084	25.345320608856923	24.954435548916837	25.183784046337156
>>END_MODULE
>>Per base GC content	fail
#Base	%GC
1	77.08671299250919
2	44.00143961038288
3	54.6942486326458
4	51.59880439028884
5	47.93478078021138
6	42.15941591486971
7	42.81427058045959
8	47.364139560391315
9	47.23230013804906
10-14	47.39451441295791
15-19	48.45693082980544
20-24	48.21161141630296
25-29	48.217985658043226
30-34	48.30681250259903
35-39	48.38428971570764
40-44	48.565731401100095
45-49	48.559397507812456
50-54	48.54873270769983
55-59	48.93110074205247
60-64	48.98077936053643
65-69	48.89165109768245
70-74	49.031089764924914
75-79	49.0453805980831
80-84	49.047746390898496
85-89	49.130774302689865
90-94	49.12655736375466
95-99	48.98042536124511
100	49.700243842226236
>>END_MODULE
>>Per sequence GC content	warn
#GC Content	Count
0	7841.0
1	5300.0
2	2408.5
3	1988.0
4	1849.5
5	1653.5
6	1575.0
7	1629.0
8	1706.5
9	1782.0
10	1796.5
11	1879.0
12	1972.0
13	2073.5
14	2230.0
15	2416.0
16	2638.0
17	2981.5
18	3545.0
19	4392.0
20	5741.0
21	7833.5
22	10738.5
23	14423.5
24	19249.5
25	25884.5
26	34128.0
27	43255.5
28	53350.5
29	64285.0
30	76212.5
31	90353.0
32	106079.0
33	120812.5
34	133313.5
35	146331.0
36	158572.5
37	168156.5
38	176483.5
39	186242.0
40	195569.0
41	204548.0
42	217742.0
43	234543.5
44	253495.5
45	269360.5
46	286801.5
47	301085.0
48	312028.5
49	321597.0
50	331909.0
51	346902.5
52	358084.0
53	357798.5
54	346777.5
55	334617.5
56	322530.0
57	305661.5
58	284276.5
59	260390.5
60	231151.0
61	199104.0
62	168302.5
63	143050.0
64	119819.5
65	98111.5
66	84639.5
67	73020.0
68	61709.5
69	50950.5
70	39636.0
71	29026.5
72	20633.0
73	17269.0
74	17045.0
75	17157.0
76	13986.0
77	10796.0
78	8060.5
79	6190.5
80	7081.5
81	7373.0
82	5470.5
83	3557.5
84	3029.5
85	2206.5
86	1026.0
87	534.5
88	369.5
89	250.0
90	142.5
91	92.0
92	62.5
93	36.0
94	17.5
95	13.5
96	16.0
97	11.0
98	5.5
99	2.0
100	0.0
>>END_MODULE
>>Per base N content	pass
#Base	N-Count
1	0.02884876497211917
2	0.004733870700058165
3	3.3228207988234155
4	0.007540777562210301
5	0.017186735271034703
6	2.2943344812691318
7	0.02996261690154462
8	0.03198982741309894
9	0.031009637715204548
10-14	0.9661952622530952
15-19	0.02201416953316461
20-24	0.017075350078092157
25-29	0.015217445059810507
30-34	0.03730067341259949
35-39	0.03868184980508705
40-44	0.027523281176102886
45-49	0.02009388880683513
50-54	0.015778826432240937
55-59	0.004183627846921993
60-64	0.005618269132021973
65-69	0.0019559239880710916
70-74	0.002927202870530084
75-79	0.003775958040752278
80-84	0.002735620338668907
85-89	0.0024527019485948423
90-94	0.010080359961300328
95-99	0.021764666700973306
100	0.017353813060448524
>>END_MODULE
>>Sequence Length Distribution	pass
#Length	Count
100	8977854.0
>>END_MODULE
>>Sequence Duplication Levels	warn
#Total Duplicate Percentage	36.45098407418337
#Duplication Level	Relative count
1	100.0
2	14.15837056319696
3	5.112041369120906
4	2.893024237520667
5	2.008653744679354
6	1.5161642100819643
7	1.1664966405178177
8	0.9638723748548915
9	0.8752242586273613
10++	12.017448200654307
>>END_MODULE
>>Overrepresented sequences	warn
#Sequence	Count	Percentage	Possible Source
TTTTTTTTTTTTTTTTTTTTTTTTTTTTTTTTTTTTTTTTTTTTTTTTTT	12454	0.13871911929064562	No Hit
>>END_MODULE
>>Kmer Content	warn
#Sequence	Count	Obs/Exp Overall	Obs/Exp Max	Max Obs/Exp Position
TTTTT	6132005	6.5675364	9.654842	2
AAAAA	4596015	4.852173	6.541838	2
CTCCT	1842530	2.2396123	7.7243457	1
CTCCA	1826995	2.2143517	7.074845	1
GAAGA	1862625	2.1801708	5.0863457	2
CTCTG	1716755	2.1004062	5.388948	1
CTGGA	1690310	2.0756254	6.4406443	1
GAAAA	1774885	1.973014	5.4753113	2
CTTTT	1666060	1.8612729	5.184702	1
CTGAA	1570435	1.83146	5.019119	1
GTTTT	1587810	1.7854785	6.570042	1
CTCAG	1341630	1.6367363	5.369853	1
GGAAA	1380805	1.6162087	6.3538694	1
CTGGG	1165170	1.5065273	6.031884	1
>>END_MODULE
