##FastQC	0.10.1
>>Basic Statistics	pass
#Measure	Value	
Filename	F_heteroclitus_MDPL_BW_3_R2.fastq.gz	
File type	Conventional base calls	
Encoding	Sanger / Illumina 1.9	
Total Sequences	3650639	
Filtered Sequences	0	
Sequence length	100	
%GC	51	
>>END_MODULE
>>Per base sequence quality	pass
#Base	Mean	Median	Lower Quartile	Upper Quartile	10th Percentile	90th Percentile
1	29.795892992980132	31.0	30.0	34.0	26.0	34.0
2	29.825265932895583	31.0	31.0	34.0	25.0	34.0
3	29.872722556242895	31.0	31.0	34.0	25.0	34.0
4	33.17491157027578	37.0	35.0	37.0	26.0	37.0
5	33.097822600372155	37.0	35.0	37.0	26.0	37.0
6	33.01534525873416	37.0	35.0	37.0	26.0	37.0
7	33.03797362598712	37.0	35.0	37.0	26.0	37.0
8	32.96368772699793	37.0	35.0	37.0	26.0	37.0
9	34.377054537575475	39.0	35.0	39.0	26.0	39.0
10-14	34.45370122874379	39.2	35.2	39.4	25.0	39.4
15-19	35.146768825950744	40.0	35.6	41.0	24.2	41.0
20-24	34.838201147799055	39.2	35.0	41.0	21.4	41.0
25-29	34.52336295097927	39.0	34.0	41.0	18.6	41.0
30-34	33.64796787630878	38.6	33.0	40.8	13.8	41.0
35-39	33.400274582066324	38.0	32.8	40.0	10.4	41.0
40-44	32.95228791452674	38.0	32.2	40.0	7.2	41.0
45-49	32.50626890251268	37.2	32.0	40.0	2.0	41.0
50-54	31.633976627105557	36.0	31.0	39.6	2.0	40.6
55-59	31.485768381918888	35.4	31.0	39.4	2.0	41.0
60-64	30.714562957334316	35.0	30.2	38.6	2.0	40.6
65-69	29.921351686649928	35.0	29.6	36.8	2.0	39.8
70-74	29.22954934738822	34.6	29.0	35.6	2.0	38.8
75-79	28.531283865646536	34.0	28.8	35.0	2.0	36.8
80-84	27.908140629626757	34.0	27.4	35.0	2.0	36.0
85-89	27.361163620944165	34.0	26.8	35.0	2.0	35.0
90-94	26.798188152813793	34.0	25.2	35.0	2.0	35.0
95-99	26.133509229480104	33.2	24.0	35.0	2.0	35.0
100	24.801461333207694	32.0	18.0	35.0	2.0	35.0
>>END_MODULE
>>Per sequence quality scores	pass
#Quality	Count
2	179390.0
3	27918.0
4	17762.0
5	15156.0
6	14892.0
7	15661.0
8	16634.0
9	17424.0
10	18341.0
11	19143.0
12	18350.0
13	18031.0
14	17693.0
15	18368.0
16	18349.0
17	18061.0
18	18646.0
19	19241.0
20	20064.0
21	21447.0
22	23349.0
23	26778.0
24	32328.0
25	38982.0
26	46235.0
27	54258.0
28	63942.0
29	75231.0
30	89786.0
31	108492.0
32	135768.0
33	175392.0
34	238409.0
35	343604.0
36	527822.0
37	653264.0
38	413337.0
39	72973.0
40	118.0
>>END_MODULE
>>Per base sequence content	fail
#Base	G	A	T	C
1	37.72313208060047	11.148328715232717	10.670881414191014	40.4576577899758
2	30.455748924954996	19.410855330499434	25.586386316816746	24.54700942772883
3	30.840766806115354	24.760294308252025	18.579420946787817	25.819517938844804
4	32.74612554659401	30.18629271845538	16.23017697616442	20.837404758786196
5	30.953496695325995	31.087558103781948	19.275575118509515	18.683370082382545
6	22.965587199845675	34.40573060752069	21.691534299906618	20.937147892727026
7	22.609819617093248	17.872343224049885	35.99201830025528	23.525818858601593
8	23.309127411172103	20.089298559894242	28.190814903481865	28.41075912545179
9	23.093187015778422	18.936766286313365	30.539039966416524	27.431006731491685
10-14	25.695867523303363	25.480000381415884	23.863860176444305	24.960271918836455
15-19	25.61427311736112	24.368598729633668	24.97648647155444	25.040641681450776
20-24	25.47722234779583	24.907235692701914	24.709906690890804	24.905635268611455
25-29	25.449137432547186	24.918123933873993	24.589019521367238	25.043719112211583
30-34	25.527706506642208	24.865483782329154	24.682768763438535	24.924040947590104
35-39	25.443911787754846	24.839880965399093	24.481758732884774	25.23444851396129
40-44	25.80772180172632	24.620041656922318	24.402945320422994	25.16929122092837
45-49	25.60289597288707	24.64840422006486	24.395829449068163	25.352870357979906
50-54	25.648863473402105	24.783613501579	24.36303770178275	25.204485323236135
55-59	26.030530258283445	24.280713996172725	24.189840081426887	25.49891566411694
60-64	25.901808506766056	24.42749330235467	24.235482807147722	25.435215383731553
65-69	25.78981526468645	24.426311637939374	24.291566377472346	25.492306719901826
70-74	26.097624216111914	24.51758540542911	24.0528548875148	25.331935490944176
75-79	26.03389229210701	24.358901623069464	24.250345077053275	25.356861007770252
80-84	25.937324478642292	24.391503118997054	24.16368921047499	25.50748319188566
85-89	26.06547706787482	24.46283019512283	24.027139030053377	25.444553706948973
90-94	26.00849160889179	24.3892493703428	24.118042780567514	25.484216240197892
95-99	25.817477777154142	24.455144536196755	24.066820256290626	25.660557430358477
100	26.349175897961537	23.825784774255787	23.659018532018568	26.166020795764112
>>END_MODULE
>>Per base GC content	fail
#Base	%GC
1	78.18078987057628
2	55.00275835268382
3	56.66028474496015
4	53.5835303053802
5	49.63686677770854
6	43.902735092572705
7	46.13563847569483
8	51.719886536623896
9	50.524193747270104
10-14	50.65613944213981
15-19	50.65491479881189
20-24	50.382857616407286
25-29	50.492856544758766
30-34	50.45174745423231
35-39	50.67836030171613
40-44	50.97701302265468
45-49	50.95576633086697
50-54	50.853348796638244
55-59	51.529445922400384
60-64	51.33702389049761
65-69	51.28212198458828
70-74	51.42955970705609
75-79	51.39075329987727
80-84	51.44480767052796
85-89	51.51003077482379
90-94	51.49270784908969
95-99	51.47803520751262
100	52.51519669372564
>>END_MODULE
>>Per sequence GC content	warn
#GC Content	Count
0	2617.0
1	1699.0
2	700.0
3	618.0
4	569.0
5	477.0
6	425.0
7	413.5
8	418.0
9	413.5
10	400.0
11	407.5
12	463.5
13	500.0
14	513.0
15	584.0
16	703.0
17	850.0
18	1057.0
19	1363.0
20	1919.0
21	2690.0
22	3578.5
23	4808.0
24	6385.0
25	8577.0
26	11524.5
27	14778.0
28	18116.0
29	21824.5
30	26105.0
31	30396.5
32	34545.0
33	38795.5
34	42686.0
35	46206.0
36	50083.5
37	54315.0
38	58381.5
39	60797.5
40	62537.0
41	65183.0
42	68841.0
43	75607.0
44	85150.0
45	92221.0
46	100208.5
47	108018.0
48	113101.5
49	117979.0
50	122541.5
51	130142.0
52	136081.0
53	138084.0
54	138277.0
55	139818.0
56	141396.5
57	136434.5
58	129347.0
59	120947.0
60	109725.5
61	99397.0
62	87720.5
63	76520.0
64	67019.5
65	59301.0
66	53222.0
67	46997.5
68	43720.5
69	38296.5
70	30369.5
71	23533.0
72	17761.0
73	15216.0
74	13965.0
75	14458.0
76	13665.0
77	11199.5
78	8454.5
79	5476.0
80	5582.0
81	6065.5
82	6961.0
83	7394.0
84	5562.0
85	3762.5
86	2343.0
87	1490.0
88	1067.0
89	770.5
90	513.0
91	319.0
92	220.0
93	128.0
94	55.5
95	24.5
96	13.5
97	12.5
98	12.0
99	9.5
100	5.5
>>END_MODULE
>>Per base N content	pass
#Base	N-Count
1	0.03372012406595119
2	0.047169824241728636
3	0.03473364526045988
4	0.03344619941878668
5	0.04286920728124583
6	0.032405285759561545
7	0.035363671948938254
8	0.04196525594560295
9	0.03355576927765249
10-14	0.029567426414937217
15-19	0.0459042923718286
20-24	0.04399777682756361
25-29	0.026751481042086057
30-34	0.05195802707416428
35-39	0.051629317497566864
40-44	0.08836809117527096
45-49	0.06499684027919496
50-54	0.061901491766235994
55-59	0.06868386603002927
60-64	0.060060718137290484
65-69	0.06226855079343644
70-74	0.059140331322817735
75-79	0.05570531624737477
80-84	0.06088249207878402
85-89	0.0585431755919991
90-94	0.05225386569310195
95-99	0.04879693664588583
100	0.049826893319224394
>>END_MODULE
>>Sequence Length Distribution	pass
#Length	Count
100	3650639.0
>>END_MODULE
>>Sequence Duplication Levels	warn
#Total Duplicate Percentage	38.75798002946472
#Duplication Level	Relative count
1	100.0
2	13.049695625154527
3	4.371504366826817
4	2.4650687265704874
5	1.6672123808060086
6	1.2903355139624861
7	0.9836218936057894
8	0.7951834601840282
9	0.687599815570895
10++	8.334057239844705
>>END_MODULE
>>Overrepresented sequences	warn
#Sequence	Count	Percentage	Possible Source
TTTTTTTTTTTTTTTTTTTTTTTTTTTTTTTTTTTTTTTTTTTTTTTTTT	5160	0.14134511793688723	No Hit
>>END_MODULE
>>Kmer Content	warn
#Sequence	Count	Obs/Exp Overall	Obs/Exp Max	Max Obs/Exp Position
TTTTT	2090345	7.163437	8.940815	2
AAAAA	1580130	5.1482477	10.509437	2
AAGAA	729170	2.2356668	5.4584146	2
GAAGA	733900	2.1175168	5.236315	2
GAAAA	675095	2.0698705	6.806005	1
AGAAA	656490	2.0128267	5.150919	2
AAAAT	600010	1.9747516	6.0708966	3
AAAAG	617440	1.8930978	5.3627963	3
AAAAC	596720	1.8787482	5.061256	3
CTGGA	664090	1.8704048	5.5330534	1
GTTTT	579245	1.8492264	5.962233	1
GGAGA	671400	1.8229843	5.5921087	2
GGAAA	553075	1.5957837	7.1219563	1
CGGGG	585885	1.4466282	5.153973	1
GGGAG	562165	1.4364053	6.105917	1
GGGAA	511050	1.3876022	5.4773774	1
>>END_MODULE
