##FastQC	0.10.1
>>Basic Statistics	pass
#Measure	Value	
Filename	L_parva_NA_transfer_1_R1.fastq.gz	
File type	Conventional base calls	
Encoding	Sanger / Illumina 1.9	
Total Sequences	14723408	
Filtered Sequences	0	
Sequence length	100	
%GC	50	
>>END_MODULE
>>Per base sequence quality	pass
#Base	Mean	Median	Lower Quartile	Upper Quartile	10th Percentile	90th Percentile
1	30.074528261391656	31.0	30.0	34.0	25.0	34.0
2	30.350069358941898	31.0	30.0	34.0	26.0	34.0
3	28.940184432843267	31.0	30.0	34.0	16.0	34.0
4	32.63860574942975	37.0	33.0	37.0	19.0	37.0
5	33.34732746657567	37.0	33.0	37.0	28.0	37.0
6	30.74807184586612	37.0	32.0	37.0	10.0	37.0
7	31.596697449394867	37.0	32.0	37.0	17.0	37.0
8	32.73156248879336	37.0	32.0	37.0	26.0	37.0
9	34.42566802468559	38.0	35.0	39.0	27.0	39.0
10-14	34.04999445780488	38.8	34.2	39.4	21.2	39.4
15-19	35.212118104721405	39.4	34.4	41.0	25.2	41.0
20-24	35.17603111996896	39.8	34.8	41.0	24.8	41.0
25-29	34.81061875076748	39.0	34.0	41.0	23.0	41.0
30-34	34.381542778682764	39.0	33.6	41.0	19.6	41.0
35-39	34.044076914801245	39.0	33.0	41.0	17.6	41.0
40-44	33.7417889526664	38.0	33.0	40.6	15.0	41.0
45-49	33.27066241728817	38.0	32.6	40.0	10.2	41.0
50-54	32.55090973502874	36.8	31.8	40.0	5.6	41.0
55-59	31.82849332165488	35.6	31.0	39.6	2.0	41.0
60-64	30.996966762043133	35.0	30.4	38.6	2.0	40.4
65-69	30.273744842226744	35.0	30.0	36.8	2.0	39.8
70-74	29.5075800928698	34.4	29.2	35.6	2.0	38.8
75-79	28.526762255043128	33.8	28.4	35.0	2.0	36.4
80-84	28.459201144191617	34.0	29.0	35.0	2.0	36.0
85-89	27.998617942259024	34.0	28.4	35.0	2.0	35.0
90-94	27.57881694238182	34.0	27.4	35.0	2.0	35.0
95-99	26.996151733348693	34.0	26.8	35.0	2.0	35.0
100	25.89293253301138	33.0	24.0	35.0	2.0	35.0
>>END_MODULE
>>Per sequence quality scores	pass
#Quality	Count
2	537792.0
3	161904.0
4	81187.0
5	59472.0
6	58938.0
7	60552.0
8	62652.0
9	67017.0
10	71247.0
11	74297.0
12	76400.0
13	77985.0
14	78355.0
15	78841.0
16	77974.0
17	76456.0
18	74141.0
19	71568.0
20	70849.0
21	72910.0
22	79000.0
23	91980.0
24	112548.0
25	141204.0
26	183523.0
27	243806.0
28	297886.0
29	315299.0
30	379936.0
31	439256.0
32	517218.0
33	675395.0
34	936218.0
35	1369732.0
36	2142959.0
37	2743703.0
38	1779003.0
39	283942.0
40	263.0
>>END_MODULE
>>Per base sequence content	fail
#Base	G	A	T	C
1	38.05491606222601	14.74775866325686	7.9301015183110835	39.26722375620604
2	26.28351574383717	18.326860921655573	33.10532784477351	22.28429548973374
3	25.36726919964847	22.540359161993287	21.514401839642765	30.577969798715475
4	27.84631056274921	27.93157569737853	18.524623134965275	25.697490604906985
5	29.296517807608176	29.024890891721693	21.231604504254385	20.446986796415743
6	22.863924732662962	34.40553192234886	21.757632033335476	20.972911311652705
7	21.63847181242657	19.029812847385536	36.16790803921746	23.163807300970436
8	22.10291213495893	21.459238256625596	28.956879536760805	27.48097007165467
9	23.017345204025915	20.385110638749165	30.595078898010243	26.002465259214674
10-14	25.045973941901835	26.295622943294934	24.59362039362295	24.064782721180286
15-19	25.319829487316177	24.945248261300865	24.953248167932387	24.781674083450575
20-24	25.0827361750803	25.251117317077142	24.94432333309449	24.721823174748067
25-29	25.055648725158736	25.272688365277844	24.86759181249973	24.804071097063687
30-34	24.932649567613566	25.295380898812397	24.8418420570871	24.930127476486934
35-39	24.991126027450836	25.313262000287246	24.81030367650643	24.885308295755493
40-44	25.069537672494608	25.257247368943887	24.755903274905034	24.917311683656475
45-49	25.074660560203103	25.161604679235666	24.732742584866198	25.030992175695026
50-54	25.102480694094325	25.230362742631385	24.749517110358056	24.917639452916227
55-59	25.170915323128074	25.077874518817346	24.64447969078899	25.106730467265585
60-64	25.130134032123426	25.082434544465343	24.6666816096896	25.12074981372163
65-69	25.088241551587487	25.16822058210368	24.679586021137435	25.0639518451714
70-74	25.23319908131497	25.070172045876006	24.593619672917875	25.10300919989115
75-79	25.177858541268982	24.930046029212875	24.646347738721865	25.24574769079628
80-84	25.140964592241737	25.041516029219068	24.643873920158054	25.173645458381138
85-89	25.281580077393713	24.992726009595838	24.522857269345295	25.20283664366516
90-94	25.110919391370945	24.91425933424428	24.55354223261855	25.421279041766226
95-99	25.141697972438166	25.008340929253702	24.59198195804965	25.25797914025848
100	25.535480229020624	24.69346906737305	24.159997880570845	25.61105282303548
>>END_MODULE
>>Per base GC content	fail
#Base	%GC
1	77.32213981843205
2	48.567811233570914
3	55.94523899836395
4	53.54380116765619
5	49.74350460402392
6	43.83683604431567
7	44.802279113397006
8	49.5838822066136
9	49.019810463240596
10-14	49.110756663082114
15-19	50.101503570766745
20-24	49.80455934982837
25-29	49.859719822222424
30-34	49.862777044100504
35-39	49.876434323206325
40-44	49.98684935615108
45-49	50.10565273589813
50-54	50.02012014701056
55-59	50.27764579039366
60-64	50.25088384584506
65-69	50.15219339675888
70-74	50.33620828120612
75-79	50.42360623206527
80-84	50.314610050622875
85-89	50.484416721058864
90-94	50.53219843313717
95-99	50.39967711269665
100	51.1465330520561
>>END_MODULE
>>Per sequence GC content	warn
#GC Content	Count
0	3270.0
1	2427.5
2	1419.5
3	1259.0
4	1163.0
5	1038.5
6	1032.5
7	1051.0
8	1058.5
9	1099.0
10	1171.5
11	1200.0
12	1280.5
13	1428.0
14	1590.5
15	1876.5
16	2253.5
17	2809.5
18	3646.0
19	4897.5
20	6957.0
21	9950.0
22	13582.5
23	18796.0
24	26095.0
25	35222.5
26	46062.0
27	59564.5
28	75263.5
29	92328.0
30	109888.5
31	128554.0
32	148387.5
33	167469.0
34	186771.0
35	205152.0
36	221926.0
37	238003.5
38	252850.0
39	267078.0
40	284271.5
41	306453.5
42	324651.5
43	340839.5
44	362959.0
45	390005.5
46	418140.5
47	446646.0
48	474946.0
49	496159.5
50	518754.5
51	547019.0
52	566967.0
53	578711.0
54	582222.0
55	576489.0
56	567489.0
57	545166.0
58	512006.5
59	476950.5
60	440051.5
61	398042.5
62	354263.5
63	313582.5
64	274051.5
65	236864.0
66	200284.5
67	168408.5
68	141010.0
69	115355.0
70	92655.0
71	72437.0
72	57167.0
73	46063.5
74	36300.0
75	27953.5
76	21499.0
77	16626.0
78	12663.0
79	9668.5
80	7658.5
81	5803.0
82	4053.5
83	2705.5
84	1789.5
85	1262.0
86	863.0
87	611.5
88	470.5
89	329.0
90	249.5
91	187.5
92	124.5
93	84.5
94	58.5
95	47.5
96	35.5
97	21.0
98	13.5
99	8.0
100	1.5
>>END_MODULE
>>Per base N content	pass
#Base	N-Count
1	0.029137275826357594
2	0.004503033536800719
3	3.326505656842492
4	0.0074371368367975674
5	0.01685071825762079
6	2.3071560606077073
7	0.02955158207936641
8	0.03137181283029038
9	0.030353026962235914
10-14	0.9703310537886337
15-19	0.02197996550798565
20-24	0.017112885821000137
25-29	0.015120140663085611
30-34	0.03710010617107126
35-39	0.038359325503986574
40-44	0.02700869255270247
45-49	0.019821497848867598
50-54	0.015910718496695873
55-59	0.004213698350273252
60-64	0.005555778933790329
65-69	0.002029421449164487
70-74	0.0030645078911078196
75-79	0.003966472979625369
80-84	0.002852600430552492
85-89	0.002734421269858174
90-94	0.009886298063600493
95-99	0.021907971306643136
100	0.016728463953454255
>>END_MODULE
>>Sequence Length Distribution	pass
#Length	Count
100	1.4723408E7
>>END_MODULE
>>Sequence Duplication Levels	warn
#Total Duplicate Percentage	42.16320877381423
#Duplication Level	Relative count
1	100.0
2	20.445715123524668
3	8.50621899665225
4	4.84487126228934
5	3.2589660256253614
6	2.498187653234937
7	1.9899160211454032
8	1.5671708656093966
9	1.3977469882462186
10++	18.39878145134358
>>END_MODULE
>>Overrepresented sequences	pass
>>END_MODULE
>>Kmer Content	warn
#Sequence	Count	Obs/Exp Overall	Obs/Exp Max	Max Obs/Exp Position
TTTTT	7542850	5.853898	8.105417	2
AAAAA	7086585	5.1711373	7.817397	2
CTCCT	3440065	2.5371706	6.36676	1
GAAGA	3203625	2.2943687	5.048689	2
CTCCA	3145095	2.291209	5.6524105	1
CTGGA	3065455	2.2123058	5.375138	1
GAAAA	2850855	2.0609167	5.337748	2
GTTTT	2497995	1.8970785	6.880979	1
GGAAA	2262015	1.6200074	5.599987	1
>>END_MODULE
