##FastQC	0.10.1
>>Basic Statistics	pass
#Measure	Value	
Filename	A_xenica_NA_FW_2_R2.fastq.gz	
File type	Conventional base calls	
Encoding	Sanger / Illumina 1.9	
Total Sequences	7610310	
Filtered Sequences	0	
Sequence length	100	
%GC	50	
>>END_MODULE
>>Per base sequence quality	pass
#Base	Mean	Median	Lower Quartile	Upper Quartile	10th Percentile	90th Percentile
1	29.92675646589955	31.0	31.0	34.0	26.0	34.0
2	29.928722220251213	31.0	31.0	34.0	26.0	34.0
3	29.98949438327742	31.0	31.0	34.0	26.0	34.0
4	33.357869258939516	37.0	35.0	37.0	27.0	37.0
5	33.27670778194318	37.0	35.0	37.0	27.0	37.0
6	33.150348671736104	37.0	35.0	37.0	26.0	37.0
7	33.174108939057675	37.0	35.0	37.0	27.0	37.0
8	33.136928193463866	37.0	35.0	37.0	27.0	37.0
9	34.54662779834199	39.0	35.0	39.0	27.0	39.0
10-14	34.64267247983328	39.2	35.2	39.4	26.4	39.4
15-19	35.34148159536208	39.8	35.8	41.0	25.2	41.0
20-24	34.99752317579704	39.0	35.0	41.0	23.6	41.0
25-29	34.71682648932829	39.0	34.8	41.0	21.8	41.0
30-34	34.346631766642886	39.0	34.0	41.0	18.4	41.0
35-39	33.88677578180126	38.2	33.2	40.0	15.6	41.0
40-44	33.3742514825283	38.0	33.0	40.0	10.6	41.0
45-49	32.8552098928953	38.0	32.0	40.0	7.6	41.0
50-54	32.10761650970854	36.6	31.4	39.6	2.8	40.6
55-59	32.02762189713691	36.2	31.6	39.8	2.0	41.0
60-64	31.210723426509567	35.0	31.0	38.8	2.0	40.8
65-69	30.438009174396313	35.0	30.0	37.2	2.0	40.0
70-74	29.695542546887054	34.8	29.8	36.0	2.0	39.0
75-79	28.987980226823872	34.0	29.0	35.0	2.0	37.2
80-84	28.344373120148852	34.0	29.0	35.0	2.0	36.0
85-89	27.81497308256825	34.0	27.4	35.0	2.0	35.2
90-94	27.28754557961502	34.0	27.0	35.0	2.0	35.0
95-99	26.612499832464117	33.8	25.2	35.0	2.0	35.0
100	25.263989640369445	32.0	20.0	35.0	2.0	35.0
>>END_MODULE
>>Per sequence quality scores	pass
#Quality	Count
2	341115.0
3	51059.0
4	35372.0
5	29273.0
6	28848.0
7	29660.0
8	31291.0
9	34043.0
10	37112.0
11	37698.0
12	36242.0
13	35576.0
14	35260.0
15	35921.0
16	36022.0
17	35834.0
18	36285.0
19	36979.0
20	38329.0
21	40795.0
22	45495.0
23	52580.0
24	62506.0
25	75506.0
26	90333.0
27	106605.0
28	127411.0
29	151708.0
30	183102.0
31	224261.0
32	282132.0
33	366126.0
34	500144.0
35	718083.0
36	1104073.0
37	1410095.0
38	937100.0
39	150192.0
40	144.0
>>END_MODULE
>>Per base sequence content	fail
#Base	G	A	T	C
1	42.14643012500113	11.475581811281376	8.776818282265383	37.60116978145211
2	27.70877055836883	19.340541391907585	26.93841307805242	26.012274971671168
3	28.9218185398811	22.48087381119467	19.32196651691048	29.27534113201376
4	32.9226542935342	25.959454362527012	18.25529156366934	22.86259978026945
5	31.170171410977893	27.112269214634644	21.626373840181977	20.091185534205486
6	25.627437998971423	30.953660534837425	23.1321733304867	20.28672813570445
7	23.312218869662797	20.809310942115943	33.810875859363584	22.067594328857684
8	23.14913720917699	22.1073075957404	29.301972187204644	25.44158300787797
9	22.009453949301538	20.664747654754024	32.56635085576581	24.759447540178627
10-14	25.31897104288473	25.623792191614005	25.224708521644768	23.832528243856498
15-19	25.171944439018212	24.395770077015367	25.777201694516293	24.655083789450128
20-24	25.072330524982817	25.20494459414216	25.56276516438029	24.159959716494736
25-29	25.146012083057002	24.949561923662717	25.375247747830045	24.529178245450243
30-34	24.92581568826475	25.157062667500185	25.45931856520654	24.457803079028526
35-39	24.904685804134232	25.10908224010102	25.3188050189398	24.667426936824945
40-44	25.041817690886965	25.164284584146408	25.268925150338124	24.52497257462851
45-49	25.06918918048947	25.038399278546418	25.156522786026436	24.73588875493768
50-54	24.93273603213881	25.32727364623589	25.223907741874037	24.516082579751263
55-59	25.174240544677772	24.972444522203517	25.0381905100794	24.815124423039308
60-64	25.047675419730037	25.175130746256723	25.069965636244973	24.70722819776827
65-69	24.991741963826225	25.11387937081549	25.15215563147572	24.742223033882567
70-74	25.145366480895188	25.227330055491613	24.93136918089651	24.69593428271669
75-79	25.025255705554144	25.071705428548068	25.051900589966447	24.85113827593134
80-84	25.066818769044907	25.214793495824278	24.912292228465194	24.806095506665624
85-89	25.214833042817958	25.095234127619097	24.860628365346834	24.82930446421611
90-94	25.156041017374996	25.092496823250453	24.81840693816563	24.933055221208917
95-99	25.17244281207109	25.188732065450502	24.913195426070224	24.725629696408184
100	25.844306501636737	24.698090485934998	24.2562752128206	25.201327799607665
>>END_MODULE
>>Per base GC content	fail
#Base	%GC
1	79.74759990645323
2	53.72104553004
3	58.19715967189486
4	55.78525407380365
5	51.26135694518338
6	45.914166134675874
7	45.37981319852048
8	48.59072021705496
9	46.768901489480164
10-14	49.15149928674122
15-19	49.827028228468336
20-24	49.23229024147755
25-29	49.67519032850724
30-34	49.38361876729328
35-39	49.57211274095918
40-44	49.56679026551548
45-49	49.80507793542715
50-54	49.44881861189007
55-59	49.98936496771708
60-64	49.75490361749831
65-69	49.73396499770879
70-74	49.841300763611876
75-79	49.87639398148549
80-84	49.87291427571053
85-89	50.04413750703407
90-94	50.08909623858392
95-99	49.898072508479274
100	51.045634301244405
>>END_MODULE
>>Per sequence GC content	warn
#GC Content	Count
0	5667.0
1	3800.5
2	1866.0
3	1710.5
4	1517.0
5	1306.0
6	1206.0
7	1214.0
8	1225.5
9	1202.5
10	1192.5
11	1256.0
12	1332.5
13	1418.0
14	1477.5
15	1567.0
16	1829.0
17	2133.0
18	2614.0
19	3439.0
20	4432.0
21	5838.0
22	8105.5
23	11130.0
24	14696.0
25	18978.5
26	24022.5
27	30031.5
28	37031.0
29	44656.5
30	52758.0
31	62218.5
32	72329.0
33	82715.0
34	92071.5
35	101391.0
36	111020.5
37	119980.0
38	128971.0
39	138767.5
40	149276.0
41	158124.0
42	167149.5
43	179456.0
44	193579.0
45	203573.5
46	215198.0
47	230271.0
48	245792.0
49	260117.0
50	271926.5
51	284253.0
52	296367.5
53	305114.5
54	307537.5
55	306634.0
56	303158.0
57	295749.5
58	280685.5
59	258784.5
60	231376.5
61	204282.5
62	181514.0
63	159343.0
64	137940.0
65	116520.0
66	96915.0
67	80336.0
68	65914.5
69	52436.0
70	40476.0
71	30726.0
72	23135.5
73	17991.0
74	14391.0
75	11620.0
76	9024.5
77	6751.5
78	5091.0
79	3676.0
80	2654.5
81	1950.5
82	1686.5
83	1534.0
84	1046.5
85	589.5
86	368.0
87	253.0
88	190.0
89	143.5
90	98.5
91	71.5
92	58.5
93	44.5
94	36.0
95	28.5
96	20.0
97	15.5
98	13.5
99	10.0
100	5.0
>>END_MODULE
>>Per base N content	pass
#Base	N-Count
1	0.04492589657977139
2	0.05388742377117358
3	0.048933617684430726
4	0.04889419747684391
5	0.04758019055728348
6	0.04811893339430325
7	0.04622676343013622
8	0.03968300897072524
9	0.05210037436057138
10-14	0.037220560003468975
15-19	0.04245030754331952
20-24	0.04500210898110589
25-29	0.027197315221061953
30-34	0.04438978175659073
35-39	0.037302028432481725
40-44	0.09131034084025486
45-49	0.0685806491456984
50-54	0.06439685111381796
55-59	0.08141324072212565
60-64	0.07985220050168784
65-69	0.07353708324628037
70-74	0.06544280062178807
75-79	0.06698544474535204
80-84	0.08289806854122894
85-89	0.07743705578353575
90-94	0.0560423951192527
95-99	0.06958980645992081
100	0.07290110389721312
>>END_MODULE
>>Sequence Length Distribution	pass
#Length	Count
100	7610310.0
>>END_MODULE
>>Sequence Duplication Levels	warn
#Total Duplicate Percentage	45.7997120884949
#Duplication Level	Relative count
1	100.0
2	33.271593073441785
3	12.325918677593528
4	5.876391340054867
5	3.5716157891977844
6	2.400006989463384
7	1.9570497475056352
8	1.523703017700816
9	1.2432507994198745
10++	12.567055164339758
>>END_MODULE
>>Overrepresented sequences	warn
#Sequence	Count	Percentage	Possible Source
TTTTTTTTTTTTTTTTTTTTTTTTTTTTTTTTTTTTTTTTTTTTTTTTTT	12876	0.16919153096260206	No Hit
>>END_MODULE
>>Kmer Content	warn
#Sequence	Count	Obs/Exp Overall	Obs/Exp Max	Max Obs/Exp Position
TTTTT	5224710	7.283007	9.974019	5
AAAAA	3491170	5.0329757	7.764386	2
GGAGG	1785640	2.361418	5.010911	1
CTGGA	1592435	2.1987948	5.506233	1
GAAAA	1430185	2.0177965	5.586275	1
GGGGG	1509120	1.9531428	6.175302	1
GTTTT	1340200	1.8406469	5.49862	1
GGAAA	1192590	1.6466738	5.3312254	1
GCCAG	1062485	1.4869435	5.0980163	1
GGCGG	909430	1.2108097	5.080583	1
GCCGG	770390	1.0551485	5.05823	1
>>END_MODULE
