##FastQC	0.10.1
>>Basic Statistics	pass
#Measure	Value	
Filename	L_parva_NA_FW_2_R1.fastq.gz	
File type	Conventional base calls	
Encoding	Sanger / Illumina 1.9	
Total Sequences	18159750	
Filtered Sequences	0	
Sequence length	100	
%GC	50	
>>END_MODULE
>>Per base sequence quality	pass
#Base	Mean	Median	Lower Quartile	Upper Quartile	10th Percentile	90th Percentile
1	30.934369195611172	33.0	31.0	34.0	27.0	34.0
2	31.251335123005546	34.0	31.0	34.0	28.0	34.0
3	30.984443563375045	34.0	31.0	34.0	27.0	34.0
4	34.48656088327207	37.0	35.0	37.0	30.0	37.0
5	32.984654524429025	37.0	35.0	37.0	25.0	37.0
6	33.36415187433748	37.0	35.0	37.0	21.0	37.0
7	33.97291598177288	37.0	35.0	37.0	30.0	37.0
8	34.09500945772932	37.0	35.0	37.0	30.0	37.0
9	35.69540632442627	39.0	37.0	39.0	30.0	39.0
10-14	35.81411467668883	39.2	37.0	39.4	30.0	39.4
15-19	36.61952151323669	40.0	37.0	41.0	29.8	41.0
20-24	36.39930752350666	40.0	37.0	41.0	28.6	41.0
25-29	36.06767851980341	40.0	36.0	41.0	27.2	41.0
30-34	35.65222604936742	40.0	35.4	41.0	26.0	41.0
35-39	35.27071645810102	39.4	35.0	41.0	24.8	41.0
40-44	35.00253418686931	39.0	35.0	41.0	24.0	41.0
45-49	34.48109292253473	38.6	34.2	41.0	22.8	41.0
50-54	33.81917203705998	37.6	33.4	40.0	20.6	41.0
55-59	33.059695711670045	36.4	33.0	40.0	17.6	41.0
60-64	32.25920374454494	35.0	32.0	39.0	13.2	41.0
65-69	31.5403911617726	35.0	31.8	37.4	7.6	40.0
70-74	30.813355932763393	35.0	31.0	36.2	3.6	39.0
75-79	29.815189173859768	34.2	30.2	35.0	2.0	37.2
80-84	29.783543077410208	35.0	31.0	35.0	2.0	36.2
85-89	29.34317570451135	34.4	30.2	35.0	2.0	35.4
90-94	28.90379803686725	34.0	30.0	35.0	2.0	35.0
95-99	28.4126683462052	34.0	29.8	35.0	2.0	35.0
100	27.293885378378008	33.0	27.0	35.0	2.0	35.0
>>END_MODULE
>>Per sequence quality scores	pass
#Quality	Count
2	419074.0
3	152276.0
4	80034.0
5	63181.0
6	63675.0
7	63553.0
8	64605.0
9	69101.0
10	74133.0
11	76908.0
12	77449.0
13	79047.0
14	79428.0
15	78781.0
16	77631.0
17	76551.0
18	74552.0
19	73610.0
20	73714.0
21	75982.0
22	83371.0
23	97987.0
24	117930.0
25	145640.0
26	178008.0
27	218085.0
28	263984.0
29	311528.0
30	375939.0
31	457263.0
32	571469.0
33	748604.0
34	1047957.0
35	1606173.0
36	2712737.0
37	3900077.0
38	2875958.0
39	552885.0
40	870.0
>>END_MODULE
>>Per base sequence content	fail
#Base	G	A	T	C
1	33.5872381045958	15.016575721238842	7.4658819709070094	43.93030420325835
2	24.568012934390786	17.40291772718612	39.31998079225346	18.70908854616963
3	25.38075812615523	22.720110148417525	22.686132079856502	29.212999645570747
4	27.047591616967292	29.745243853445896	19.14401890700942	24.06314562257739
5	29.04300410850995	30.942616449059525	21.18501944916886	18.82935999326167
6	23.227014946610904	33.45845353828529	22.771142790674894	20.543388724428908
7	21.263389843973687	18.80380874263683	37.073458910779294	22.85934250261019
8	21.097708385755404	21.065184892724538	30.070732398980336	27.766374322539715
9	22.805483531681418	20.063701162960527	31.025855706155742	26.104959599202317
10-14	24.772592372354993	26.04727221590049	24.798807111464786	24.38132830027973
15-19	25.09805091513086	24.839446184687862	25.23821587766239	24.82428702251889
20-24	24.850348067754144	25.213910874195367	25.1730379986978	24.76270305935269
25-29	24.928025764769593	25.289119475925048	25.020372186694683	24.762482572610676
30-34	24.78851574569829	25.20347400673839	25.017507781961847	24.990502465601473
35-39	24.88135505369353	25.22288814375619	24.98636570532957	24.90939109722071
40-44	25.03960023672716	25.1747118847205	24.81763133683253	24.9680565417198
45-49	24.993285329664864	25.18345096290025	24.785383933061908	25.037879774372975
50-54	25.033243438727737	25.227821096810533	24.777501378203795	24.961434086257935
55-59	25.185084803199544	25.023988114799007	24.674418455834726	25.116508626166723
60-64	25.19931658228761	24.94448437110314	24.739478001316648	25.1167210452926
65-69	25.128323237849102	25.048912773348825	24.73151321181512	25.09125077698695
70-74	25.24031717752708	24.98894883289807	24.679489721114976	25.091244268459878
75-79	25.22664762886463	24.848088483486304	24.65559507017996	25.26966881746911
80-84	25.161747942611374	24.8812517198323	24.714204953522344	25.242795384033982
85-89	25.205899294151607	25.001678199887746	24.523657486071656	25.268765019888995
90-94	25.10851623212151	24.921188547157076	24.58031549341545	25.38997972730596
95-99	24.96678979341487	25.06427351965358	24.663433409047038	25.30550327788451
100	25.25983866917489	24.72927414345315	24.134768731248926	25.876118456123038
>>END_MODULE
>>Per base GC content	fail
#Base	%GC
1	77.51754230785414
2	43.27710148056042
3	54.59375777172597
4	51.110737239544676
5	47.872364101771616
6	43.770403671039816
7	44.122732346583874
8	48.86408270829512
9	48.91044313088373
10-14	49.15392067263472
15-19	49.92233793764974
20-24	49.613051127106836
25-29	49.690508337380265
30-34	49.779018211299764
35-39	49.79074615091424
40-44	50.007656778446965
45-49	50.031165104037846
50-54	49.99467752498567
55-59	50.301593429366264
60-64	50.316037627580215
65-69	50.219574014836056
70-74	50.33156144598695
75-79	50.496316446333736
80-84	50.40454332664536
85-89	50.474664314040595
90-94	50.49849595942747
95-99	50.27229307129938
100	51.13595712529793
>>END_MODULE
>>Per sequence GC content	warn
#GC Content	Count
0	5062.0
1	4017.5
2	2643.0
3	2355.5
4	2248.5
5	1979.5
6	1845.0
7	1860.5
8	1918.0
9	2012.0
10	2141.0
11	2287.5
12	2464.5
13	2698.0
14	2969.5
15	3368.0
16	3935.0
17	4783.0
18	6173.5
19	8392.5
20	11688.5
21	16074.5
22	22229.5
23	30563.5
24	41059.0
25	54077.0
26	69588.0
27	88659.5
28	109457.0
29	131194.5
30	155023.5
31	179015.0
32	203103.5
33	225300.0
34	246641.5
35	266203.0
36	282948.5
37	298124.0
38	312806.5
39	330317.0
40	347975.0
41	368045.0
42	387849.0
43	409423.0
44	438356.0
45	469208.0
46	511365.0
47	551869.0
48	579232.5
49	601525.0
50	630859.0
51	653067.5
52	671535.0
53	683612.5
54	669493.5
55	666073.5
56	661023.5
57	628933.0
58	599623.0
59	570300.0
60	532229.0
61	481765.0
62	419959.5
63	368652.0
64	331502.5
65	299006.0
66	257676.5
67	220871.5
68	192081.5
69	157486.5
70	124200.5
71	95211.0
72	74889.5
73	69435.5
74	61358.0
75	51403.5
76	41867.5
77	32167.0
78	25553.5
79	20604.5
80	19706.5
81	17279.5
82	11424.5
83	6152.0
84	3660.5
85	2347.0
86	1514.0
87	1079.5
88	743.5
89	523.0
90	377.5
91	263.0
92	195.0
93	143.5
94	124.5
95	93.0
96	56.0
97	42.5
98	25.5
99	9.0
100	3.5
>>END_MODULE
>>Per base N content	pass
#Base	N-Count
1	0.016927545808725342
2	0.0022577403323283634
3	0.005385536695163755
4	0.007736890651027685
5	3.502922672393618
6	0.03894877407453297
7	0.048310136428089595
8	0.05392695384022358
9	0.04816696265091756
10-14	0.053168132821211744
15-19	0.03145638018144523
20-24	0.027107201365657568
25-29	0.02671072013656576
30-34	0.05093572323407536
35-39	0.04862071339087818
40-44	0.03968666969534272
45-49	0.030125965390492712
50-54	0.015328404851388373
55-59	0.005318355153567642
60-64	0.004953812690152673
65-69	9.834937154971847E-4
70-74	0.0032048899351587988
75-79	0.004355786836272526
80-84	0.005522102451850934
85-89	0.0022654496895607042
90-94	0.009522157518688307
95-99	0.018081746720081497
100	0.00435028015253514
>>END_MODULE
>>Sequence Length Distribution	pass
#Length	Count
100	1.815975E7
>>END_MODULE
>>Sequence Duplication Levels	fail
#Total Duplicate Percentage	52.51283323220289
#Duplication Level	Relative count
1	100.0
2	25.25065987669866
3	11.25847580141209
4	6.489642500722833
5	4.4134792057229735
6	3.4341568967607747
7	2.6143242209724202
8	2.1442495126705654
9	1.8588470112015818
10++	29.07374763330442
>>END_MODULE
>>Overrepresented sequences	pass
>>END_MODULE
>>Kmer Content	fail
#Sequence	Count	Obs/Exp Overall	Obs/Exp Max	Max Obs/Exp Position
TTTTT	10767055	6.491537	10.686349	2
AAAAA	9248045	5.5051813	8.244816	2
CTCCT	3838070	2.2526093	7.103671	1
GAAGA	3798110	2.2382812	6.000952	2
AAGAA	3760150	2.2270992	5.1126404	2
CTCCA	3767665	2.2056646	6.9027996	1
CTTCT	3678280	2.178263	5.0226307	1
CTGGA	3630940	2.1314993	7.302788	1
GAAAA	3450590	2.0437498	5.769547	2
CTCTG	3403260	2.000173	5.363706	1
CTTCA	3295835	1.9468172	5.4846277	1
AAAAT	3251015	1.9401999	5.130628	3
CTTTT	3224805	1.9269104	6.538903	1
GTTTT	3188575	1.9078937	8.13301	1
CTGAA	3070940	1.8118606	5.675657	1
CTTTG	2848265	1.689061	5.26509	1
GGAAG	2810715	1.6480734	5.0804944	1
GGAAA	2678020	1.5781958	6.4700875	1
CTCAG	2615185	1.5330948	5.3876095	1
CTGGG	2413205	1.4095259	5.9806576	1
GGGAA	2179805	1.2781371	5.0240226	1
>>END_MODULE
