##FastQC	0.10.1
>>Basic Statistics	pass
#Measure	Value	
Filename	F_grandis_NA_BW_3_R1.fastq.gz	
File type	Conventional base calls	
Encoding	Sanger / Illumina 1.9	
Total Sequences	10721690	
Filtered Sequences	0	
Sequence length	100	
%GC	50	
>>END_MODULE
>>Per base sequence quality	pass
#Base	Mean	Median	Lower Quartile	Upper Quartile	10th Percentile	90th Percentile
1	30.80901854092032	33.0	31.0	34.0	26.0	34.0
2	31.104362371976805	34.0	31.0	34.0	27.0	34.0
3	30.855298838149583	34.0	31.0	34.0	27.0	34.0
4	34.34927823878512	37.0	35.0	37.0	30.0	37.0
5	32.85686323704565	37.0	35.0	37.0	23.0	37.0
6	33.24509568920571	37.0	35.0	37.0	19.0	37.0
7	33.842034977694745	37.0	35.0	37.0	29.0	37.0
8	33.95755212098093	37.0	35.0	37.0	30.0	37.0
9	35.528540370034946	39.0	35.0	39.0	30.0	39.0
10-14	35.646194228708346	39.2	35.4	39.4	29.6	39.4
15-19	36.438410996773825	40.0	36.8	41.0	29.0	41.0
20-24	36.22925882020465	40.0	36.4	41.0	27.4	41.0
25-29	35.902950859426085	40.0	36.0	41.0	26.8	41.0
30-34	35.48960587370088	40.0	35.2	41.0	25.2	41.0
35-39	35.11491598805786	39.0	35.0	41.0	24.2	41.0
40-44	34.85711579051437	39.0	34.8	41.0	23.6	41.0
45-49	34.331277419884366	38.4	34.0	40.8	22.2	41.0
50-54	33.643484152218534	37.6	33.0	40.0	19.4	41.0
55-59	32.84187392099567	36.2	32.6	39.8	15.6	41.0
60-64	32.00049846619329	35.0	32.0	38.8	9.8	40.8
65-69	31.24611823322629	35.0	31.0	37.2	5.8	39.8
70-74	30.467856112236035	35.0	30.8	35.8	2.0	38.8
75-79	29.48003443486988	34.0	29.6	35.0	2.0	36.8
80-84	29.463684922806017	34.6	30.0	35.0	2.0	36.0
85-89	29.019352247640064	34.0	30.0	35.0	2.0	35.2
90-94	28.56236039281121	34.0	29.4	35.0	2.0	35.0
95-99	28.036252549737963	34.0	29.0	35.0	2.0	35.0
100	26.888673054341247	33.0	25.0	35.0	2.0	35.0
>>END_MODULE
>>Per sequence quality scores	pass
#Quality	Count
2	266683.0
3	89200.0
4	46946.0
5	37331.0
6	35623.0
7	36733.0
8	38059.0
9	40748.0
10	43637.0
11	46417.0
12	47295.0
13	48347.0
14	48769.0
15	49174.0
16	48287.0
17	47965.0
18	47121.0
19	46611.0
20	46734.0
21	49189.0
22	54904.0
23	63636.0
24	75808.0
25	92377.0
26	113922.0
27	138587.0
28	166113.0
29	191570.0
30	231292.0
31	281257.0
32	350652.0
33	459401.0
34	638595.0
35	962111.0
36	1635028.0
37	2309705.0
38	1539923.0
39	255676.0
40	264.0
>>END_MODULE
>>Per base sequence content	fail
#Base	G	A	T	C
1	38.07102493509949	12.167135624511829	10.548571069291985	39.213268371096696
2	27.677846998132814	20.817747405511387	27.864257881633286	23.640147714722517
3	28.070645898212987	25.292497098254174	20.67858132891191	25.95827567462093
4	29.870905397161785	31.262599316097088	17.39458362326762	21.471911663473502
5	29.504680856660254	31.693184058832514	19.776763235173096	19.02537184933414
6	22.633009831210117	34.378855769855186	22.280014450856264	20.708119948078433
7	21.945543613016188	18.197071370757715	36.28116938389349	23.576215632332605
8	23.242281364506677	20.789014413668884	27.975990842918463	27.992713378905975
9	22.909543487620436	19.346073734502568	30.7353033664795	27.009079411397497
10-14	25.45985814288722	25.47834423652032	24.15195162104378	24.909845999548683
15-19	25.445300962975985	24.579411493486596	24.905302814730877	25.06998472880654
20-24	25.312947391394648	25.117439293589992	24.747802073230694	24.821811241784662
25-29	25.354525644781507	24.942048930396826	24.571537121439597	25.131888303382066
30-34	25.101315414669873	25.012314207016296	24.81048867913186	25.075881699181963
35-39	25.225921654365713	25.05749670108391	24.69276881437533	25.023812830175046
40-44	25.289538396581495	24.878236590508465	24.561183245330966	25.27104176757907
45-49	25.299320899100625	24.848546174825188	24.64611887205485	25.206014054019338
50-54	25.336329395552415	24.86038116977022	24.566085835865426	25.237203598811934
55-59	25.39894992803957	24.62167841756077	24.556989582293724	25.422382072105936
60-64	25.365777693234985	24.67117433464384	24.620478506608656	25.342569465512522
65-69	25.343048918515464	24.98204513223533	24.411865574230724	25.26304037501848
70-74	25.44814831548421	24.90844371989451	24.354571176802217	25.288836787819065
75-79	25.35821961642524	24.713776597601203	24.512335688361652	25.415668097611903
80-84	25.38940536540155	24.802845849643106	24.403876659030093	25.403872125925247
85-89	25.5032350159565	24.67247703107052	24.295795187182403	25.528492765790578
90-94	25.350770220425723	24.701952837903054	24.39071301838394	25.556563923287285
95-99	25.31751907207743	24.783368439513204	24.411102383799786	25.488010104609575
100	25.634982024881708	24.426750751710934	24.034509540854955	25.90375768255241
>>END_MODULE
>>Per base GC content	fail
#Base	%GC
1	77.28429330619619
2	51.31799471285533
3	54.02892157283391
4	51.342817060635284
5	48.53005270599439
6	43.34112977928855
7	45.5217592453488
8	51.234994743412656
9	49.91862289901793
10-14	50.3697041424359
15-19	50.51528569178253
20-24	50.13475863317931
25-29	50.48641394816358
30-34	50.17719711385183
35-39	50.24973448454075
40-44	50.56058016416058
45-49	50.50533495311996
50-54	50.573532994364356
55-59	50.8213320001455
60-64	50.7083471587475
65-69	50.60608929353394
70-74	50.73698510330327
75-79	50.773887714037144
80-84	50.793277491326805
85-89	51.03172778174707
90-94	50.907334143713
95-99	50.80552917668702
100	51.53873970743411
>>END_MODULE
>>Per sequence GC content	warn
#GC Content	Count
0	1113.0
1	856.0
2	551.0
3	538.5
4	526.5
5	476.5
6	468.0
7	523.0
8	590.5
9	649.5
10	751.0
11	856.0
12	1005.0
13	1128.5
14	1288.5
15	1579.0
16	2004.5
17	2573.5
18	3338.5
19	4362.0
20	5974.5
21	8295.5
22	11219.0
23	15076.0
24	20207.5
25	26947.5
26	34695.5
27	43314.5
28	53770.5
29	64782.5
30	77675.0
31	91102.5
32	101996.0
33	115531.0
34	126916.0
35	135502.5
36	146295.5
37	155030.0
38	165972.5
39	178386.5
40	188028.0
41	200578.5
42	214111.0
43	226822.5
44	243946.0
45	262123.0
46	281074.0
47	303646.0
48	324176.5
49	345778.5
50	368826.0
51	396200.0
52	420911.5
53	435579.5
54	444363.0
55	447583.0
56	443958.0
57	436307.5
58	419667.5
59	388646.5
60	354036.0
61	314619.0
62	276796.5
63	244447.5
64	208695.0
65	174778.5
66	148053.5
67	124366.0
68	104578.0
69	85032.5
70	65674.5
71	50097.5
72	37380.5
73	29046.5
74	23821.0
75	19713.0
76	15133.5
77	11330.0
78	8298.0
79	5466.0
80	4541.5
81	4134.5
82	4185.5
83	4064.0
84	2801.0
85	1576.0
86	925.5
87	574.5
88	463.0
89	407.5
90	310.5
91	221.5
92	174.0
93	131.0
94	77.0
95	42.0
96	27.0
97	15.0
98	7.0
99	5.0
100	3.0
>>END_MODULE
>>Per base N content	pass
#Base	N-Count
1	0.016984262742160982
2	0.0019866271082264082
3	0.005204403410283267
4	0.008114392413882513
5	3.551128600062117
6	0.03717697489854677
7	0.04667174671157252
8	0.05234249451345824
9	0.04585098058235222
10-14	0.051545978292601255
15-19	0.029928117675478396
20-24	0.02562842238490387
25-29	0.025494115200122368
30-34	0.0485576434312128
35-39	0.046524381883826155
40-44	0.03788022224108326
45-49	0.028695103104081538
50-54	0.014684252202777734
55-59	0.00484998167266541
60-64	0.004590694190934452
65-69	7.927854657241535E-4
70-74	0.0028577584317397726
75-79	0.0040273501658786995
80-84	0.005236114828912233
85-89	0.002128395803273551
90-94	0.008895985614208207
95-99	0.017068204732649424
100	0.004486233047215504
>>END_MODULE
>>Sequence Length Distribution	pass
#Length	Count
100	1.072169E7
>>END_MODULE
>>Sequence Duplication Levels	warn
#Total Duplicate Percentage	43.10471291688331
#Duplication Level	Relative count
1	100.0
2	22.36265574385796
3	8.809778307236632
4	4.706381520435389
5	3.136499751136206
6	2.38909242230146
7	1.8415920755240418
8	1.4466737926026256
9	1.2475827574108374
10++	17.249116737518055
>>END_MODULE
>>Overrepresented sequences	warn
#Sequence	Count	Percentage	Possible Source
GATCGGAAGAGCACACGTCTGAACTCCAGTCACGAGATTCCATCTCGTAT	27820	0.25947401948759946	TruSeq Adapter, Index 7 (97% over 38bp)
>>END_MODULE
>>Kmer Content	warn
#Sequence	Count	Obs/Exp Overall	Obs/Exp Max	Max Obs/Exp Position
TTTTT	4925785	5.489648	7.8346004	2
AAAAA	5243615	5.487612	10.590266	2
TCCAG	2327605	2.2967813	5.119784	7
GAAGA	2289755	2.2562165	5.658306	2
CTGGA	2291925	2.2402318	6.026024	1
AAGAA	2175065	2.208739	5.1912413	2
AAACA	2056200	2.1079261	5.1119018	4
GAAAA	1992995	2.0238502	7.3273115	1
GGAGA	2081830	1.9904743	5.0748806	2
AAAAC	1863725	1.9106092	5.379154	3
GTTTT	1743560	1.8619252	6.8578315	1
AAAAG	1823000	1.8512235	5.2956033	3
AAAAT	1744640	1.8489352	5.9867263	3
GGAAG	1765390	1.6879206	5.1968994	1
GGAAA	1569855	1.5468609	6.921482	1
AGAGC	1541925	1.4883068	5.321599	8
GAGCA	1534735	1.4813668	5.781069	9
GCCAG	1541495	1.4575009	5.1101317	1
GGGAG	1499925	1.3915553	5.270813	1
GGGAA	1285585	1.2291704	5.0919447	1
>>END_MODULE
