##FastQC	0.10.1
>>Basic Statistics	pass
#Measure	Value	
Filename	F_olivaceous_NA_BW_2_R2.fastq.gz	
File type	Conventional base calls	
Encoding	Sanger / Illumina 1.9	
Total Sequences	20204987	
Filtered Sequences	0	
Sequence length	100	
%GC	48	
>>END_MODULE
>>Per base sequence quality	pass
#Base	Mean	Median	Lower Quartile	Upper Quartile	10th Percentile	90th Percentile
1	30.28735321631239	31.0	31.0	34.0	26.0	34.0
2	30.33203307678446	31.0	31.0	34.0	26.0	34.0
3	30.370527137681407	31.0	31.0	34.0	26.0	34.0
4	33.76633882516232	37.0	35.0	37.0	28.0	37.0
5	33.714171852721314	37.0	35.0	37.0	28.0	37.0
6	33.62235912351738	37.0	35.0	37.0	28.0	37.0
7	33.66738483919836	37.0	35.0	37.0	28.0	37.0
8	33.62813052045022	37.0	35.0	37.0	28.0	37.0
9	35.07966874712664	39.0	35.0	39.0	28.0	39.0
10-14	35.170632052374	39.2	35.2	39.4	27.4	39.4
15-19	35.93096613227219	40.0	36.0	41.0	27.0	41.0
20-24	35.64583420914847	40.0	36.0	41.0	26.6	41.0
25-29	35.4367660716634	39.0	35.8	41.0	25.4	41.0
30-34	35.13895900056754	39.0	35.0	41.0	24.4	41.0
35-39	34.74245796842136	39.0	34.4	41.0	23.4	41.0
40-44	34.309380431672636	38.6	33.8	40.0	21.2	41.0
45-49	33.86571499402598	38.0	33.0	40.0	18.6	41.0
50-54	33.156069835630184	37.6	32.4	39.6	16.8	40.6
55-59	33.14306617470231	37.0	33.0	40.0	14.6	41.0
60-64	32.36521670615279	35.6	32.0	39.4	8.2	41.0
65-69	31.601826341189927	35.0	31.2	38.2	4.8	40.4
70-74	30.843843017567888	35.0	31.0	36.6	2.0	39.4
75-79	30.10022637480539	35.0	30.4	35.6	2.0	38.0
80-84	29.426606451169704	34.0	30.0	35.0	2.0	36.6
85-89	28.882569516129855	34.0	29.4	35.0	2.0	35.8
90-94	28.37435513321538	34.0	29.0	35.0	2.0	35.0
95-99	27.752704884195175	34.0	29.0	35.0	2.0	35.0
100	26.480322061083235	33.0	25.0	35.0	2.0	35.0
>>END_MODULE
>>Per sequence quality scores	pass
#Quality	Count
2	723031.0
3	111142.0
4	79207.0
5	63798.0
6	61306.0
7	62887.0
8	66781.0
9	73442.0
10	79915.0
11	82592.0
12	80375.0
13	80253.0
14	81063.0
15	82830.0
16	84659.0
17	83399.0
18	83551.0
19	84346.0
20	88012.0
21	93599.0
22	104592.0
23	122608.0
24	147581.0
25	178593.0
26	215599.0
27	257945.0
28	309277.0
29	370858.0
30	448130.0
31	553649.0
32	699858.0
33	912079.0
34	1243987.0
35	1804918.0
36	2861637.0
37	4003830.0
38	3096944.0
39	625150.0
40	1564.0
>>END_MODULE
>>Per base sequence content	fail
#Base	G	A	T	C
1	35.08706925740162	14.814528909580138	8.216694175738455	41.88170765727978
2	25.226965952952952	18.64049902352174	37.673773167651106	18.458761855874208
3	25.42048384331	23.73435436448679	23.706035486292677	27.139126305910533
4	26.704932841654678	30.65676099662724	19.60066121209111	23.03764494962697
5	28.71988379483063	31.72856179762484	21.451722837697755	18.09983156984677
6	21.851491403369725	34.55408728276684	22.98388027218214	20.610541041681294
7	20.480866149701704	18.71721887083871	38.0804838430788	22.721431136380787
8	20.844173398796237	21.300941540886917	30.064599726291647	27.790285334025196
9	22.057726672325757	20.42683141212501	31.469775620179835	26.0456662953694
10-14	24.311685650649068	26.649893753417064	25.3052546893804	23.73316590655347
15-19	24.529800808504454	25.31669124675989	25.902885051368248	24.250622893367407
20-24	24.407067539672887	25.86181503586712	25.73349932282467	23.99761810163532
25-29	24.492260270275892	25.99599296504952	25.45849612591471	24.053250638759877
30-34	24.287981717445962	25.86092370858993	25.68031899955993	24.17077557440418
35-39	24.346509648607352	25.928316284801724	25.56875527233148	24.156418794259448
40-44	24.47285097568664	25.846185766335335	25.543920304083272	24.137042953894753
45-49	24.468917577577027	25.836699814941618	25.46871167760123	24.225670929880128
50-54	24.390187131108654	25.896051259244878	25.547939656086044	24.165821953560425
55-59	24.587252533479397	25.745363737678346	25.382743869536455	24.284639859305802
60-64	24.46940590198857	25.730118670610203	25.393244992122437	24.40723043527879
65-69	24.429068230329715	25.76084588071256	25.504700238167644	24.305385650790086
70-74	24.547130469820434	25.750763105218432	25.420216739017672	24.28188968594346
75-79	24.52899279792749	25.67623613225513	25.40388753730583	24.39088353251155
80-84	24.51214217663692	25.731473683067605	25.40791267006945	24.348471470226023
85-89	24.65431727468581	25.673842477296116	25.278942079584354	24.392898168433724
90-94	24.535494941572168	25.595939780397476	25.356003991462217	24.51256128656814
95-99	24.60232961431366	25.691165036071496	25.374481260898023	24.332024088716825
100	25.102849127108556	25.310335372700116	24.871544459024637	24.715271041166694
>>END_MODULE
>>Per base GC content	fail
#Base	%GC
1	76.9687769146814
2	43.68572780882716
3	52.55961014922054
4	49.74257779128165
5	46.8197153646774
6	42.462032445051015
7	43.20229728608249
8	48.634458732821436
9	48.10339296769516
10-14	48.04485155720254
15-19	48.78042370187186
20-24	48.40468564130821
25-29	48.54551090903577
30-34	48.45875729185014
35-39	48.5029284428668
40-44	48.609893929581396
45-49	48.694588507457155
50-54	48.55600908466908
55-59	48.8718923927852
60-64	48.87663633726736
65-69	48.734453881119805
70-74	48.8290201557639
75-79	48.91987633043904
80-84	48.860613646862944
85-89	49.047215443119526
90-94	49.04805622814031
95-99	48.93435370303048
100	49.81812016827525
>>END_MODULE
>>Per sequence GC content	warn
#GC Content	Count
0	3946.0
1	2787.0
2	1498.5
3	1346.5
4	1285.5
5	1158.5
6	1058.5
7	1067.0
8	1129.5
9	1181.0
10	1268.0
11	1403.5
12	1557.5
13	1754.5
14	2065.0
15	2510.0
16	3148.0
17	4227.5
18	5834.5
19	8188.5
20	11900.0
21	17332.0
22	24508.0
23	33984.5
24	46034.0
25	60640.5
26	78514.5
27	99741.0
28	122428.0
29	146632.0
30	174180.0
31	206994.5
32	240732.5
33	270821.0
34	299469.0
35	325065.5
36	348521.0
37	372755.0
38	397464.0
39	421386.5
40	442745.0
41	465198.5
42	496209.5
43	526865.0
44	557139.5
45	583114.0
46	606700.5
47	643244.0
48	682099.0
49	722227.0
50	756842.5
51	782369.0
52	807075.0
53	821459.0
54	816182.0
55	798340.5
56	766329.5
57	720579.5
58	669031.5
59	608385.5
60	540794.5
61	470836.5
62	402842.5
63	341596.0
64	287804.5
65	239863.5
66	197604.0
67	162438.5
68	132502.5
69	103483.5
70	78190.0
71	58909.0
72	43303.5
73	31958.5
74	24385.0
75	18576.0
76	13935.5
77	10087.0
78	7136.5
79	4963.5
80	3876.0
81	3371.0
82	2710.5
83	1925.0
84	1316.0
85	947.0
86	638.5
87	413.5
88	289.0
89	196.5
90	130.0
91	93.0
92	56.5
93	43.0
94	33.0
95	21.0
96	14.0
97	8.0
98	5.5
99	4.0
100	3.0
>>END_MODULE
>>Per base N content	pass
#Base	N-Count
1	0.045657044966175925
2	0.05438756283287883
3	0.04938384766097597
4	0.049265065104966414
5	0.04786937007185404
6	0.049398695480477164
7	0.047904014984023496
8	0.04111361219881012
9	0.05407080935018666
10-14	0.038702326311815985
15-19	0.04371989944858663
20-24	0.04618166792188483
25-29	0.027777300722836393
30-34	0.04427916731646499
35-39	0.03861818866797588
40-44	0.08956105737657738
45-49	0.06745661355783104
50-54	0.06298939959723805
55-59	0.081205694415938
60-64	0.07916362430720693
65-69	0.07302553572541275
70-74	0.06505819578107128
75-79	0.06650833281902137
80-84	0.08238659099359974
85-89	0.07666919063100609
90-94	0.05485873363838343
95-99	0.06957094305480127
100	0.07291764157037073
>>END_MODULE
>>Sequence Length Distribution	pass
#Length	Count
100	2.0204987E7
>>END_MODULE
>>Sequence Duplication Levels	fail
#Total Duplicate Percentage	50.3249623043727
#Duplication Level	Relative count
1	100.0
2	29.03210459207947
3	12.35560545797096
4	7.154547357603669
5	4.534036196167241
6	3.337012579214798
7	2.560564827678079
8	2.1523588406569356
9	1.7279768588121112
10++	27.451614744895046
>>END_MODULE
>>Overrepresented sequences	pass
>>END_MODULE
>>Kmer Content	warn
#Sequence	Count	Obs/Exp Overall	Obs/Exp Max	Max Obs/Exp Position
TTTTT	9327420	4.448273	7.846216	2
AAAAA	8797310	4.104502	7.1356015	2
CTCCT	4594305	2.5328975	6.668163	1
CTCCA	4331530	2.3775804	6.5483813	1
TCCAG	4236945	2.304523	5.386824	7
CTGGA	4270600	2.3017144	7.5898914	1
CTCTG	4193025	2.2906542	5.172734	1
GAAGA	4273545	2.1754735	6.0490227	2
CTTCA	3994655	2.0892186	5.3798113	1
GGAGA	3798275	2.019665	5.2654605	1
GAAAA	3995220	1.9470574	5.6226635	2
CTTTT	3760935	1.8824137	5.453555	1
CTGAA	3596800	1.8558862	5.293725	1
GTTTT	3686565	1.8284178	8.397179	1
CTCAG	3251485	1.76852	5.781244	1
CTTTG	3347990	1.7427173	5.3553305	1
GGAAG	3187110	1.694689	5.8069344	1
GGAAA	3228785	1.6436322	6.7472706	1
CTGGG	2887690	1.6257006	6.147873	1
GGGAG	2635620	1.4638723	5.1180654	1
GTTTG	2712705	1.3991997	5.540314	1
GGGAA	2436165	1.2953873	5.022537	1
>>END_MODULE
