##FastQC	0.10.1
>>Basic Statistics	pass
#Measure	Value	
Filename	L_parva_NA_FW_3_R2.fastq.gz	
File type	Conventional base calls	
Encoding	Sanger / Illumina 1.9	
Total Sequences	12101746	
Filtered Sequences	0	
Sequence length	100	
%GC	49	
>>END_MODULE
>>Per base sequence quality	pass
#Base	Mean	Median	Lower Quartile	Upper Quartile	10th Percentile	90th Percentile
1	30.13450356667542	31.0	31.0	34.0	26.0	34.0
2	30.16974715879841	31.0	31.0	34.0	26.0	34.0
3	30.223134165929444	31.0	31.0	34.0	26.0	34.0
4	33.58802052199741	37.0	35.0	37.0	28.0	37.0
5	33.53491917612549	37.0	35.0	37.0	28.0	37.0
6	33.47618814673519	37.0	35.0	37.0	28.0	37.0
7	33.49317924868031	37.0	35.0	37.0	28.0	37.0
8	33.43332077867111	37.0	35.0	37.0	27.0	37.0
9	34.89407801155304	39.0	35.0	39.0	27.0	39.0
10-14	34.97907518468823	39.2	35.2	39.4	27.0	39.4
15-19	35.72575188737228	40.0	36.0	41.0	26.8	41.0
20-24	35.46365341001207	40.0	35.8	41.0	25.2	41.0
25-29	35.186098997615716	39.2	35.0	41.0	24.4	41.0
30-34	34.36074363153879	39.0	34.2	41.0	18.8	41.0
35-39	34.20782017735292	38.8	33.8	40.6	19.2	41.0
40-44	33.85158642397552	38.0	33.0	40.0	16.0	41.0
45-49	33.47979043685101	38.0	33.0	40.0	14.0	41.0
50-54	32.627117888608794	37.0	32.0	39.6	8.8	40.6
55-59	32.53115014973873	36.4	32.0	40.0	6.0	41.0
60-64	31.78032282283895	35.2	31.4	39.0	2.0	41.0
65-69	30.982165829624915	35.0	31.0	37.6	2.0	40.0
70-74	30.276085549969405	35.0	30.4	36.4	2.0	39.2
75-79	29.556319906235018	34.8	30.0	35.2	2.0	37.6
80-84	28.921373064680086	34.0	29.2	35.0	2.0	36.2
85-89	28.3850053041933	34.0	29.0	35.0	2.0	35.4
90-94	27.86233887242387	34.0	28.6	35.0	2.0	35.0
95-99	27.239553433033546	34.0	27.0	35.0	2.0	35.0
100	25.92524417550988	33.0	24.0	35.0	2.0	35.0
>>END_MODULE
>>Per sequence quality scores	pass
#Quality	Count
2	479876.0
3	75573.0
4	50317.0
5	43682.0
6	44894.0
7	45689.0
8	47740.0
9	50264.0
10	53869.0
11	55472.0
12	53844.0
13	53328.0
14	52472.0
15	53777.0
16	54284.0
17	53977.0
18	53874.0
19	54410.0
20	56687.0
21	61026.0
22	67470.0
23	78503.0
24	94752.0
25	114463.0
26	136719.0
27	161525.0
28	191555.0
29	228428.0
30	274348.0
31	335797.0
32	421631.0
33	546590.0
34	750851.0
35	1103206.0
36	1749283.0
37	2344573.0
38	1687642.0
39	318871.0
40	484.0
>>END_MODULE
>>Per base sequence content	fail
#Base	G	A	T	C
1	38.725224135716246	14.370807245681247	7.625284793588814	39.278683825013694
2	27.09410493369645	17.11754061809127	35.0674130392421	20.720941408970177
3	26.33867360307387	21.554592753491285	21.94413328760423	30.162600355830616
4	28.63605598390937	27.179520752923995	18.88777460686841	25.29664865629822
5	29.975460585239084	28.47526110535828	21.62666955897338	19.92260875042926
6	23.535544197092253	32.43891703247357	22.79226976070215	21.233269009732027
7	21.318417904466394	19.193434685109175	36.77487784022712	22.713269570197316
8	21.579594921100277	21.495992620048828	29.752168323598195	27.172244135252697
9	22.63780466444083	20.514947866161695	31.230169125099305	25.617078344298168
10-14	24.692291081839777	26.453980370547114	25.17554023118023	23.678188316432887
15-19	24.94765360315349	25.114635289830396	25.54223248121268	24.39547862580343
20-24	24.7468849731054	25.44615963410321	25.488506748199136	24.318448644592255
25-29	24.741604255320205	25.485921605414152	25.413252257888487	24.359221881377156
30-34	24.874771912523876	25.473507789810178	25.331160998427666	24.320559299238283
35-39	24.64157752765462	25.497819346908795	25.399077034860767	24.461526090575816
40-44	24.810613002964875	25.397080317567656	25.301046141793865	24.49126053767361
45-49	24.77232941853528	25.389350211326327	25.254845539325547	24.583474830812836
50-54	24.735946846227232	25.506379216739905	25.29046103237954	24.46721290465332
55-59	24.901058106247895	25.323576231916604	25.14130533921972	24.634060322615774
60-64	24.824480414732903	25.300658732577276	25.20797268363592	24.6668881690539
65-69	24.757456563892124	25.35525501889634	25.261136733706557	24.626151683504983
70-74	24.917132575443883	25.31382696689087	25.1370193153595	24.632021142305753
75-79	24.887723422105562	25.19028431824658	25.168814206943296	24.75317805270456
80-84	24.872077592457824	25.277739596043276	25.13972309915267	24.710459712346236
85-89	25.026487632961334	25.263292553460737	25.008859803374296	24.701360010203636
90-94	24.88352969792213	25.148472661991484	25.055527914097294	24.912469725989094
95-99	24.947063273702856	25.25990013757877	25.092373682112708	24.700662906605665
100	25.493221778768945	24.91246287427996	24.512437245390416	25.081878101560672
>>END_MODULE
>>Per base GC content	fail
#Base	%GC
1	78.00390796072993
2	47.815046342666626
3	56.501273958904484
4	53.9327046402076
5	49.898069335668346
6	44.768813206824284
7	44.03168747466371
8	48.75183905635298
9	48.254883008739
10-14	48.370479398272664
15-19	49.343132228956925
20-24	49.065333617697654
25-29	49.100826136697364
30-34	49.19533121176215
35-39	49.103103618230435
40-44	49.30187354063848
45-49	49.35580424934812
50-54	49.20315975088055
55-59	49.535118428863676
60-64	49.4913685837868
65-69	49.383608247397106
70-74	49.54915371774964
75-79	49.64090147481012
80-84	49.582537304804056
85-89	49.72784764316497
90-94	49.795999423911226
95-99	49.647726180308524
100	50.575099880329624
>>END_MODULE
>>Per sequence GC content	warn
#GC Content	Count
0	7994.0
1	5344.0
2	2354.0
3	1925.5
4	1684.5
5	1428.5
6	1328.0
7	1305.0
8	1284.5
9	1292.5
10	1306.5
11	1354.0
12	1411.5
13	1507.0
14	1596.0
15	1721.5
16	2060.0
17	2567.0
18	3363.0
19	4548.5
20	6303.5
21	9100.0
22	12869.0
23	17963.5
24	24502.5
25	32698.0
26	43110.5
27	55914.5
28	70262.0
29	85748.5
30	102113.0
31	119246.5
32	136984.5
33	153723.0
34	169204.0
35	184435.5
36	199193.0
37	213830.0
38	227546.5
39	240266.5
40	253967.0
41	270435.0
42	285813.5
43	299394.0
44	316474.5
45	334735.0
46	353577.5
47	374080.5
48	392792.0
49	407366.5
50	421871.5
51	439889.0
52	454689.5
53	457141.0
54	450038.5
55	444816.5
56	436909.5
57	416109.0
58	393187.0
59	370010.0
60	341299.5
61	306437.5
62	269616.5
63	237323.5
64	207859.0
65	181804.0
66	155911.0
67	132072.5
68	111095.0
69	91088.0
70	73744.0
71	57788.0
72	45118.5
73	36698.5
74	29920.5
75	23812.5
76	18544.0
77	14124.5
78	10942.0
79	8687.0
80	7289.5
81	5944.0
82	4169.0
83	2714.0
84	1876.0
85	1324.5
86	876.5
87	568.0
88	417.5
89	306.5
90	197.5
91	133.5
92	94.5
93	76.5
94	56.5
95	35.5
96	25.0
97	19.5
98	16.5
99	15.0
100	10.5
>>END_MODULE
>>Per base N content	pass
#Base	N-Count
1	0.0362592306928273
2	0.05031505371208419
3	0.03649886553560123
4	0.035284164780850634
5	0.04369617408925952
6	0.03355714125879026
7	0.036969871950708603
8	0.042878110315651974
9	0.03415209673050484
10-14	0.03075258727129127
15-19	0.04700974553589209
20-24	0.045664485108181906
25-29	0.02797117044102562
30-34	0.05367985743544774
35-39	0.053088207271909355
40-44	0.08959037811568678
45-49	0.0652054670458296
50-54	0.06303222691998328
55-59	0.07054353975037983
60-64	0.060893692529987
65-69	0.06282564515897128
70-74	0.05988226822807221
75-79	0.05612743813991799
80-84	0.062301753813044834
85-89	0.05977484571234597
90-94	0.052785771573787776
95-99	0.04945402093218615
100	0.04975315132213153
>>END_MODULE
>>Sequence Length Distribution	pass
#Length	Count
100	1.2101746E7
>>END_MODULE
>>Sequence Duplication Levels	warn
#Total Duplicate Percentage	44.7528424064453
#Duplication Level	Relative count
1	100.0
2	22.665633145368744
3	9.626228726213395
4	5.753931072079593
5	3.9855874887136067
6	3.0392340585018482
7	2.2853881667490077
8	1.9736281708376633
9	1.5715770285694817
10++	19.4594456464335
>>END_MODULE
>>Overrepresented sequences	warn
#Sequence	Count	Percentage	Possible Source
TTTTTTTTTTTTTTTTTTTTTTTTTTTTTTTTTTTTTTTTTTTTTTTTTT	12219	0.10096890151222807	No Hit
>>END_MODULE
>>Kmer Content	warn
#Sequence	Count	Obs/Exp Overall	Obs/Exp Max	Max Obs/Exp Position
TTTTT	7482565	6.3101044	9.39474	2
AAAAA	5985525	5.150455	7.201037	2
CTCCT	2673330	2.4173343	6.504427	1
CTCCA	2488140	2.25897	5.987866	1
GAAGA	2529260	2.1977184	5.121688	2
CTGGA	2442360	2.1546896	6.0123982	1
GAAAA	2374995	2.053637	5.118768	2
GTTTT	2224875	1.8930439	7.509027	1
GGGGG	2136695	1.8839693	5.197499	1
GGAAA	1889540	1.6418544	5.656576	1
CTGGG	1681125	1.4903648	5.4815106	1
GGGAG	1612805	1.4151274	5.0189533	1
>>END_MODULE
