##FastQC	0.10.1
>>Basic Statistics	pass
#Measure	Value	
Filename	F_notatus_NA_FW_3_R2.fastq.gz	
File type	Conventional base calls	
Encoding	Sanger / Illumina 1.9	
Total Sequences	18730504	
Filtered Sequences	0	
Sequence length	100	
%GC	48	
>>END_MODULE
>>Per base sequence quality	pass
#Base	Mean	Median	Lower Quartile	Upper Quartile	10th Percentile	90th Percentile
1	30.006112595795607	31.0	31.0	34.0	26.0	34.0
2	30.056852394361627	31.0	31.0	34.0	26.0	34.0
3	30.095876010597472	31.0	31.0	34.0	26.0	34.0
4	33.41369890527238	37.0	35.0	37.0	27.0	37.0
5	33.36574109271165	37.0	35.0	37.0	27.0	37.0
6	33.32481736743443	37.0	35.0	37.0	27.0	37.0
7	33.31881859665923	37.0	35.0	37.0	27.0	37.0
8	33.27680077375387	37.0	35.0	37.0	27.0	37.0
9	34.735714853161454	39.0	35.0	39.0	27.0	39.0
10-14	34.82810563986959	39.2	35.2	39.4	27.0	39.4
15-19	35.586906897967076	40.0	36.0	41.0	25.8	41.0
20-24	35.33356876034943	40.0	35.8	41.0	24.6	41.0
25-29	35.07085591503571	40.0	35.0	41.0	23.4	41.0
30-34	34.24031157944282	39.4	34.2	41.0	17.6	41.0
35-39	34.14357311474373	39.0	33.8	41.0	15.8	41.0
40-44	33.833111260647335	38.8	33.4	40.8	12.6	41.0
45-49	33.5170683607873	38.0	33.0	40.0	8.6	41.0
50-54	32.71217733382936	37.6	32.4	39.6	5.4	40.6
55-59	32.65467323249817	37.0	32.6	40.0	2.0	41.0
60-64	31.93664985202747	35.6	31.8	39.4	2.0	41.0
65-69	31.147658664176895	35.0	31.0	38.2	2.0	40.4
70-74	30.433916182928122	35.0	31.0	36.6	2.0	39.4
75-79	29.69780283541756	35.0	30.0	35.6	2.0	38.0
80-84	29.049305720764373	34.4	29.8	35.0	2.0	36.6
85-89	28.52105342173387	34.0	29.0	35.0	2.0	35.8
90-94	28.03071503041242	34.0	29.0	35.0	2.0	35.0
95-99	27.476448407368004	34.0	28.4	35.0	2.0	35.0
100	26.29035267817673	33.0	24.0	35.0	2.0	35.0
>>END_MODULE
>>Per sequence quality scores	pass
#Quality	Count
2	881976.0
3	119664.0
4	74878.0
5	62791.0
6	67806.0
7	69892.0
8	70663.0
9	74330.0
10	81750.0
11	85305.0
12	84811.0
13	84865.0
14	83383.0
15	80960.0
16	79789.0
17	77882.0
18	77622.0
19	78739.0
20	80828.0
21	85983.0
22	95173.0
23	110695.0
24	132930.0
25	159642.0
26	191026.0
27	225451.0
28	266988.0
29	317699.0
30	381097.0
31	467976.0
32	588295.0
33	765189.0
34	1050108.0
35	1561509.0
36	2559655.0
37	3785101.0
38	3020857.0
39	646035.0
40	1161.0
>>END_MODULE
>>Per base sequence content	fail
#Base	G	A	T	C
1	36.27651356722227	14.835510972727118	7.980290446514128	40.90768501353648
2	23.674053366867042	17.142672163810484	41.223525284121216	17.959749185201257
3	24.744617935827133	21.982929165780053	24.636931787592196	28.635521110800617
4	26.038115942632743	28.419593261741227	20.516245699074105	25.02604509655192
5	28.8191620346188	29.810729992012952	22.547062181406773	18.82304579196147
6	22.468183827793442	33.05519852054519	24.01866110108636	20.45795655057501
7	20.088245548893273	19.18255124290017	38.78179354316598	21.947409665040574
8	19.973049417111387	21.912876055467905	31.255945983032607	26.858128544388098
9	22.34010354559573	20.346783799793407	32.12753742761985	25.18557522699101
10-14	24.050495068329447	26.658455938822545	26.134589712482466	23.156459280365542
15-19	24.400193058677758	25.31879648524494	26.546037185183284	23.73497327089402
20-24	24.397960297545243	25.734597158423327	26.288609594479652	23.578832949551785
25-29	24.26610419908664	26.182421235416232	25.97747939361183	23.573995171885297
30-34	24.538217830312263	25.829769443530626	26.058962878366547	23.573049847790557
35-39	24.256781405428438	25.99860180346733	26.06060343820448	23.68401335289975
40-44	24.726700458842206	25.641383810161756	25.916865476913475	23.715050254082566
45-49	24.30450710260132	25.92971713006717	25.88339435371377	23.88238141361774
50-54	24.291645230413675	25.796866059880468	26.0422250109385	23.869263698767355
55-59	24.71756041647673	25.649217384681133	25.7139165421474	23.91930565669474
60-64	24.366928244025164	25.630486084450084	25.69436285570453	24.308222815820223
65-69	24.071235613605534	25.78965825594064	26.07791637916948	24.061189751284346
70-74	24.14963451903671	26.26960681186895	25.71560342422642	23.86515524486792
75-79	24.12580396201232	26.32486392417952	25.565983444526967	23.98334866928119
80-84	24.20353512413412	26.191391888976572	25.615239073421346	23.989833913467955
85-89	24.444798976451942	26.017494010567916	25.485163204097834	24.05254380888231
90-94	24.351239534463406	25.89096208637353	25.54414796767078	24.213650411492278
95-99	24.422444828668464	25.969065325207723	25.609645694683124	23.99884415144069
100	24.940838677910175	25.599238410486365	25.1042928295014	24.35563008210206
>>END_MODULE
>>Per base GC content	fail
#Base	%GC
1	77.18419858075876
2	41.6338025520683
3	53.38013904662775
4	51.06416103918466
5	47.642207826580275
6	42.92614037836845
7	42.03565521393385
8	46.831177961499485
9	47.525678772586744
10-14	47.20695434869499
15-19	48.135166329571774
20-24	47.97679324709703
25-29	47.84009937097194
30-34	48.11126767810283
35-39	47.94079475832819
40-44	48.44175071292477
45-49	48.186888516219064
50-54	48.160908929181026
55-59	48.63686607317147
60-64	48.67515105984539
65-69	48.13242536488988
70-74	48.01478976390463
75-79	48.10915263129351
80-84	48.19336903760208
85-89	48.497342785334254
90-94	48.564889945955684
95-99	48.42128898010915
100	49.29646876001223
>>END_MODULE
>>Per sequence GC content	fail
#GC Content	Count
0	30803.0
1	20231.0
2	8437.0
3	6972.0
4	6356.0
5	5849.0
6	5648.0
7	5601.5
8	5692.5
9	5730.0
10	5733.0
11	5822.5
12	5979.0
13	6155.5
14	6250.5
15	6507.5
16	7086.5
17	7903.0
18	9033.0
19	11091.0
20	14309.0
21	19011.0
22	25431.0
23	34071.0
24	46077.0
25	60128.0
26	77821.0
27	97315.5
28	118214.5
29	144946.5
30	176372.0
31	208556.5
32	241781.5
33	270157.0
34	298097.5
35	325072.0
36	341722.5
37	362366.0
38	384587.0
39	404483.5
40	421581.5
41	433357.0
42	452835.5
43	478668.5
44	501118.5
45	519738.5
46	542759.5
47	569631.5
48	599118.0
49	632816.5
50	663599.5
51	690105.5
52	720365.0
53	738414.5
54	732889.0
55	727405.5
56	716757.0
57	680512.0
58	632428.5
59	575742.5
60	507434.5
61	437433.5
62	370204.5
63	312733.5
64	260873.5
65	212328.0
66	172431.5
67	140776.0
68	115561.0
69	90410.0
70	66563.5
71	49042.5
72	35939.5
73	27962.0
74	22242.0
75	17581.5
76	13795.5
77	9932.5
78	6990.5
79	5115.0
80	3999.5
81	3533.0
82	3014.0
83	2348.0
84	1577.5
85	900.5
86	612.5
87	454.0
88	297.0
89	191.5
90	130.5
91	79.5
92	56.5
93	35.5
94	24.0
95	19.0
96	11.0
97	7.0
98	8.0
99	5.5
100	3.5
>>END_MODULE
>>Per base N content	pass
#Base	N-Count
1	0.03951308517912812
2	0.05465416200226113
3	0.040447389990146555
4	0.03849335821395943
5	0.047745645285359115
6	0.03657135974557865
7	0.04014841245062066
8	0.04714769020630731
9	0.037185331478533624
10-14	0.033207862425912296
15-19	0.05105895708946219
20-24	0.04945729169914488
25-29	0.030322729169487375
30-34	0.05610527084588861
35-39	0.056992593472124396
40-44	0.09128958836345248
45-49	0.06787857924164774
50-54	0.06520913692445221
55-59	0.07326231050696767
60-64	0.06386587355043943
65-69	0.06593415745780253
70-74	0.06343662722583439
75-79	0.059193281718420386
80-84	0.06424066325177369
85-89	0.062023958351574524
90-94	0.054852768510660475
95-99	0.05185338312305958
100	0.051562947798948704
>>END_MODULE
>>Sequence Length Distribution	pass
#Length	Count
100	1.8730504E7
>>END_MODULE
>>Sequence Duplication Levels	fail
#Total Duplicate Percentage	51.68775210854418
#Duplication Level	Relative count
1	100.0
2	25.152279929410426
3	11.044801609138693
4	6.563691910662442
5	4.383384883963642
6	3.37957076984383
7	2.6793677299379497
8	2.1831533805195544
9	1.8719520294502743
10++	32.49871914078066
>>END_MODULE
>>Overrepresented sequences	warn
#Sequence	Count	Percentage	Possible Source
TTTTTTTTTTTTTTTTTTTTTTTTTTTTTTTTTTTTTTTTTTTTTTTTTT	52991	0.2829128356610159	No Hit
>>END_MODULE
>>Kmer Content	fail
#Sequence	Count	Obs/Exp Overall	Obs/Exp Max	Max Obs/Exp Position
TTTTT	17054785	8.029047	14.331038	2
AAAAA	10679310	5.336793	10.3527775	70-74
CTCCT	4199260	2.519241	9.563006	1
TCCTC	4130435	2.4779513	5.9912977	2
CTCCA	3878435	2.3547094	8.163436	1
GAAGA	4018035	2.2216828	5.8959265	6
CTCTG	3724170	2.1937287	6.0666313	1
CTGGA	3709725	2.171378	7.228676	1
CTTCA	3638110	2.0373404	5.279148	1
CTTTT	3629545	1.8525205	5.7457185	1
CTGAA	3291055	1.8313156	5.474816	1
GTTTT	3539040	1.7735881	7.673694	1
GGAAG	3021560	1.757378	5.5486546	5
CTCAG	2860525	1.7052302	6.550551	1
GGAAA	3039580	1.6806681	5.656914	1
AAGAG	2856890	1.5796537	5.1919975	7
CTGGG	2536575	1.5617337	6.3362107	1
AGAGC	2492895	1.4766634	6.8612766	8
CTCCC	2178335	1.4168199	5.6046414	1
GAGCG	1493950	0.93084884	6.5582647	9
GATCG	980360	0.5738247	5.703227	1
ATCGG	917150	0.5368266	5.6086617	2
>>END_MODULE
