##FastQC	0.10.1
>>Basic Statistics	pass
#Measure	Value	
Filename	F_chrysotus_NA_FW_2_R1.fastq.gz	
File type	Conventional base calls	
Encoding	Sanger / Illumina 1.9	
Total Sequences	15495308	
Filtered Sequences	0	
Sequence length	100	
%GC	47	
>>END_MODULE
>>Per base sequence quality	pass
#Base	Mean	Median	Lower Quartile	Upper Quartile	10th Percentile	90th Percentile
1	30.40184486813686	31.0	30.0	34.0	26.0	34.0
2	30.695169466783106	31.0	30.0	34.0	27.0	34.0
3	29.245039530675996	31.0	30.0	34.0	16.0	34.0
4	32.97686796545122	37.0	33.0	37.0	19.0	37.0
5	33.72709409841999	37.0	35.0	37.0	28.0	37.0
6	31.12564319470126	37.0	32.0	37.0	10.0	37.0
7	31.987713054816336	37.0	32.0	37.0	17.0	37.0
8	33.164037462178875	37.0	33.0	37.0	27.0	37.0
9	34.90989233644146	39.0	35.0	39.0	28.0	39.0
10-14	34.550683755366464	39.0	34.4	39.4	22.0	39.4
15-19	35.75532353406592	40.0	35.6	41.0	27.0	41.0
20-24	35.73822181527466	40.0	35.4	41.0	27.0	41.0
25-29	35.411857873363985	39.6	35.0	41.0	25.8	41.0
30-34	35.039360650333634	39.0	34.4	41.0	24.4	41.0
35-39	34.76068669302991	39.0	34.0	41.0	24.0	41.0
40-44	34.520604508151756	39.0	33.6	41.0	22.8	41.0
45-49	34.12777249732629	38.4	33.0	40.6	21.0	41.0
50-54	33.506280352736454	37.8	33.0	40.0	17.4	41.0
55-59	32.86454987535582	36.6	32.0	40.0	13.2	41.0
60-64	32.07098340994578	35.4	31.2	39.2	7.6	41.0
65-69	31.339212386097778	35.0	31.0	37.8	2.8	40.0
70-74	30.524114719113687	35.0	30.2	36.4	2.0	39.2
75-79	29.458027475155706	34.0	29.4	35.2	2.0	37.4
80-84	29.331046598105694	34.0	30.0	35.0	2.0	36.4
85-89	28.837113337792317	34.0	29.0	35.0	2.0	35.6
90-94	28.416747908463645	34.0	29.0	35.0	2.0	35.0
95-99	27.870760581203037	34.0	28.8	35.0	2.0	35.0
100	26.834803219142206	33.0	25.0	35.0	2.0	35.0
>>END_MODULE
>>Per sequence quality scores	pass
#Quality	Count
2	429178.0
3	136090.0
4	70330.0
5	52732.0
6	54101.0
7	54100.0
8	54545.0
9	58716.0
10	64136.0
11	68752.0
12	72683.0
13	74522.0
14	77890.0
15	78879.0
16	78835.0
17	76603.0
18	74209.0
19	71848.0
20	69833.0
21	71260.0
22	77426.0
23	90761.0
24	110603.0
25	139194.0
26	179909.0
27	240665.0
28	308696.0
29	319175.0
30	385118.0
31	452728.0
32	516647.0
33	674272.0
34	929251.0
35	1349138.0
36	2118232.0
37	3040260.0
38	2356111.0
39	417342.0
40	538.0
>>END_MODULE
>>Per base sequence content	fail
#Base	G	A	T	C
1	34.75960052167392	15.609987358387048	8.156574216493382	41.473837903445656
2	23.885619181558262	18.18300980000053	38.440517726476294	19.490853291964918
3	24.195801636479942	23.075738922424748	23.534026235130423	29.194433205964888
4	25.59299135097311	29.607819434387757	20.122939596477707	24.676249618161428
5	27.67807280329262	30.69688901717956	22.454797117281057	19.170241062246767
6	21.180068687293645	35.61358349898232	23.17168176578563	20.034666047938405
7	19.949666525398975	19.084830657908284	38.920764317394614	22.044738499298127
8	20.419996657286454	21.548120517669997	31.25035626883706	26.781526556206487
9	21.76772773074937	20.643078517898594	32.42541453904805	25.16377921230399
10-14	23.591592180856598	27.157872660267095	26.21245561391035	23.038079544965957
15-19	23.952102302042537	25.762537994975553	26.625853811787888	23.659505891194023
20-24	23.806138308610837	26.01056542954594	26.530136022576134	23.653160239267088
25-29	23.877798271209887	26.181720922553765	26.33158100052169	23.608899805714657
30-34	23.720701210906864	26.160356648237897	26.3416931210646	23.777249019790638
35-39	23.773356137624592	26.215431653513704	26.27682603446104	23.73438617440066
40-44	23.896248854452164	26.155275702957393	26.158598910062953	23.78987653252749
45-49	23.840800100396226	26.162731350540575	26.160208793373506	23.836259755689692
50-54	23.85242390669653	26.275723228007326	26.096714711961305	23.775138153334836
55-59	23.963616017893514	26.101406917129903	26.044578404057557	23.890398660919026
60-64	23.94011454941796	26.05614991899034	26.048028300201466	23.95570723139024
65-69	23.889692388059654	26.156672236118027	26.032900722472906	23.92073465334941
70-74	24.02483344557926	26.106649634593964	25.95260485787099	23.915912061955776
75-79	23.927774021795905	26.09354037577826	25.993715215020618	23.984970387405212
80-84	23.91471578567317	26.096222033021167	25.980448177959985	24.008614003345677
85-89	24.029125944164647	26.146964094153734	25.81496870521514	24.008941256466475
90-94	23.898919679679622	26.070597037332117	25.865598088724617	24.164885194263643
95-99	23.91963257708926	26.20482504772571	25.869788437013426	24.005753938171605
100	24.202081481107587	26.03361135384314	25.459286362243912	24.30502080280536
>>END_MODULE
>>Per base GC content	fail
#Base	%GC
1	76.23343842511957
2	43.37647247352318
3	53.390234842444826
4	50.26924096913453
5	46.84831386553938
6	41.21473473523204
7	41.9944050246971
8	47.20152321349294
9	46.93150694305336
10-14	46.629671725822554
15-19	47.61160819323656
20-24	47.45929854787793
25-29	47.48669807692455
30-34	47.4979502306975
35-39	47.50774231202526
40-44	47.686125386979654
45-49	47.67705985608592
50-54	47.627562060031366
55-59	47.85401467881254
60-64	47.8958217808082
65-69	47.81042704140906
70-74	47.94074550753504
75-79	47.91274440920112
80-84	47.92332978901885
85-89	48.038067200631126
90-94	48.06380487394327
95-99	47.92538651526087
100	48.50710228391295
>>END_MODULE
>>Per sequence GC content	warn
#GC Content	Count
0	28736.0
1	19125.5
2	7992.5
3	6268.5
4	5784.5
5	5336.5
6	5132.0
7	5136.0
8	5201.0
9	5201.0
10	5115.0
11	5158.5
12	5279.5
13	5342.5
14	5518.5
15	5767.0
16	6080.5
17	6712.0
18	7764.0
19	9470.0
20	12358.5
21	16128.0
22	21378.5
23	28565.0
24	37562.0
25	50096.0
26	66110.0
27	81970.5
28	99582.5
29	120541.0
30	144828.5
31	173484.5
32	202590.5
33	226500.5
34	246877.5
35	265815.0
36	285836.5
37	306130.0
38	326411.5
39	343103.0
40	355327.0
41	373064.5
42	394958.5
43	415956.0
44	440123.5
45	465985.5
46	490946.5
47	513299.5
48	540932.0
49	567420.0
50	584100.0
51	602272.0
52	615578.0
53	617192.5
54	611059.0
55	598741.0
56	576195.5
57	535350.0
58	482295.5
59	429836.0
60	376842.5
61	325479.0
62	273063.5
63	224393.5
64	185841.0
65	152718.5
66	123486.0
67	99858.5
68	79671.5
69	60386.0
70	45662.5
71	33959.0
72	23238.5
73	16818.5
74	14101.0
75	11782.0
76	8931.5
77	6916.5
78	5629.5
79	4167.0
80	3582.0
81	3268.0
82	2142.5
83	1371.5
84	1166.5
85	949.5
86	587.5
87	330.0
88	221.5
89	152.5
90	106.5
91	74.0
92	46.5
93	35.0
94	28.0
95	17.5
96	13.5
97	7.0
98	3.5
99	2.5
100	1.5
>>END_MODULE
>>Per base N content	pass
#Base	N-Count
1	0.02842796025738888
2	0.004627207151997236
3	3.3684390139260225
4	0.007712011919995395
5	0.017502072240190385
6	2.3160817455193534
7	0.029834837745722768
8	0.03161602208875099
9	0.030906129778123806
10-14	0.9659582113501713
15-19	0.022309979253074545
20-24	0.016971589077158067
25-29	0.014989053460570128
30-34	0.03717254281102383
35-39	0.038350964046664965
40-44	0.027416041036422124
45-49	0.01995571820837637
50-54	0.015577618721744672
55-59	0.004010246198397605
60-64	0.005550067155812586
65-69	0.001967047057083344
70-74	0.0029854198445103514
75-79	0.0039831412192645665
80-84	0.0028731277881020503
85-89	0.0025427051853373936
90-94	0.010132099342588092
95-99	0.022257060008100515
100	0.01733427951222396
>>END_MODULE
>>Sequence Length Distribution	pass
#Length	Count
100	1.5495308E7
>>END_MODULE
>>Sequence Duplication Levels	warn
#Total Duplicate Percentage	48.83247377662557
#Duplication Level	Relative count
1	100.0
2	25.00786043461466
3	10.213174986749554
4	5.895775128686544
5	3.9149456057924668
6	2.9797784704941743
7	2.3707070797811656
8	1.9817278582786098
9	1.7454656521465723
10++	25.557641689948525
>>END_MODULE
>>Overrepresented sequences	warn
#Sequence	Count	Percentage	Possible Source
TTTTTTTTTTTTTTTTTTTTTTTTTTTTTTTTTTTTTTTTTTTTTTTTTT	41692	0.26906209286062593	No Hit
>>END_MODULE
>>Kmer Content	fail
#Sequence	Count	Obs/Exp Overall	Obs/Exp Max	Max Obs/Exp Position
TTTTT	14180385	7.8096457	11.557886	2
AAAAA	9035540	5.1896076	6.520812	95-96
CTCCT	3401430	2.4400902	8.185479	1
TCCTC	3307455	2.3726752	5.0677104	2
CTCCA	3223265	2.3317814	7.4602265	1
CTGGA	3111090	2.2568605	6.7801814	1
GAAGA	3256340	2.1996303	5.462664	2
CTCTG	3056200	2.195464	5.361974	1
GAAAA	3150825	1.9625669	5.168322	2
GTTTT	2863755	1.72483	6.6490173	1
GGAAG	2318625	1.6985183	5.016098	1
CTCAG	2336305	1.692472	5.618582	1
GGAAA	2431515	1.6424679	6.272058	1
CTGGG	2011725	1.5826341	5.706331	1
>>END_MODULE
