##FastQC	0.10.1
>>Basic Statistics	pass
#Measure	Value	
Filename	F_diaphanus_NA_FW_1_R1.fastq.gz	
File type	Conventional base calls	
Encoding	Sanger / Illumina 1.9	
Total Sequences	31400300	
Filtered Sequences	0	
Sequence length	100	
%GC	49	
>>END_MODULE
>>Per base sequence quality	pass
#Base	Mean	Median	Lower Quartile	Upper Quartile	10th Percentile	90th Percentile
1	29.89158839246759	31.0	30.0	34.0	25.0	34.0
2	30.19836574809795	31.0	30.0	34.0	26.0	34.0
3	29.777600596172647	31.0	30.0	34.0	25.0	34.0
4	31.41239004085948	35.0	32.0	37.0	10.0	37.0
5	32.494393047200184	35.0	32.0	37.0	19.0	37.0
6	32.8899671659188	35.0	33.0	37.0	26.0	37.0
7	33.02808578261991	35.0	33.0	37.0	26.0	37.0
8	33.008996347168654	36.0	35.0	37.0	26.0	37.0
9	34.43269067492986	39.0	35.0	39.0	27.0	39.0
10-14	34.477781371515555	38.4	35.0	39.4	25.6	39.4
15-19	34.59538678929819	39.0	33.8	41.0	20.0	41.0
20-24	34.800561561513746	39.0	34.0	41.0	22.8	41.0
25-29	34.432822673668724	39.0	34.0	41.0	19.6	41.0
30-34	33.995716907163306	38.6	33.0	40.8	16.6	41.0
35-39	33.57353602354117	38.0	33.0	40.0	14.2	41.0
40-44	33.304543020289614	38.0	32.8	40.0	9.4	41.0
45-49	32.789946070578935	37.8	32.0	40.0	5.8	41.0
50-54	32.09230020095349	36.6	31.2	40.0	2.0	41.0
55-59	30.696667999987262	35.2	29.0	39.2	2.0	41.0
60-64	30.47906161406101	35.0	29.6	38.6	2.0	40.2
65-69	29.772821641831445	35.0	29.0	36.8	2.0	39.6
70-74	29.0305749053353	34.0	29.0	35.6	2.0	38.8
75-79	27.99045567717506	33.4	27.2	35.0	2.0	36.4
80-84	27.959418610650214	34.0	27.6	35.0	2.0	36.0
85-89	27.481101467183436	34.0	27.0	35.0	2.0	35.2
90-94	26.434519842167113	33.4	23.2	35.0	2.0	35.0
95-99	26.225159351980714	33.0	24.4	35.0	2.0	35.0
100	25.10433425795295	32.0	19.0	35.0	2.0	35.0
>>END_MODULE
>>Per sequence quality scores	pass
#Quality	Count
2	1124282.0
3	357872.0
4	196369.0
5	151184.0
6	142348.0
7	143609.0
8	148684.0
9	162999.0
10	178184.0
11	186386.0
12	188701.0
13	191618.0
14	191530.0
15	189094.0
16	185210.0
17	181533.0
18	176481.0
19	172852.0
20	174034.0
21	180526.0
22	200642.0
23	234853.0
24	284395.0
25	346519.0
26	420823.0
27	506700.0
28	601216.0
29	707203.0
30	842274.0
31	1010178.0
32	1239489.0
33	1576932.0
34	2115621.0
35	2986870.0
36	4372883.0
37	5357092.0
38	3432662.0
39	539731.0
40	721.0
>>END_MODULE
>>Per base sequence content	fail
#Base	G	A	T	C
1	40.605477453679015	14.049652233868418	9.650411307073655	35.69445900537892
2	25.195726939664663	18.759358709094418	33.79220234993669	22.252712001304236
3	26.62350527727733	22.77604504671176	22.686500939152587	27.91394873685832
4	28.690769582661645	28.827165265715728	19.057579055555408	23.424486096067227
5	29.245593849902264	29.552407607202717	21.558974930628267	19.643023612266756
6	23.905045525831966	32.90112599390929	22.73644475436015	20.45738372589859
7	21.576077878935706	19.097435050031194	36.481123780943896	22.8453632900892
8	22.979410128274697	21.828156805976512	28.583915827765537	26.608517237983254
9	23.433143728344856	20.92317952836927	30.144106628980104	25.499570114305765
10-14	24.75488809197395	26.36801014178053	25.299278965589554	23.577822800655966
15-19	24.77606567179188	25.274068748319824	25.868361950517517	24.08150362937078
20-24	24.65854447026199	25.419829118232016	25.78566000824352	24.135966403262472
25-29	24.642148505088382	25.55869439199072	25.550393987967233	24.248763114953658
30-34	24.493503892913242	25.592377067266387	25.572488187756782	24.341630852063588
35-39	24.47111367364071	25.652884879215808	25.55197189863024	24.32402954851325
40-44	24.554193132416255	25.548545334122778	25.506247573983348	24.39101395947762
45-49	24.501187136977812	25.53885525123029	25.50178088859953	24.458176723192366
50-54	24.459349332173907	25.617582086402646	25.51067510461763	24.412393476805814
55-59	24.582503493824714	25.499796717429923	25.366218286546015	24.551481502199348
60-64	24.50850810647042	25.467051114372204	25.388076788996212	24.636363990161165
65-69	24.46428726912998	25.593610035666163	25.37379486614364	24.568307829060213
70-74	24.595207271728288	25.49119717822047	25.34170798593454	24.571887564116697
75-79	24.493415745647383	25.41368055598152	25.40187009716991	24.69103360120119
80-84	24.481255176775964	25.52300959136833	25.40611080286122	24.58962442899449
85-89	24.55459972828214	25.49091291735027	25.278291687190308	24.676195667177282
90-94	24.407862979348653	25.475680289085435	25.281184692289955	24.83527203927596
95-99	24.38909862083628	25.5653092900871	25.29925362311012	24.746338465966502
100	24.764994772424338	25.318571913211162	24.91070380990708	25.00572950445742
>>END_MODULE
>>Per base GC content	fail
#Base	%GC
1	76.29993645905793
2	47.4484389409689
3	54.537454014135655
4	52.115255678728865
5	48.888617462169016
6	44.36242925173056
7	44.4214411690249
8	49.58792736625795
9	48.93271384265062
10-14	48.33271089262992
15-19	48.857569301162656
20-24	48.79451087352446
25-29	48.89091162004204
30-34	48.835134744976834
35-39	48.79514322215395
40-44	48.94520709189387
45-49	48.95936386017018
50-54	48.87174280897972
55-59	49.13398499602407
60-64	49.14487209663159
65-69	49.03259509819019
70-74	49.167094835844985
75-79	49.18444934684857
80-84	49.07087960577045
85-89	49.230795395459424
90-94	49.24313501862461
95-99	49.13543708680278
100	49.77072427688176
>>END_MODULE
>>Per sequence GC content	warn
#GC Content	Count
0	26037.0
1	25220.0
2	21621.5
3	18172.0
4	14752.0
5	10196.0
6	7960.5
7	7479.0
8	7360.0
9	7217.0
10	7207.5
11	7469.0
12	7835.5
13	8240.5
14	8939.5
15	9909.0
16	11138.0
17	12916.5
18	15619.0
19	19619.5
20	25197.5
21	33019.5
22	43615.5
23	57692.5
24	76270.5
25	99736.0
26	127980.5
27	162507.0
28	200631.0
29	239627.0
30	280431.0
31	320363.0
32	358135.0
33	396154.5
34	437011.5
35	481581.0
36	519863.5
37	549923.0
38	582270.5
39	615391.5
40	640109.5
41	665719.0
42	700891.0
43	741198.0
44	787439.0
45	834884.0
46	887283.5
47	948715.5
48	1000973.5
49	1044112.5
50	1092258.0
51	1139866.5
52	1183211.5
53	1215527.5
54	1228251.5
55	1229483.0
56	1204002.0
57	1158429.5
58	1100039.5
59	1015058.5
60	912943.5
61	808018.5
62	711992.5
63	613105.0
64	512845.5
65	428042.0
66	356800.5
67	296672.5
68	244425.0
69	199247.5
70	158923.5
71	120808.5
72	90535.0
73	68940.5
74	53865.0
75	41180.0
76	30448.0
77	22146.5
78	16003.5
79	11241.0
80	8303.0
81	6392.0
82	5215.5
83	4188.5
84	3079.0
85	2213.5
86	1575.0
87	1177.5
88	912.0
89	722.5
90	537.5
91	347.0
92	243.0
93	163.5
94	109.0
95	73.0
96	48.0
97	25.5
98	22.5
99	15.5
100	6.0
>>END_MODULE
>>Per base N content	pass
#Base	N-Count
1	0.1205211415177562
2	0.003410795438260144
3	0.00397766900316239
4	3.9708314888711254
5	0.007722856151055882
6	0.012576312965162753
7	0.013655920484836133
8	0.015490297863396209
9	0.01881510686203635
10-14	0.02127495597175823
15-19	0.2023732257335121
20-24	0.0050464486008095465
25-29	0.005822874303748691
30-34	0.015497304165883765
35-39	0.015711951796638885
40-44	0.01824759636054433
45-49	0.007396744617089646
50-54	0.008677624099132811
55-59	0.9608710744801802
60-64	0.0023190861233809866
65-69	0.0023509329528698768
70-74	0.003525444024420149
75-79	0.0032222622076859136
80-84	0.003733085352687713
85-89	0.004948997302573543
90-94	1.0289474941322216
95-99	0.010147673748339985
100	0.004534988519217969
>>END_MODULE
>>Sequence Length Distribution	pass
#Length	Count
100	3.14003E7
>>END_MODULE
>>Sequence Duplication Levels	warn
#Total Duplicate Percentage	48.673388166622445
#Duplication Level	Relative count
1	100.0
2	24.32429937599232
3	10.674592918066685
4	6.222538123546136
5	4.244359930583761
6	3.1846545803640662
7	2.543108222870435
8	2.0234095188863863
9	1.759406269615626
10++	29.641287892774066
>>END_MODULE
>>Overrepresented sequences	pass
>>END_MODULE
>>Kmer Content	fail
#Sequence	Count	Obs/Exp Overall	Obs/Exp Max	Max Obs/Exp Position
TTTTT	29188620	9.204047	12.306247	10-14
AAAAA	19888045	6.360454	8.198698	2
GGAGG	7297365	2.561797	5.069898	1
CTCCT	7096835	2.501524	5.4657526	1
CTCCA	6618680	2.3395777	5.0128784	1
CTGGA	6529095	2.2576828	5.2676086	1
GAAAA	6185820	2.024948	5.7980967	1
CTTTT	5828565	1.9074442	5.779177	1
GGGGG	5270965	1.8940412	5.5207443	1
GTTTT	5760630	1.8645846	7.153129	1
GGAAA	4728780	1.5844789	5.9070034	1
GGGAG	4236350	1.4872037	5.0979757	1
>>END_MODULE
