##FastQC	0.10.1
>>Basic Statistics	pass
#Measure	Value	
Filename	A_xenica_NA_BW_3_R1.fastq.gz	
File type	Conventional base calls	
Encoding	Sanger / Illumina 1.9	
Total Sequences	19201311	
Filtered Sequences	0	
Sequence length	100	
%GC	48	
>>END_MODULE
>>Per base sequence quality	pass
#Base	Mean	Median	Lower Quartile	Upper Quartile	10th Percentile	90th Percentile
1	31.01813865730314	33.0	31.0	34.0	27.0	34.0
2	31.332057430870215	34.0	31.0	34.0	28.0	34.0
3	31.073802981473506	34.0	31.0	34.0	27.0	34.0
4	34.57261506779407	37.0	35.0	37.0	31.0	37.0
5	33.060789234651736	37.0	35.0	37.0	25.0	37.0
6	33.46072781176244	37.0	35.0	37.0	22.0	37.0
7	34.08415701407055	37.0	35.0	37.0	30.0	37.0
8	34.21229029621988	37.0	35.0	37.0	30.0	37.0
9	35.82573684682259	39.0	37.0	39.0	30.0	39.0
10-14	35.956371635249276	39.2	37.0	39.4	30.0	39.4
15-19	36.78877144378319	40.0	37.0	41.0	30.0	41.0
20-24	36.596437566164106	40.0	37.0	41.0	29.8	41.0
25-29	36.312785684269166	40.0	36.6	41.0	28.6	41.0
30-34	35.954866060968435	40.0	36.0	41.0	27.0	41.0
35-39	35.64275608056137	40.0	35.2	41.0	26.2	41.0
40-44	35.43287511982906	39.6	35.0	41.0	25.6	41.0
45-49	34.984545305265875	39.0	35.0	41.0	24.2	41.0
50-54	34.387513613002774	38.4	34.0	40.6	22.8	41.0
55-59	33.67510397597331	37.2	33.4	40.0	21.0	41.0
60-64	32.89316598226027	35.8	33.0	39.4	18.6	41.0
65-69	32.15851192660752	35.0	32.2	38.4	15.8	40.4
70-74	31.385801709060388	35.0	32.0	36.6	9.8	39.4
75-79	30.33567901691713	34.6	30.4	35.2	5.4	37.4
80-84	30.258936309088476	35.0	31.0	35.0	2.0	36.6
85-89	29.796091621035668	35.0	31.0	35.0	2.0	35.8
90-94	29.362498289830313	34.4	31.0	35.0	2.0	35.0
95-99	28.893038313894294	34.0	30.0	35.0	2.0	35.0
100	27.828422028058398	34.0	29.0	35.0	2.0	35.0
>>END_MODULE
>>Per sequence quality scores	pass
#Quality	Count
2	416540.0
3	149460.0
4	77134.0
5	61032.0
6	61377.0
7	59182.0
8	58845.0
9	63220.0
10	69159.0
11	72498.0
12	74176.0
13	76941.0
14	78388.0
15	79231.0
16	78370.0
17	76498.0
18	75128.0
19	73277.0
20	73135.0
21	75445.0
22	83010.0
23	95942.0
24	116420.0
25	142811.0
26	174802.0
27	213190.0
28	260107.0
29	305633.0
30	368147.0
31	449902.0
32	563310.0
33	735867.0
34	1025585.0
35	1554794.0
36	2692884.0
37	4275755.0
38	3583268.0
39	709970.0
40	878.0
>>END_MODULE
>>Per base sequence content	fail
#Base	G	A	T	C
1	34.80712366953125	14.693254676639429	8.727370786591768	41.77225086723755
2	24.73254552744	18.7992784481594	36.11458520716648	20.353590817234124
3	24.882951630354338	22.839137670674166	22.8425803463738	29.4353303525977
4	26.044417897785898	29.961783853508834	19.570001423977764	24.423796824727503
5	28.215208185758655	30.836431378266493	21.78598203782579	19.16237839814906
6	22.280971548421512	33.83170316066304	23.310278707713497	20.577046583201952
7	19.93669364177511	18.626106135323983	38.68091954178702	22.75628068111389
8	21.168997126912632	21.630390842637162	29.988465547910963	27.21214648253924
9	22.188899383796983	20.68476565903044	31.49234362644834	25.633991330724243
10-14	23.898386521832084	27.047230269716867	25.66659752065431	23.38778568779674
15-19	24.24781321220372	25.588639075715395	26.152848128259976	24.01069958382091
20-24	24.08866750773354	25.985692833612223	26.052853853673742	23.87278580498049
25-29	24.143348131559158	26.00304302229915	25.93506850082054	23.918540345321155
30-34	23.885678914742506	26.059588469420497	26.006794176643922	24.047938439193075
35-39	23.944856365352816	26.131457773454553	25.970746024478547	23.952939836714087
40-44	24.106243913710863	25.98641231000483	25.876701764371564	24.030642011912747
45-49	24.082479930401078	26.018453091056852	25.853332777653325	24.04573420088874
50-54	24.07246905676152	26.029674552134452	25.841181389941692	24.05667500116234
55-59	24.157355295483026	25.934643065328572	25.724925823037132	24.183075816151277
60-64	24.1511227443217	25.88441357705285	25.771610456752274	24.192853221873175
65-69	24.12060937463088	26.04267073165295	25.70129575395895	24.135424139757223
70-74	24.232893774362736	25.95808743281815	25.681967075653812	24.127051717165298
75-79	24.148075125141645	25.88099868320747	25.72519394474388	24.24573224690701
80-84	24.111504517218915	25.902538062098223	25.710323161405956	24.27563425927691
85-89	24.222367690478364	25.900193163534762	25.596063586629512	24.28137555935736
90-94	24.056299337466797	25.843494042859668	25.686715431794426	24.413491187879107
95-99	24.135625166796455	25.969281125642325	25.65659008487004	24.23850362269118
100	24.361759429327424	25.71249958724737	25.39896904027122	24.52677194315399
>>END_MODULE
>>Per base GC content	fail
#Base	%GC
1	76.57937453676881
2	45.086136344674124
3	54.31828198295203
4	50.4682147225134
5	47.37758658390771
6	42.85801813162347
7	42.692974322889
8	48.38114360945187
9	47.82289071452123
10-14	47.28617220962882
15-19	48.25851279602463
20-24	47.96145331271403
25-29	48.06188847688031
30-34	47.93361735393558
35-39	47.8977962020669
40-44	48.13688592562361
45-49	48.12821413128982
50-54	48.12914405792385
55-59	48.340431111634295
60-64	48.343975966194876
65-69	48.2560335143881
70-74	48.35994549152804
75-79	48.393807372048656
80-84	48.387138776495824
85-89	48.50374324983572
90-94	48.4697905253459
95-99	48.374128789487635
100	48.88853137248142
>>END_MODULE
>>Per sequence GC content	warn
#GC Content	Count
0	23856.0
1	15061.0
2	5324.0
3	4346.5
4	4116.5
5	3756.5
6	3629.0
7	3686.0
8	3710.0
9	3726.5
10	3805.5
11	3891.5
12	4007.0
13	4200.5
14	4460.5
15	4832.5
16	5427.0
17	6520.0
18	8092.0
19	10186.0
20	13595.0
21	18220.0
22	25237.0
23	34311.5
24	45076.0
25	59640.0
26	77281.0
27	98784.5
28	121977.0
29	145334.5
30	172315.0
31	203986.0
32	235189.0
33	263810.0
34	289582.5
35	315387.5
36	343646.0
37	370819.0
38	395808.0
39	422314.5
40	447328.0
41	467708.0
42	491513.0
43	522985.5
44	554687.5
45	571781.0
46	596230.5
47	630698.5
48	662185.5
49	686249.0
50	699025.0
51	719126.5
52	739327.5
53	739675.0
54	725872.0
55	708833.0
56	689296.5
57	658733.5
58	611827.0
59	556042.5
60	487742.0
61	423363.0
62	370511.0
63	318612.5
64	269073.0
65	222594.5
66	182841.5
67	150512.5
68	123842.5
69	98023.5
70	73605.5
71	54041.0
72	40276.5
73	31952.5
74	25835.0
75	21021.5
76	16062.5
77	11686.5
78	8757.5
79	6149.5
80	4514.0
81	3451.5
82	3095.0
83	2930.5
84	1900.0
85	902.5
86	552.5
87	363.5
88	248.5
89	179.5
90	142.5
91	116.0
92	84.0
93	59.0
94	48.0
95	34.5
96	18.5
97	11.0
98	4.5
99	2.5
100	2.5
>>END_MODULE
>>Per base N content	pass
#Base	N-Count
1	0.01710299885252627
2	0.0024633734644472975
3	0.005879806852771667
4	0.008192148963161942
5	3.51736399665627
6	0.03818489268779616
7	0.0464864091832063
8	0.05264744683318759
9	0.04653328098274123
10-14	0.052277680414634195
15-19	0.03058541158986488
20-24	0.026336743360909055
25-29	0.026044055012701996
30-34	0.04928725960430514
35-39	0.04719156936732081
40-44	0.038275511500230376
45-49	0.029221963021170794
50-54	0.015357284718736132
55-59	0.005612116797649911
60-64	0.004976743515065196
65-69	0.0010238884209520902
70-74	0.0032601940565412436
75-79	0.004520524666258466
80-84	0.005908971528037851
85-89	0.0025102452639822353
90-94	0.009795164507256822
95-99	0.018286251391897147
100	0.004942370862072908
>>END_MODULE
>>Sequence Length Distribution	pass
#Length	Count
100	1.9201311E7
>>END_MODULE
>>Sequence Duplication Levels	fail
#Total Duplicate Percentage	50.69935594196972
#Duplication Level	Relative count
1	100.0
2	27.102380907497125
3	11.943182460836617
4	6.892001432691764
5	4.583671084132939
6	3.4761626482176182
7	2.7004354628913982
8	2.2187871133146078
9	1.821969197127076
10++	27.77348389164326
>>END_MODULE
>>Overrepresented sequences	warn
#Sequence	Count	Percentage	Possible Source
TTTTTTTTTTTTTTTTTTTTTTTTTTTTTTTTTTTTTTTTTTTTTTTTTT	36045	0.18772155713742672	No Hit
>>END_MODULE
>>Kmer Content	fail
#Sequence	Count	Obs/Exp Overall	Obs/Exp Max	Max Obs/Exp Position
TTTTT	14490315	6.871496	10.161457	2
AAAAA	11162980	5.331582	7.099319	2
CTCCT	4175625	2.3939698	6.760767	1
CTCCA	3931145	2.257027	6.519561	1
CTCTG	3859585	2.2181869	5.237999	1
CTGGA	3838450	2.214595	6.5600696	1
GAAGA	4076420	2.2140312	5.216901	2
TCCAG	3841830	2.21114	5.0256066	7
GAAAA	3893690	1.9831327	5.185498	2
GTTTT	3589815	1.8179442	6.829544	1
CTCAG	2911315	1.6755881	5.3335085	1
GGAAA	2978920	1.6179446	5.8974924	1
CTGGG	2506980	1.542424	5.429591	1
>>END_MODULE
