##FastQC	0.10.1
>>Basic Statistics	pass
#Measure	Value	
Filename	F_diaphanus_NA_transfer_2_R1.fastq.gz	
File type	Conventional base calls	
Encoding	Sanger / Illumina 1.9	
Total Sequences	6571329	
Filtered Sequences	0	
Sequence length	100	
%GC	49	
>>END_MODULE
>>Per base sequence quality	pass
#Base	Mean	Median	Lower Quartile	Upper Quartile	10th Percentile	90th Percentile
1	30.238678812155044	31.0	30.0	34.0	26.0	34.0
2	30.519276998610174	31.0	30.0	34.0	27.0	34.0
3	29.154347773486915	31.0	30.0	34.0	16.0	34.0
4	32.86561987689248	37.0	33.0	37.0	19.0	37.0
5	33.553094511019005	37.0	33.0	37.0	28.0	37.0
6	31.065412947670097	37.0	32.0	37.0	10.0	37.0
7	31.90984654702268	37.0	32.0	37.0	17.0	37.0
8	32.99616302881807	37.0	33.0	37.0	27.0	37.0
9	34.684920356293226	38.0	35.0	39.0	27.0	39.0
10-14	34.334722580470405	38.8	34.2	39.4	21.6	39.4
15-19	35.50247348747872	39.4	34.8	41.0	27.0	41.0
20-24	35.477719773275695	39.6	35.0	41.0	26.4	41.0
25-29	35.12709377357305	39.0	34.4	41.0	24.6	41.0
30-34	34.7202729919625	39.0	34.0	41.0	23.4	41.0
35-39	34.404888478418904	39.0	33.0	41.0	22.0	41.0
40-44	34.12623969976241	38.4	33.0	40.2	20.2	41.0
45-49	33.6851578729356	38.0	33.0	40.0	17.8	41.0
50-54	32.997035302904486	37.2	32.2	40.0	12.4	41.0
55-59	32.295317005129405	36.2	31.4	39.8	7.8	41.0
60-64	31.46583167575387	35.0	30.8	38.8	2.8	40.6
65-69	30.712617949885022	35.0	30.0	37.4	2.0	40.0
70-74	29.882631930314243	34.6	29.6	36.2	2.0	39.0
75-79	28.860878735488665	33.8	28.6	35.0	2.0	37.2
80-84	28.757914905797595	34.0	29.0	35.0	2.0	36.2
85-89	28.251654239195755	34.0	29.0	35.0	2.0	35.2
90-94	27.795374603828236	34.0	27.8	35.0	2.0	35.0
95-99	27.1793202257869	34.0	27.0	35.0	2.0	35.0
100	26.038149056302004	33.0	24.0	35.0	2.0	35.0
>>END_MODULE
>>Per sequence quality scores	pass
#Quality	Count
2	197174.0
3	60631.0
4	32115.0
5	23880.0
6	23262.0
7	24641.0
8	25949.0
9	27436.0
10	30018.0
11	31835.0
12	33382.0
13	34328.0
14	34905.0
15	35488.0
16	35492.0
17	34959.0
18	34414.0
19	33217.0
20	33253.0
21	34335.0
22	37709.0
23	43366.0
24	51941.0
25	65112.0
26	83385.0
27	110805.0
28	137045.0
29	143946.0
30	172220.0
31	201763.0
32	235876.0
33	306698.0
34	417319.0
35	605726.0
36	937276.0
37	1228235.0
38	838053.0
39	133996.0
40	144.0
>>END_MODULE
>>Per base sequence content	fail
#Base	G	A	T	C
1	36.37463199539817	13.092492926837771	10.7498822978922	39.78299277987187
2	26.05448204136754	21.824379254079183	28.767337802839915	23.353800901713363
3	26.70510094891509	26.595281979726938	21.502975278554267	25.19664179280371
4	28.584723193894014	32.194036004098706	18.357786488624097	20.86345431338319
5	28.166031117022005	32.69063521378303	20.639630718615024	18.50370295057994
6	20.89404179965168	36.956480839817964	22.481123733555325	19.66835362697503
7	21.330927410712547	18.92225464216823	36.97900429631939	22.767813650799837
8	22.574534053703854	21.229684778022083	29.020284320250283	27.175496848023784
9	21.988352449081923	19.881789140298217	31.80052663321601	26.329331777403848
10-14	24.769261899227285	26.346680175175567	24.765317001703373	24.11874092389377
15-19	24.69013444022429	25.42782260512159	25.563533482625445	24.318509472028673
20-24	24.59198801426694	25.957520940650404	25.362258511194934	24.08823253388772
25-29	24.617461969473055	25.807095955244446	25.25362689743219	24.321815177850304
30-34	24.363233493601438	25.843333306235817	25.464631819809192	24.32880138035355
35-39	24.493954299792648	25.855533509534386	25.326303153633816	24.32420903703915
40-44	24.556424790539808	25.755799598934836	25.362573685144667	24.32520192538069
45-49	24.58162235794314	25.7149490773602	25.30771225153712	24.39571631315954
50-54	24.555384999071723	25.804377161844528	25.28144787752151	24.358789961562234
55-59	24.677115289425274	25.544040790005802	25.225675136826464	24.55316878374246
60-64	24.545077266334832	25.604828995644937	25.298807345578805	24.551286392441423
65-69	24.5816302697475	25.803438070615197	25.1908465020651	24.4240851575722
70-74	24.68387492209468	25.734524237841192	25.081085904811257	24.500514935252866
75-79	24.63248428793745	25.553969477707273	25.258970157962196	24.554576076393083
80-84	24.586974524724976	25.69560234992685	25.176452849327852	24.540970276020317
85-89	24.719446589847703	25.53745496682227	25.09863410317869	24.644464340151334
90-94	24.553926865364577	25.55590569913928	25.171687290387545	24.718480145108593
95-99	24.58414637855081	25.665781785690683	25.155836943437258	24.59423489232125
100	24.859474652622986	25.293344902800797	24.786097522330863	25.061082922245355
>>END_MODULE
>>Per base GC content	fail
#Base	%GC
1	76.15762477527002
2	49.408282943080906
3	51.90174274171879
4	49.4481775072772
5	46.669734067601944
6	40.562395426626715
7	44.09874106151238
8	49.75003090172764
9	48.317684226485774
10-14	48.888002823121056
15-19	49.008643912252964
20-24	48.680220548154665
25-29	48.93927714732336
30-34	48.692034873954995
35-39	48.8181633368318
40-44	48.8816267159205
45-49	48.97733867110268
50-54	48.91417496063396
55-59	49.23028407316773
60-64	49.09636365877626
65-69	49.00571542731969
70-74	49.18438985734755
75-79	49.187060364330534
80-84	49.1279448007453
85-89	49.36391092999904
90-94	49.27240701047317
95-99	49.17838127087206
100	49.92055757486834
>>END_MODULE
>>Per sequence GC content	warn
#GC Content	Count
0	1282.0
1	924.0
2	495.5
3	434.5
4	397.5
5	342.5
6	327.0
7	347.5
8	402.0
9	457.0
10	514.5
11	569.0
12	648.5
13	754.0
14	886.0
15	1078.0
16	1338.5
17	1693.5
18	2193.0
19	2881.0
20	4129.0
21	5875.0
22	8003.5
23	10913.5
24	14706.5
25	19658.5
26	25846.5
27	33003.0
28	40695.0
29	48519.0
30	57906.0
31	68217.0
32	77416.0
33	87403.5
34	96735.5
35	104239.5
36	111424.5
37	117944.0
38	123861.0
39	130524.5
40	137555.5
41	144468.5
42	152099.5
43	161416.5
44	172452.5
45	183070.0
46	194155.0
47	205431.5
48	216996.0
49	227687.5
50	237853.0
51	249600.5
52	258595.0
53	261743.5
54	260888.0
55	258388.0
56	252267.5
57	241462.0
58	225812.0
59	205042.0
60	182366.5
61	159070.0
62	138843.0
63	121220.0
64	102097.0
65	84256.5
66	70097.5
67	58091.5
68	47714.5
69	38004.0
70	28501.0
71	21009.5
72	15598.0
73	12449.0
74	10344.0
75	8038.0
76	5782.0
77	4032.5
78	2793.5
79	1997.0
80	1594.0
81	1372.0
82	1277.5
83	1062.0
84	740.0
85	477.5
86	307.0
87	225.0
88	191.5
89	160.5
90	111.0
91	69.0
92	38.0
93	25.0
94	17.0
95	11.5
96	7.0
97	3.5
98	3.0
99	2.0
100	0.5
>>END_MODULE
>>Per base N content	pass
#Base	N-Count
1	0.027056931710465266
2	0.004306586993285529
3	3.153380389263724
4	0.00709141179813094
5	0.017698094251558553
6	2.1280322443146584
7	0.030206979440536307
8	0.03221570552927726
9	0.03121134248490678
10-14	0.9382303031852461
15-19	0.022519036864536837
20-24	0.017007214218006737
25-29	0.015047184519295867
30-34	0.03745361098188814
35-39	0.03872580417142408
40-44	0.027741724695263318
45-49	0.0204463967638814
50-54	0.016307203611324286
55-59	0.004084409713773272
60-64	0.005417473390846814
65-69	0.0020056825643640732
70-74	0.0032200487907392858
75-79	0.004002234555597505
80-84	0.0029948279868501487
85-89	0.002644822683508922
90-94	0.010518420246498083
95-99	0.022540341535175
100	0.01768287662967415
>>END_MODULE
>>Sequence Length Distribution	pass
#Length	Count
100	6571329.0
>>END_MODULE
>>Sequence Duplication Levels	warn
#Total Duplicate Percentage	34.732481910411664
#Duplication Level	Relative count
1	100.0
2	17.937287878020364
3	6.437653324842423
4	3.490921722014372
5	2.3294521192297393
6	1.7150672639249713
7	1.4147495784697548
8	1.122392120821785
9	0.9537800227228321
10++	9.33011064716652
>>END_MODULE
>>Overrepresented sequences	warn
#Sequence	Count	Percentage	Possible Source
GATCGGAAGAGCACACGTCTGAACTCCAGTCACCGCTCATTATCTCGTAT	10117	0.15395668060448653	TruSeq Adapter, Index 2 (97% over 37bp)
>>END_MODULE
>>Kmer Content	warn
#Sequence	Count	Obs/Exp Overall	Obs/Exp Max	Max Obs/Exp Position
TTTTT	3313680	5.232497	7.244514	2
AAAAA	3404075	4.880695	9.671821	2
TCCAG	1390845	2.3184218	5.14762	7
CTGGA	1389285	2.2937384	6.466079	1
GAAGA	1423595	2.1996455	5.4840193	2
AAGAA	1448425	2.1558595	5.120181	2
GAAAA	1318895	1.9630647	6.781327	1
CTGAA	1169970	1.8607385	5.014378	1
GTTTT	1155075	1.857237	6.4273224	1
AAAAG	1243065	1.8501984	5.1987767	3
AAAAC	1222775	1.8375205	5.1890874	3
AAAAT	1231320	1.7998514	5.8786273	3
GGAAG	1037070	1.6634748	5.0018344	1
GGAAA	1022940	1.5805798	6.971866	1
GCCAG	878820	1.4916685	5.0290074	1
>>END_MODULE
