##FastQC	0.10.1
>>Basic Statistics	pass
#Measure	Value	
Filename	F_rathbuni_NA_transfer_1_R2.fastq.gz	
File type	Conventional base calls	
Encoding	Sanger / Illumina 1.9	
Total Sequences	23947361	
Filtered Sequences	0	
Sequence length	100	
%GC	48	
>>END_MODULE
>>Per base sequence quality	fail
#Base	Mean	Median	Lower Quartile	Upper Quartile	10th Percentile	90th Percentile
1	29.118748617018802	31.0	30.0	34.0	23.0	34.0
2	29.021590479218148	31.0	30.0	34.0	22.0	34.0
3	29.10160622709116	31.0	30.0	34.0	22.0	34.0
4	32.44220154362729	35.0	33.0	37.0	22.0	37.0
5	32.37957860993535	35.0	33.0	37.0	22.0	37.0
6	32.276264846051305	35.0	33.0	37.0	22.0	37.0
7	32.26050874666315	35.0	33.0	37.0	22.0	37.0
8	32.186618600688405	35.0	33.0	37.0	20.0	37.0
9	33.51278159626858	38.0	33.0	39.0	19.0	39.0
10-14	33.59190061902855	38.2	33.0	39.4	18.6	39.4
15-19	34.177110279500106	39.0	33.0	41.0	17.2	41.0
20-24	33.88522864794998	39.0	33.0	41.0	16.4	41.0
25-29	33.581752385993596	38.0	33.0	40.2	11.6	41.0
30-34	33.18117912032144	38.0	32.0	40.0	8.6	41.0
35-39	32.721652260555985	38.0	31.6	40.0	5.0	41.0
40-44	32.224741932942	38.0	31.0	40.0	2.0	41.0
45-49	31.770109057110716	37.0	30.0	40.0	2.0	41.0
50-54	30.918080184284186	36.0	29.4	39.2	2.0	40.6
55-59	30.888759141351738	35.6	29.8	39.6	2.0	41.0
60-64	30.099367141122563	35.0	28.8	38.8	2.0	40.6
65-69	29.230191109575706	34.6	28.0	37.2	2.0	40.0
70-74	28.503225027592812	34.0	27.4	36.0	2.0	39.0
75-79	27.723074914183655	34.0	26.2	35.0	2.0	37.2
80-84	27.03624634046315	33.8	25.4	35.0	2.0	36.2
85-89	26.432032013882452	33.0	24.4	35.0	2.0	35.2
90-94	25.857084820327383	33.0	22.4	35.0	2.0	35.0
95-99	25.111028183857083	33.0	13.0	35.0	2.0	35.0
100	23.68864936725178	31.0	2.0	34.0	2.0	35.0
>>END_MODULE
>>Per sequence quality scores	pass
#Quality	Count
2	1333519.0
3	196702.0
4	130266.0
5	110373.0
6	111409.0
7	115304.0
8	122376.0
9	135672.0
10	148385.0
11	153120.0
12	145906.0
13	142820.0
14	143695.0
15	145828.0
16	146872.0
17	146206.0
18	147555.0
19	148419.0
20	151952.0
21	160352.0
22	176528.0
23	204139.0
24	242121.0
25	290552.0
26	346027.0
27	404533.0
28	470779.0
29	549302.0
30	647381.0
31	771018.0
32	942241.0
33	1177687.0
34	1535396.0
35	2107826.0
36	3046177.0
37	3848530.0
38	2680684.0
39	469180.0
40	529.0
>>END_MODULE
>>Per base sequence content	fail
#Base	G	A	T	C
1	38.53355425743316	14.579323925303905	7.145767090599279	39.74135472666365
2	26.697832590115667	17.584769420045802	36.37207574107063	19.3453222487679
3	27.16909109537446	22.1699384879875	21.25026679496224	29.4107036216758
4	29.251361172138644	27.805132484525146	18.586583314228577	24.356923029107627
5	30.424743359953982	28.54387778369818	21.80962242147348	19.221756434874354
6	23.939830837466538	32.22656923124417	23.23915952527949	20.5944404060098
7	21.635338041177455	19.511678007926545	36.375669952042024	22.477313998853983
8	21.63828986152744	21.586465154359384	30.38595036616708	26.389294617946096
9	22.32432481205721	20.41117743059054	32.06290341634714	25.201594341005105
10-14	24.400145160438207	26.573215268864107	25.86432528992671	23.16231428077098
15-19	24.596841260469578	25.362914072340477	26.17822043917758	23.86202422801237
20-24	24.499094167152524	25.75115127696883	25.992072376769098	23.757682179109548
25-29	24.36310314239188	25.763602677071173	26.039175030898846	23.834119149638102
30-34	24.36057146728297	25.80757524987486	25.91476173658771	23.91709154625446
35-39	24.287354609712676	25.812042856127356	25.95878040581063	23.941822128349344
40-44	24.440134478685536	25.773201139363017	25.79736093333491	23.989303448616532
45-49	24.420601659085587	25.78839717884383	25.738217940482606	24.05278322158798
50-54	24.293456237923753	25.858359216031225	25.84870323046482	23.9994813155802
55-59	24.419628072310477	25.73835326841448	25.740448785369274	24.101569873905778
60-64	24.390393871758715	25.70616452379509	25.690280064466293	24.213161539979907
65-69	24.385285557066123	25.80062904117716	25.720066800554964	24.094018601201753
70-74	24.515905997129632	25.732306271668037	25.648708604776644	24.103079126425687
75-79	24.46584620688604	25.631562657825285	25.65206574167625	24.25052539361242
80-84	24.43876808210727	25.74808417548773	25.65268901272194	24.16045872968306
85-89	24.583791032188078	25.684697404186736	25.550378816637725	24.181132746987462
90-94	24.45782817962612	25.65885194053925	25.55097246801332	24.33234741182131
95-99	24.48054628566748	25.76578519019025	25.567005380644392	24.18666314349788
100	24.97538629563081	25.477565184959538	25.009741880276472	24.537306639133185
>>END_MODULE
>>Per base GC content	fail
#Base	%GC
1	78.27490898409681
2	46.04315483888357
3	56.579794717050255
4	53.60828420124628
5	49.64649979482834
6	44.53427124347634
7	44.112652040031435
8	48.02758447947353
9	47.52591915306232
10-14	47.562459441209185
15-19	48.45886548848195
20-24	48.25677634626207
25-29	48.197222292029984
30-34	48.27766301353743
35-39	48.229176738062016
40-44	48.42943792730207
45-49	48.473384880673564
50-54	48.292937553503954
55-59	48.52119794621625
60-64	48.60355541173862
65-69	48.47930415826787
70-74	48.61898512355531
75-79	48.71637160049846
80-84	48.59922681179033
85-89	48.76492377917554
90-94	48.79017559144743
95-99	48.66720942916537
100	49.51269293476399
>>END_MODULE
>>Per sequence GC content	fail
#GC Content	Count
0	20050.0
1	17025.0
2	13260.0
3	12604.0
4	10751.0
5	7312.0
6	5616.5
7	5207.0
8	4948.5
9	5011.0
10	5133.0
11	5309.5
12	5635.5
13	5950.0
14	6500.5
15	7289.0
16	8245.0
17	9800.5
18	12081.5
19	15117.0
20	19604.5
21	25740.5
22	34511.0
23	46703.0
24	61730.5
25	80591.0
26	103820.0
27	128796.5
28	154444.5
29	184550.0
30	218117.0
31	254860.0
32	293000.5
33	328176.5
34	360091.0
35	390022.5
36	418828.5
37	442404.5
38	466068.0
39	490537.5
40	507077.0
41	529870.0
42	557758.5
43	583460.0
44	617363.0
45	652974.0
46	691162.0
47	730715.5
48	763853.5
49	798089.5
50	837384.5
51	879980.5
52	925004.0
53	950906.0
54	948400.0
55	928260.0
56	903110.5
57	873224.5
58	823956.5
59	749630.5
60	667308.0
61	582107.0
62	499033.0
63	431349.5
64	366959.0
65	302923.0
66	246790.0
67	200588.0
68	163074.5
69	130301.0
70	99424.0
71	74691.0
72	56000.0
73	44337.5
74	36930.0
75	29469.0
76	22758.0
77	17096.0
78	12629.0
79	9053.0
80	6391.5
81	4815.5
82	3649.0
83	2846.5
84	2278.0
85	1775.5
86	1325.5
87	1006.0
88	847.5
89	695.0
90	462.0
91	282.0
92	197.5
93	134.0
94	81.5
95	56.5
96	36.0
97	26.5
98	18.0
99	8.0
100	7.0
>>END_MODULE
>>Per base N content	pass
#Base	N-Count
1	0.03054198748663788
2	0.22531501487783978
3	0.06315936023180174
4	0.03828814373324894
5	0.04721605858783354
6	0.038910341728259745
7	0.04415100269294809
8	0.03746550611568431
9	0.036300450809590254
10-14	0.045147354650059354
15-19	0.04187517781186829
20-24	0.06871654876710633
25-29	0.03592295618711389
30-34	0.05662586370164127
35-39	0.04146511175072694
40-44	0.04551065146593815
45-49	0.03997267172779498
50-54	0.041244628165917736
55-59	0.04404159606563746
60-64	0.044922695239780285
65-69	0.040070386043789964
70-74	0.035141241659154006
75-79	0.039664495808118476
80-84	0.04913192731341045
85-89	0.05333948905685266
90-94	0.03904396814329562
95-99	0.04100326545375918
100	0.03957429797796926
>>END_MODULE
>>Sequence Length Distribution	pass
#Length	Count
100	2.3947361E7
>>END_MODULE
>>Sequence Duplication Levels	warn
#Total Duplicate Percentage	48.599797289688055
#Duplication Level	Relative count
1	100.0
2	24.423954719737083
3	10.39528939200292
4	5.890085813401497
5	4.128172357129816
6	2.9368267299616577
7	2.3598685411721747
8	1.972795325908344
9	1.586635019171079
10++	28.888077414643053
>>END_MODULE
>>Overrepresented sequences	pass
>>END_MODULE
>>Kmer Content	fail
#Sequence	Count	Obs/Exp Overall	Obs/Exp Max	Max Obs/Exp Position
TTTTT	22257880	8.602158	11.566528	10-14
AAAAA	14715645	5.9389024	6.985375	2
GGAGG	5406050	2.498036	5.5171924	1
CTCCT	5248535	2.4604836	6.659059	1
CTCCA	5004185	2.3663359	6.3533945	1
CTGGA	5001640	2.2639499	7.3922815	1
CTCTG	4921770	2.257404	5.0233083	1
GAAGA	4980915	2.150958	5.048313	2
GGGGG	4411805	2.1087878	6.6487546	1
GGAGA	4527535	2.022472	5.13273	2
GAAAA	4836445	2.0190685	5.167587	2
CTTTT	4682165	1.9298482	6.084037	1
GTTTT	4647990	1.8743353	7.001884	1
CTCAG	3616135	1.6729898	5.0133824	1
GGAAG	3715235	1.6596135	5.0446963	1
GGAAA	3818230	1.648864	6.1860456	1
CTGGG	3410605	1.596922	6.784896	1
GTGGA	3425020	1.5167818	5.416868	1
GGGAG	3252555	1.5029457	5.8198147	1
GGGGA	2967300	1.3711346	5.4163184	1
GGGAA	2924780	1.3065134	5.0883	1
GTGGG	2301005	1.0540847	5.001982	1
>>END_MODULE
