##FastQC	0.10.1
>>Basic Statistics	pass
#Measure	Value	
Filename	F_chrysotus_NA_FW_3_R2.fastq.gz	
File type	Conventional base calls	
Encoding	Sanger / Illumina 1.9	
Total Sequences	18789624	
Filtered Sequences	0	
Sequence length	100	
%GC	48	
>>END_MODULE
>>Per base sequence quality	pass
#Base	Mean	Median	Lower Quartile	Upper Quartile	10th Percentile	90th Percentile
1	30.41534668282878	31.0	31.0	34.0	26.0	34.0
2	30.4577479038431	31.0	31.0	34.0	26.0	34.0
3	30.513442898059058	31.0	31.0	34.0	26.0	34.0
4	33.89830839616588	37.0	35.0	37.0	29.0	37.0
5	33.84818743578903	37.0	35.0	37.0	28.0	37.0
6	33.796504389869646	37.0	35.0	37.0	29.0	37.0
7	33.81141299048879	37.0	35.0	37.0	29.0	37.0
8	33.759554049618025	37.0	35.0	37.0	29.0	37.0
9	35.25489062474055	39.0	35.0	39.0	29.0	39.0
10-14	35.36421915627476	39.2	35.2	39.4	28.2	39.4
15-19	36.1470682861988	40.0	36.0	41.0	27.2	41.0
20-24	35.9006395338193	40.0	36.0	41.0	27.0	41.0
25-29	35.65868987053706	40.0	36.0	41.0	26.6	41.0
30-34	34.86221642327702	39.6	34.4	41.0	20.0	41.0
35-39	34.77384352129665	39.0	34.8	41.0	23.6	41.0
40-44	34.47917284560883	39.0	34.0	40.8	22.0	41.0
45-49	34.16698666242603	38.0	33.8	40.0	20.4	41.0
50-54	33.35474302199981	37.6	32.8	39.6	18.4	40.6
55-59	33.302298800657205	37.2	33.0	40.0	16.6	41.0
60-64	32.57401117765848	35.8	32.4	39.4	11.6	41.0
65-69	31.76991349055202	35.0	32.0	38.4	7.0	40.4
70-74	31.032121717816175	35.0	31.2	36.8	2.0	39.4
75-79	30.28143233733682	35.0	31.0	35.6	2.0	38.0
80-84	29.6275133552433	34.6	30.2	35.0	2.0	36.6
85-89	29.09276258002821	34.0	30.0	35.0	2.0	35.8
90-94	28.59972736016431	34.0	29.2	35.0	2.0	35.0
95-99	28.032805201423933	34.0	29.0	35.0	2.0	35.0
100	26.784192488364855	33.0	25.0	35.0	2.0	35.0
>>END_MODULE
>>Per sequence quality scores	pass
#Quality	Count
2	629851.0
3	101414.0
4	67418.0
5	58078.0
6	61248.0
7	59996.0
8	62668.0
9	67158.0
10	72697.0
11	76026.0
12	74629.0
13	74293.0
14	75562.0
15	77648.0
16	79650.0
17	77934.0
18	77491.0
19	77935.0
20	80806.0
21	85513.0
22	95763.0
23	110877.0
24	134359.0
25	163018.0
26	195284.0
27	231675.0
28	276042.0
29	330404.0
30	398944.0
31	489200.0
32	615713.0
33	805766.0
34	1109543.0
35	1641400.0
36	2654344.0
37	3878401.0
38	3044883.0
39	575117.0
40	876.0
>>END_MODULE
>>Per base sequence content	fail
#Base	G	A	T	C
1	38.685886011234416	14.54758467538739	7.943073499671102	38.82345581370709
2	26.24598323500656	16.9876111617597	36.54927465133013	20.217130951903613
3	26.19890507820482	21.533955342958755	22.58394664862419	29.683192930212233
4	28.051230397030203	27.504982383501563	19.566417502680792	24.87736971678744
5	29.440030814183	28.816756031986007	22.249147833854305	19.494065319976688
6	23.062604984549694	32.759060648121256	23.46167604414623	20.71665832318282
7	20.55178162356742	19.541245381406302	37.97841001276561	21.928562982260672
8	20.838497389659043	21.63334276294411	31.04371095809691	26.484448889299937
9	21.984872694376424	20.77740772660878	32.288217401831915	24.949502177182886
10-14	23.858766770239935	26.992270597004236	26.163290147927277	22.985672484828555
15-19	24.176662792160347	25.60256297592074	26.549585637118312	23.6711885948006
20-24	24.024920342329693	25.919576358610435	26.42525486152246	23.630248437537404
25-29	24.075813181920257	25.959045339352514	26.308429094848258	23.656712383878972
30-34	24.19126779653248	26.004709443305956	26.15940043072574	23.644622329435826
35-39	23.958260758212816	26.01158384655725	26.238499601297004	23.79165579393293
40-44	24.14119679707025	25.949581189891692	26.06351844640401	23.84570356663405
45-49	24.039960381267512	25.96154516976358	26.100983586554023	23.897510862414887
50-54	23.997907853709354	26.125471773513947	26.04209501267634	23.834525360100354
55-59	24.19391101020881	25.88832736571234	25.973147191434276	23.944614432644574
60-64	24.148118682587132	25.862669485486073	25.981101822051183	24.00811000987561
65-69	24.08254198200284	25.96124688057942	25.97186910804145	23.98434202937629
70-74	24.23663543667286	25.937447791699803	25.880886292470944	23.945030479156397
75-79	24.14676588498772	25.901799405795146	25.912113139916666	24.039321569300466
80-84	24.173222800456738	25.888807330448095	25.877797526738185	24.06017234235699
85-89	24.265683334221062	25.96222746381325	25.725782864807158	24.046306337158533
90-94	24.20433842586106	25.85630194928028	25.75574478628027	24.18361483857839
95-99	24.235455316509846	25.946667155409276	25.785761217449604	24.03211631063127
100	24.662900145003842	25.66530203738066	25.30219605848545	24.369601759130045
>>END_MODULE
>>Per base GC content	fail
#Base	%GC
1	77.50934182494152
2	46.46311418691017
3	55.88209800841706
4	52.92860011381764
5	48.93409613415969
6	43.77926330773251
7	42.480344605828094
8	47.32294627895898
9	46.93437487155931
10-14	46.84443925506849
15-19	47.84785138696095
20-24	47.655168779867104
25-29	47.73252556579923
30-34	47.835890125968305
35-39	47.74991655214574
40-44	47.9869003637043
45-49	47.937471243682396
50-54	47.83243321380971
55-59	48.138525442853386
60-64	48.15622869246274
65-69	48.06688401137913
70-74	48.18166591582925
75-79	48.186087454288185
80-84	48.23339514281373
85-89	48.31198967137959
90-94	48.387953264439446
95-99	48.267571627141116
100	49.03250190413389
>>END_MODULE
>>Per sequence GC content	warn
#GC Content	Count
0	39616.0
1	25157.5
2	9233.0
3	7457.5
4	6690.5
5	5809.0
6	5263.0
7	5079.0
8	4978.0
9	4908.5
10	4877.5
11	4911.5
12	4842.0
13	4899.0
14	5146.0
15	5382.5
16	5733.5
17	6367.0
18	7369.0
19	9250.5
20	12325.5
21	16325.5
22	22144.5
23	30687.5
24	41431.5
25	55264.5
26	74204.5
27	92836.5
28	112525.5
29	138163.5
30	168005.5
31	201844.0
32	238987.5
33	270890.5
34	297950.0
35	322199.0
36	347122.5
37	372726.0
38	397191.0
39	418044.5
40	431693.0
41	451946.5
42	475221.5
43	497799.5
44	524758.0
45	551351.0
46	576637.0
47	597525.0
48	625731.5
49	654657.0
50	674295.5
51	699290.5
52	723238.0
53	733287.5
54	731371.0
55	721984.0
56	700037.0
57	656196.0
58	597723.5
59	539849.0
60	480584.5
61	422419.5
62	364098.5
63	304520.0
64	252236.0
65	209290.0
66	171846.5
67	141140.5
68	115361.0
69	89508.0
70	68305.5
71	51810.5
72	36963.5
73	27367.0
74	22405.0
75	18358.5
76	14470.0
77	11109.0
78	8625.0
79	6553.0
80	5749.0
81	5364.5
82	3764.5
83	2421.0
84	1913.5
85	1492.5
86	1032.0
87	751.5
88	531.5
89	367.5
90	230.5
91	133.0
92	82.5
93	61.5
94	42.0
95	31.5
96	19.0
97	12.5
98	10.5
99	8.5
100	7.0
>>END_MODULE
>>Per base N content	pass
#Base	N-Count
1	0.03810081564165414
2	0.05267268786219458
3	0.038734143908361336
4	0.03697253335138585
5	0.046099911312754316
6	0.034609527045352265
7	0.03789857636320983
8	0.044497963344024345
9	0.03531736451990737
10-14	0.03165683358006525
15-19	0.048328801044661675
20-24	0.0466129604296499
25-29	0.028780778157136085
30-34	0.05454819106545187
35-39	0.05445345792975953
40-44	0.09053507403873542
45-49	0.06623762135953333
50-54	0.06370324387544955
55-59	0.07106794686258756
60-64	0.0619725014188682
65-69	0.06396189726840729
70-74	0.06109542160077286
75-79	0.057374218877397444
80-84	0.0628761916683378
85-89	0.06043867615445631
90-94	0.05352315724891568
95-99	0.05034374290832004
100	0.050197917744389135
>>END_MODULE
>>Sequence Length Distribution	pass
#Length	Count
100	1.8789624E7
>>END_MODULE
>>Sequence Duplication Levels	fail
#Total Duplicate Percentage	53.78592947338541
#Duplication Level	Relative count
1	100.0
2	30.51378073668985
3	12.833620638411698
4	7.221264538627673
5	4.886167746537478
6	3.617071865897878
7	2.8354039113118943
8	2.3133012344211297
9	1.9685351403832054
10++	31.952287542848087
>>END_MODULE
>>Overrepresented sequences	warn
#Sequence	Count	Percentage	Possible Source
TTTTTTTTTTTTTTTTTTTTTTTTTTTTTTTTTTTTTTTTTTTTTTTTTT	60881	0.32401393449916827	No Hit
>>END_MODULE
>>Kmer Content	fail
#Sequence	Count	Obs/Exp Overall	Obs/Exp Max	Max Obs/Exp Position
TTTTT	16722725	7.7578034	11.3109	2
AAAAA	10034845	4.9796686	6.0614867	2
GGAGG	3969270	2.4565282	5.0880075	1
CTCCT	4084805	2.4271202	7.404637	1
CTCCA	3838460	2.3116846	6.496755	1
CTGGA	3728330	2.184193	6.390899	1
GAAGA	3900910	2.1618042	5.103124	2
GGGGG	3037970	1.9868948	6.602116	1
GTTTT	3530880	1.7544726	6.835328	1
GGAAG	2884080	1.6890328	5.124942	1
GGAAA	2952900	1.6364366	6.061506	1
CTGGG	2525225	1.5633531	6.0796146	1
GTGGA	2688205	1.5532506	5.203307	1
GGGAG	2391290	1.4799374	5.7339573	1
GTCCA	2419060	1.436881	5.02864	1
GGGGA	2222285	1.3753425	5.5783353	1
GGGAA	2316150	1.3564303	5.1789007	1
>>END_MODULE
