##FastQC	0.10.1
>>Basic Statistics	pass
#Measure	Value	
Filename	L_goodei_NA_BW_2_R1.fastq.gz	
File type	Conventional base calls	
Encoding	Sanger / Illumina 1.9	
Total Sequences	14108284	
Filtered Sequences	0	
Sequence length	100	
%GC	49	
>>END_MODULE
>>Per base sequence quality	pass
#Base	Mean	Median	Lower Quartile	Upper Quartile	10th Percentile	90th Percentile
1	29.821883157441402	31.0	30.0	34.0	25.0	34.0
2	30.13697413519603	31.0	30.0	34.0	26.0	34.0
3	29.703075937513024	31.0	30.0	34.0	24.0	34.0
4	31.345320097043693	35.0	32.0	37.0	10.0	37.0
5	32.422470514486385	35.0	32.0	37.0	19.0	37.0
6	32.81285200950023	35.0	33.0	37.0	26.0	37.0
7	32.957116400548784	35.0	33.0	37.0	26.0	37.0
8	32.94385518465605	36.0	35.0	37.0	26.0	37.0
9	34.363307118002446	39.0	35.0	39.0	26.0	39.0
10-14	34.40240974735127	38.2	34.8	39.4	25.4	39.4
15-19	34.526092216459496	39.0	33.6	41.0	19.6	41.0
20-24	34.76375175039006	39.0	34.0	41.0	22.4	41.0
25-29	34.43132838834262	39.0	34.0	41.0	19.4	41.0
30-34	34.01724666160676	38.6	33.0	40.8	16.8	41.0
35-39	33.602565641576255	38.0	33.0	40.0	14.4	41.0
40-44	33.338549989495526	38.0	32.8	40.0	10.2	41.0
45-49	32.83338988639583	37.8	32.0	40.0	7.0	41.0
50-54	32.14893866610568	36.6	31.2	40.0	2.0	41.0
55-59	30.77206709192982	35.2	29.0	39.2	2.0	41.0
60-64	30.566172285729436	35.0	29.6	38.6	2.0	40.4
65-69	29.87693186499506	35.0	29.0	37.2	2.0	39.8
70-74	29.144038552101726	34.0	29.0	35.8	2.0	38.8
75-79	28.097267350161083	33.4	27.4	35.0	2.0	36.8
80-84	28.065567945754424	34.0	27.8	35.0	2.0	36.0
85-89	27.581014969644787	34.0	27.0	35.0	2.0	35.2
90-94	26.53774830447133	33.4	24.4	35.0	2.0	35.0
95-99	26.32300845375667	33.0	24.8	35.0	2.0	35.0
100	25.18984115998799	32.0	20.0	35.0	2.0	35.0
>>END_MODULE
>>Per sequence quality scores	pass
#Quality	Count
2	530922.0
3	160950.0
4	87300.0
5	65776.0
6	60887.0
7	61412.0
8	64899.0
9	69885.0
10	74467.0
11	77914.0
12	79657.0
13	82937.0
14	82950.0
15	81966.0
16	80242.0
17	79065.0
18	76867.0
19	76100.0
20	76131.0
21	79735.0
22	88436.0
23	104393.0
24	126439.0
25	155098.0
26	190108.0
27	227709.0
28	271501.0
29	319057.0
30	377609.0
31	455014.0
32	556347.0
33	706226.0
34	946029.0
35	1337684.0
36	1958233.0
37	2394306.0
38	1580870.0
39	262853.0
40	310.0
>>END_MODULE
>>Per base sequence content	fail
#Base	G	A	T	C
1	35.07954281994879	14.419528985921213	9.267272717337548	41.23365547679245
2	26.134336711794408	18.61614323533273	33.242756987551004	22.00676306532186
3	25.738548859030804	22.523063470520597	22.32536999832503	29.41301767212357
4	26.815376844410714	29.78213714213608	18.673127492590258	24.729358520862952
5	28.66798717449155	30.594046344706697	21.035543625633977	19.702422855167775
6	22.77079262368673	33.81591684120198	22.233586561660736	21.179703973450547
7	20.51897049775665	18.285742358176115	37.975313388983444	23.219973755083792
8	21.683948227979787	21.337430858690315	28.90101605159479	28.077604861735107
9	22.66116342865812	20.568099202907206	30.519476790658484	26.251260577776186
10-14	24.45238478141771	26.69496099991359	24.927314301990293	23.925339916678404
15-19	24.774837536962092	25.433580292501297	25.260864793119026	24.530717377417584
20-24	24.566251375875716	25.57845046577365	25.360124981493964	24.49517317685667
25-29	24.603103268826175	25.691004154216312	25.16446998143909	24.541422595518423
30-34	24.39770178917602	25.638641433536748	25.2783837265844	24.68527305070283
35-39	24.506140329920576	25.710664560423606	25.18041931231963	24.602775797336182
40-44	24.58814128606086	25.589548195022164	25.179839325089777	24.6424711938272
45-49	24.57818137173175	25.552717298228544	25.144546973300535	24.724554356739173
50-54	24.596338945861245	25.62867193766904	25.13278672518228	24.642202391287437
55-59	24.69591059563692	25.469377600715674	25.011845148358336	24.822866655289065
60-64	24.629228007409374	25.433370653137782	25.09967557627853	24.837725763174312
65-69	24.616951041318398	25.519832716301128	25.065046959016392	24.798169283364082
70-74	24.706097719545355	25.430358530841314	25.05976969479562	24.80377405481772
75-79	24.660498361457243	25.3465835161194	25.08843061354124	24.904487508882116
80-84	24.606474424372866	25.421157832904623	25.089844353334794	24.88252338938772
85-89	24.696463765924918	25.39312821766625	24.99978628576699	24.91062173064184
90-94	24.55577534446603	25.329089462056203	25.025037049275824	25.090098144201946
95-99	24.636643715510655	25.43508381590836	25.015570088094606	24.91270238048638
100	24.93044909244997	25.125676476850998	24.641740524929308	25.30213390576972
>>END_MODULE
>>Per base GC content	fail
#Base	%GC
1	76.31319829674123
2	48.14109977711627
3	55.15156653115437
4	51.54473536527367
5	48.370410029659325
6	43.95049659713728
7	43.73894425284044
8	49.761553089714894
9	48.91242400643431
10-14	48.37772469809612
15-19	49.30555491437968
20-24	49.06142455273238
25-29	49.144525864344594
30-34	49.082974839878844
35-39	49.10891612725676
40-44	49.23061247988806
45-49	49.30273572847093
50-54	49.238541337148675
55-59	49.518777250925986
60-64	49.466953770583686
65-69	49.41512032468248
70-74	49.50987177436307
75-79	49.56498587033936
80-84	49.488997813760584
85-89	49.607085496566754
90-94	49.645873488667974
95-99	49.54934609599703
100	50.23258299821969
>>END_MODULE
>>Per sequence GC content	warn
#GC Content	Count
0	3989.0
1	2765.5
2	1391.0
3	1201.0
4	1104.0
5	977.5
6	929.5
7	938.5
8	981.5
9	1067.5
10	1112.5
11	1169.5
12	1273.0
13	1414.0
14	1596.0
15	1876.5
16	2224.5
17	2829.5
18	3827.0
19	5388.5
20	7707.0
21	11114.5
22	16014.0
23	22294.5
24	30675.0
25	41843.0
26	54825.5
27	69680.5
28	85970.5
29	103839.0
30	123090.0
31	144077.0
32	165800.5
33	184930.0
34	203199.0
35	222336.5
36	238694.5
37	255367.0
38	271502.0
39	286551.0
40	303012.5
41	319236.0
42	332861.0
43	346340.5
44	366475.0
45	389678.5
46	412376.0
47	435920.0
48	457213.5
49	474000.5
50	490280.5
51	511778.0
52	530774.5
53	534907.5
54	524652.0
55	515935.0
56	509300.5
57	486417.0
58	455563.0
59	426143.5
60	391630.5
61	352193.0
62	311830.0
63	274212.0
64	239431.0
65	206356.0
66	175738.5
67	149429.5
68	125857.5
69	102469.0
70	82435.5
71	65819.0
72	51811.5
73	40778.0
74	32906.0
75	26193.5
76	20387.5
77	15368.0
78	11591.5
79	8898.5
80	6513.5
81	5109.5
82	3959.0
83	2727.0
84	1807.5
85	1264.5
86	882.0
87	642.0
88	473.0
89	325.5
90	222.5
91	164.0
92	129.5
93	101.5
94	72.5
95	49.0
96	31.5
97	18.5
98	9.5
99	5.5
100	2.0
>>END_MODULE
>>Per base N content	pass
#Base	N-Count
1	0.12009256405669179
2	0.0034022564331707525
3	0.004146500027926854
4	3.9471065368403413
5	0.007690517145813055
6	0.012609612905439103
7	0.013701170177748051
8	0.015657467626821235
9	0.01877620269056109
10-14	0.02149942544394485
15-19	0.2002412199811118
20-24	0.005127483966157756
25-29	0.005568359695622799
30-34	0.015701413439083024
35-39	0.016181982160268393
40-44	0.018495516534824504
45-49	0.007343203468260209
50-54	0.008424837492639076
55-59	0.9542648843757326
60-64	0.002228477963726843
65-69	0.0022851822376130223
70-74	0.0033001887401756303
75-79	0.0031428343801414827
80-84	0.0035227530151788838
85-89	0.00467952020245694
90-94	1.0219414352588876
95-99	0.010117460068141525
100	0.004479637637008157
>>END_MODULE
>>Sequence Length Distribution	pass
#Length	Count
100	1.4108284E7
>>END_MODULE
>>Sequence Duplication Levels	warn
#Total Duplicate Percentage	40.91781267531929
#Duplication Level	Relative count
1	100.0
2	19.30243135627708
3	7.923652061506052
4	4.472514582552006
5	3.144724347874658
6	2.2167074951524484
7	1.8496500985469315
8	1.4849865545279721
9	1.2958722001899123
10++	17.899633740554258
>>END_MODULE
>>Overrepresented sequences	pass
>>END_MODULE
>>Kmer Content	warn
#Sequence	Count	Obs/Exp Overall	Obs/Exp Max	Max Obs/Exp Position
TTTTT	7594410	5.6740875	7.5358763	2
AAAAA	7227085	5.115996	7.858856	2
CTCCT	3209225	2.4719265	6.37561	1
CTCCA	2933355	2.2351828	5.849605	1
GAAGA	2982280	2.2288158	5.1185303	2
CTGGA	2831665	2.1845036	5.7824235	1
GAAAA	2794840	2.0328405	5.281351	1
GTTTT	2502080	1.9001838	6.5275025	1
GGAAA	2152805	1.6089053	5.517502	1
>>END_MODULE
