##FastQC	0.10.1
>>Basic Statistics	pass
#Measure	Value	
Filename	F_parvapinis_NA_BW_2_R2.fastq.gz	
File type	Conventional base calls	
Encoding	Sanger / Illumina 1.9	
Total Sequences	7691355	
Filtered Sequences	0	
Sequence length	100	
%GC	49	
>>END_MODULE
>>Per base sequence quality	fail
#Base	Mean	Median	Lower Quartile	Upper Quartile	10th Percentile	90th Percentile
1	28.51919837271846	31.0	30.0	34.0	16.0	34.0
2	28.537616973862214	31.0	30.0	34.0	16.0	34.0
3	28.571572759286237	31.0	30.0	34.0	16.0	34.0
4	31.757705241794195	37.0	33.0	37.0	16.0	37.0
5	31.67980089334064	37.0	33.0	37.0	16.0	37.0
6	31.555779183251847	36.0	32.0	37.0	10.0	37.0
7	31.591667918071654	36.0	32.0	37.0	11.0	37.0
8	31.529384614284478	36.0	32.0	37.0	10.0	37.0
9	32.80838538853037	38.0	33.0	39.0	10.0	39.0
10-14	32.82904765155165	38.2	33.0	39.4	9.2	39.4
15-19	33.41763322587502	39.0	33.0	41.0	4.2	41.0
20-24	33.07364275865566	39.0	32.0	41.0	2.0	41.0
25-29	32.79268555410587	38.2	32.0	40.8	2.0	41.0
30-34	32.432294153630934	38.0	31.4	40.0	2.0	41.0
35-39	31.96263667455214	38.0	30.6	40.0	2.0	41.0
40-44	31.452437938438674	37.8	30.0	40.0	2.0	41.0
45-49	30.94224068450877	37.0	29.6	40.0	2.0	41.0
50-54	30.243124807007348	36.0	28.6	39.4	2.0	40.6
55-59	30.185427119148706	35.6	28.6	39.6	2.0	41.0
60-64	29.395870376546135	35.0	27.8	38.8	2.0	40.6
65-69	28.62684026416672	34.8	26.4	37.2	2.0	39.8
70-74	27.874927343751523	34.0	26.0	35.8	2.0	39.0
75-79	27.137602672090942	34.0	25.2	35.0	2.0	37.2
80-84	26.466654107111168	33.8	23.8	35.0	2.0	36.0
85-89	25.907900857521206	33.0	21.4	35.0	2.0	35.2
90-94	25.361465541507318	33.0	18.0	35.0	2.0	35.0
95-99	24.69310541510566	33.0	3.6	35.0	2.0	35.0
100	23.467982689656115	31.0	2.0	34.0	2.0	35.0
>>END_MODULE
>>Per sequence quality scores	pass
#Quality	Count
2	623523.0
3	77959.0
4	49805.0
5	39208.0
6	37110.0
7	37894.0
8	39946.0
9	42924.0
10	44153.0
11	44809.0
12	43484.0
13	42624.0
14	43175.0
15	43676.0
16	44099.0
17	43020.0
18	43004.0
19	43067.0
20	44348.0
21	46694.0
22	51402.0
23	59202.0
24	70415.0
25	83874.0
26	98944.0
27	115819.0
28	135362.0
29	157578.0
30	185893.0
31	221995.0
32	273001.0
33	345669.0
34	455578.0
35	637225.0
36	965875.0
37	1300475.0
38	909320.0
39	149084.0
40	122.0
>>END_MODULE
>>Per base sequence content	fail
#Base	G	A	T	C
1	33.366529964707766	13.504329805931087	7.758073565139998	45.371066664221146
2	24.10724577121211	17.29118981599169	39.6599172754874	18.9416471373088
3	25.022771578884107	22.158665024806126	22.743805493121435	30.07475790318833
4	26.73643018375462	29.654719893100328	19.00908626382947	24.59976365931558
5	28.839317445425973	30.587942070069346	21.392882026017787	19.179858458486898
6	22.22838402117612	33.62253027747998	23.155645870790327	20.993439830553566
7	20.19316650653146	18.30086530248643	38.39217489105992	23.113793299922182
8	20.920746079929923	21.030881490422043	30.016289426545328	28.032083003102702
9	22.572255884336467	20.154984201586917	30.956134425970177	26.31662548810644
10-14	24.27886984825228	26.398615219911935	25.050096665772898	24.272418266062886
15-19	24.70022904619862	25.000488447698128	25.66813336258556	24.631149143517693
20-24	24.6013106441269	25.586459613752126	25.448686583813966	24.363543158307003
25-29	24.681204289005933	25.66233746775809	25.334189319956764	24.322268923279218
30-34	24.42681763870814	25.629836420477027	25.348675985505388	24.59466995530945
35-39	24.639747115324756	25.500523682327152	25.292250014041258	24.56747918830683
40-44	25.01941952277777	25.333939662303184	25.0575701496669	24.58907066525214
45-49	24.82330747035981	25.452079865983603	25.135579397474228	24.589033266182362
50-54	24.81351722210636	25.498912157233256	25.04007838348503	24.647492237175353
55-59	25.233081639135	25.15008116307683	24.883817030848217	24.73302016693995
60-64	25.14564967206003	25.089300299914928	24.85764639665518	24.907403631369863
65-69	24.975194718338265	25.092259929789503	25.01815376047758	24.91439159139466
70-74	25.238439697240896	25.18025102005178	24.773263351487216	24.80804593122011
75-79	25.163098986123504	25.14024688698047	24.808901858014615	24.88775226888141
80-84	25.20022503853812	25.062237074305372	24.84229175470383	24.895246132452677
85-89	25.234668170935805	25.233026042850227	24.62185511652239	24.910450669691585
90-94	25.271172808868858	25.122259846952215	24.692742453583147	24.91382489059578
95-99	25.089899777059433	25.101773737583706	24.792181620228064	25.016144865128805
100	25.468203438453575	24.608355838776884	24.366746522173827	25.556694200595715
>>END_MODULE
>>Per base GC content	fail
#Base	%GC
1	78.73759662892891
2	43.048892908520905
3	55.09752948207244
4	51.3361938430702
5	48.01917590391287
6	43.22182385172969
7	43.30695980645364
8	48.952829083032626
9	48.8888813724429
10-14	48.55128811431516
15-19	49.33137818971631
20-24	48.9648538024339
25-29	49.00347321228515
30-34	49.021487594017586
35-39	49.20722630363159
40-44	49.60849018802991
45-49	49.41234073654217
50-54	49.46100945928171
55-59	49.96610180607495
60-64	50.0530533034299
65-69	49.88958630973293
70-74	50.046485628461
75-79	50.050851255004915
80-84	50.095471170990805
85-89	50.145118840627376
90-94	50.18499769946464
95-99	50.10604464218823
100	51.02489763904929
>>END_MODULE
>>Per sequence GC content	warn
#GC Content	Count
0	4246.0
1	2780.5
2	1178.0
3	1073.5
4	1062.0
5	1010.0
6	978.0
7	945.5
8	966.0
9	1007.5
10	1020.0
11	1009.5
12	1022.5
13	1059.0
14	1073.0
15	1195.0
16	1389.0
17	1565.0
18	1849.0
19	2306.5
20	3152.5
21	4511.5
22	6472.0
23	8922.5
24	11991.5
25	16042.5
26	21488.0
27	28358.0
28	35607.5
29	43173.0
30	51460.5
31	62137.5
32	74548.0
33	86126.0
34	97163.5
35	108862.5
36	118395.5
37	124746.5
38	131815.5
39	140502.5
40	150726.0
41	162133.0
42	176304.0
43	194776.0
44	221421.5
45	239169.0
46	251940.0
47	266525.0
48	278257.5
49	289007.5
50	300449.0
51	311474.5
52	321980.5
53	329190.5
54	317054.0
55	305027.5
56	293553.0
57	273019.0
58	251679.0
59	233092.0
60	207859.5
61	175479.5
62	146857.0
63	123412.5
64	105042.0
65	88515.0
66	76250.0
67	67892.5
68	58930.5
69	46787.0
70	36056.0
71	28661.5
72	22341.0
73	20228.5
74	19970.0
75	18894.0
76	15836.5
77	12055.5
78	8561.5
79	5387.0
80	4486.5
81	4606.0
82	4618.0
83	4390.5
84	4469.5
85	3852.0
86	2852.5
87	2289.0
88	1695.5
89	1330.0
90	995.0
91	662.0
92	437.0
93	304.5
94	192.5
95	119.0
96	77.0
97	45.0
98	23.5
99	16.0
100	7.0
>>END_MODULE
>>Per base N content	pass
#Base	N-Count
1	0.04977016403481571
2	0.06028846672660409
3	0.05383966804288711
4	0.05391767770438369
5	0.051993439387468136
6	0.05468477270910002
7	0.05331960363290993
8	0.04610370994447662
9	0.05859825739417826
10-14	0.04314454345170649
15-19	0.04856881524776844
20-24	0.0510807263479582
25-29	0.031851344789052126
30-34	0.04738566871507036
35-39	0.04286890931441859
40-44	0.09202019670136147
45-49	0.07137363962526759
50-54	0.065554118877623
55-59	0.0855479951191955
60-64	0.08376157387092392
65-69	0.07664449242038626
70-74	0.06921537232386231
75-79	0.07032570983916357
80-84	0.0861590708009187
85-89	0.08068019224180914
90-94	0.05783896335561159
95-99	0.07319386506018771
100	0.07550035071843648
>>END_MODULE
>>Sequence Length Distribution	pass
#Length	Count
100	7691355.0
>>END_MODULE
>>Sequence Duplication Levels	warn
#Total Duplicate Percentage	40.27049659371429
#Duplication Level	Relative count
1	100.0
2	15.330524501821847
3	6.310378316015451
4	3.5984198497250803
5	2.39578237153977
6	1.8306084746876574
7	1.4304595141256964
8	1.0573279103899993
9	0.9558302725832244
10++	13.130435417564202
>>END_MODULE
>>Overrepresented sequences	warn
#Sequence	Count	Percentage	Possible Source
CTGCAAGTCATTTAGCACCACGTTCTCCACAAACATGCTGTGCGTAATCG	9693	0.1260246081477191	No Hit
>>END_MODULE
>>Kmer Content	warn
#Sequence	Count	Obs/Exp Overall	Obs/Exp Max	Max Obs/Exp Position
TTTTT	3854020	5.235245	9.410638	2
AAAAA	3093845	4.1864557	6.3424673	2
CTGCT	1682990	2.353226	5.0727057	1
CTCCA	1575995	2.2090127	7.610188	1
GAAGA	1599020	2.1997979	5.3344455	2
CTCCT	1506365	2.1130445	7.6497188	1
CTCTG	1448520	2.0253804	5.753093	1
CTGGA	1446225	2.0141256	7.075537	1
GAAAA	1450710	1.9793335	5.1425476	2
CTGCA	1413915	1.9754697	6.1455774	1
CTTCA	1414855	1.9620205	5.553999	1
CTTTT	1368060	1.8783654	6.1474123	1
CTGAA	1338460	1.8486967	6.04625	1
GTTTT	1300650	1.7800778	7.760413	1
CTTTG	1251420	1.731145	5.6645827	1
GGAAA	1204020	1.65639	6.3344603	1
CTCAG	1177770	1.6455367	6.424495	1
CTGGG	1038585	1.458422	6.132229	1
CTCCC	969575	1.3747116	5.1853485	1
>>END_MODULE
