##FastQC	0.10.1
>>Basic Statistics	pass
#Measure	Value	
Filename	F_parvapinis_NA_FW_3_R2.fastq.gz	
File type	Conventional base calls	
Encoding	Sanger / Illumina 1.9	
Total Sequences	8074759	
Filtered Sequences	0	
Sequence length	100	
%GC	49	
>>END_MODULE
>>Per base sequence quality	pass
#Base	Mean	Median	Lower Quartile	Upper Quartile	10th Percentile	90th Percentile
1	29.982266096115065	31.0	31.0	34.0	26.0	34.0
2	30.04168805533391	31.0	31.0	34.0	26.0	34.0
3	30.080172176036463	31.0	31.0	34.0	26.0	34.0
4	33.41960150141942	37.0	35.0	37.0	27.0	37.0
5	33.356937340173246	37.0	35.0	37.0	27.0	37.0
6	33.30559128761614	37.0	35.0	37.0	27.0	37.0
7	33.32695192512866	37.0	35.0	37.0	27.0	37.0
8	33.26711558821756	37.0	35.0	37.0	27.0	37.0
9	34.714835823583094	39.0	35.0	39.0	27.0	39.0
10-14	34.78605214099888	39.2	35.2	39.4	27.0	39.4
15-19	35.50011699420379	40.0	36.0	41.0	25.6	41.0
20-24	35.20295899852862	39.6	35.2	41.0	24.4	41.0
25-29	34.89998393760111	39.0	35.0	41.0	22.6	41.0
30-34	34.061744554852964	38.8	33.6	41.0	17.2	41.0
35-39	33.87521205276839	38.0	33.0	40.2	15.6	41.0
40-44	33.48893969467076	38.0	33.0	40.0	11.2	41.0
45-49	33.08408092427279	38.0	33.0	40.0	7.8	41.0
50-54	32.27043586068637	37.0	31.4	39.6	2.8	40.6
55-59	32.186244344877665	36.4	31.8	40.0	2.0	41.0
60-64	31.42439490763749	35.2	31.0	39.0	2.0	41.0
65-69	30.594921631716808	35.0	30.2	37.4	2.0	40.0
70-74	29.851624847255504	35.0	30.0	36.2	2.0	39.0
75-79	29.08648612299141	34.4	29.0	35.2	2.0	37.6
80-84	28.418864191488563	34.0	29.0	35.0	2.0	36.2
85-89	27.846012246309765	34.0	27.8	35.0	2.0	35.4
90-94	27.28139972970091	34.0	26.8	35.0	2.0	35.0
95-99	26.633984791372722	34.0	25.2	35.0	2.0	35.0
100	25.335954175226778	33.0	20.0	35.0	2.0	35.0
>>END_MODULE
>>Per sequence quality scores	pass
#Quality	Count
2	362032.0
3	52010.0
4	34967.0
5	29744.0
6	30631.0
7	31166.0
8	33535.0
9	36521.0
10	37023.0
11	38671.0
12	37967.0
13	38456.0
14	38737.0
15	40050.0
16	40714.0
17	39559.0
18	40020.0
19	40201.0
20	41879.0
21	44616.0
22	48802.0
23	55133.0
24	65798.0
25	78895.0
26	93629.0
27	110821.0
28	131735.0
29	157137.0
30	187145.0
31	226544.0
32	284532.0
33	368189.0
34	500591.0
35	722200.0
36	1127527.0
37	1544153.0
38	1090359.0
39	192899.0
40	171.0
>>END_MODULE
>>Per base sequence content	fail
#Base	G	A	T	C
1	32.45225174151493	14.355796815246539	7.6884471043798905	45.50350433885864
2	24.02487567428925	17.063168674691333	40.406837960556516	18.5051176904629
3	24.926554551449726	22.341998283619542	22.9591221706328	29.772324994297932
4	26.840720389593447	29.359427805375233	19.04045182492775	24.75939998010357
5	28.7805806996933	30.41608609169942	21.50515758722997	19.298175621377318
6	21.91486807565845	33.48975032621974	23.511557773754824	21.08382382436698
7	20.117020661104295	18.14998432183804	38.64567192910274	23.08732308795492
8	20.3054312798205	20.50939078527259	30.941457352738933	28.243720582167974
9	22.030257515195903	19.972170162410098	31.54361692743925	26.453955394954754
10-14	24.033703014329912	26.5025212842724	25.37003013400807	24.093745567389615
15-19	24.587326383756437	24.941006092714456	25.912095107096984	24.559572416432125
20-24	24.37260277502893	25.43338903446404	25.753409314350755	24.440598876156276
25-29	24.41250776125273	25.513305551510946	25.67181460609727	24.402372081139056
30-34	24.495946514827498	25.596893166080072	25.473268008066754	24.43389231102568
35-39	24.41233865296701	25.437552872025265	25.49035550817711	24.659752966830617
40-44	24.92525495868273	25.27162075313054	25.168579197664165	24.63454509052257
45-49	24.692967362334265	25.382446989058323	25.25228644094451	24.672299207662906
50-54	24.7652484971346	25.495592839819857	25.04044367303524	24.69871499001031
55-59	25.22941231627006	25.01864350347116	24.96265412601112	24.789290054247655
60-64	25.115383738417265	24.959441213179858	24.92679591284409	24.998379135558793
65-69	24.909207923007955	25.033600832200708	25.034217963788453	25.022973281002887
70-74	25.241320482602305	25.111466761412753	24.784697350493374	24.86251540549157
75-79	25.107933348976136	25.095824551605233	24.85358664758998	24.942655451828646
80-84	25.20206830065445	24.89956128713231	24.89017060020542	25.008199812007813
85-89	25.210879311741675	25.19818522662771	24.578524527478045	25.01241093415257
90-94	25.255680795934442	25.105654532231004	24.681014212137963	24.95765045969659
95-99	25.019912655418704	25.030365219734062	24.80379634756972	25.14592577727751
100	25.341164249252795	24.5044757944309	24.463686504320666	25.69067345199564
>>END_MODULE
>>Per base GC content	fail
#Base	%GC
1	77.95575608037358
2	42.52999336475215
3	54.69887954574766
4	51.60012036969701
5	48.078756321070614
6	42.998691900025435
7	43.20434374905921
8	48.54915186198848
9	48.48421291015065
10-14	48.12744858171953
15-19	49.14689880018856
20-24	48.8132016511852
25-29	48.81487984239178
30-34	48.92983882585318
35-39	49.072091619797625
40-44	49.55980004920529
45-49	49.36526656999717
50-54	49.46396348714491
55-59	50.01870237051772
60-64	50.11376287397605
65-69	49.93218120401084
70-74	50.103835888093876
75-79	50.05058880080478
80-84	50.21026811266227
85-89	50.22329024589425
90-94	50.21333125563103
95-99	50.16583843269622
100	51.03183770124844
>>END_MODULE
>>Per sequence GC content	warn
#GC Content	Count
0	10891.0
1	6959.5
2	2659.0
3	2253.0
4	2222.0
5	2110.5
6	2005.5
7	2000.5
8	2028.5
9	2026.0
10	1973.0
11	1991.5
12	1986.5
13	1984.5
14	2025.0
15	2077.0
16	2195.0
17	2391.5
18	2759.5
19	3304.0
20	4223.0
21	5650.5
22	7759.0
23	10793.5
24	14309.5
25	19047.0
26	25668.5
27	33307.5
28	41297.0
29	49309.0
30	58362.0
31	70242.0
32	84121.0
33	97080.5
34	108000.0
35	119966.5
36	129746.0
37	135043.5
38	140551.5
39	146529.5
40	154871.5
41	165778.5
42	180440.5
43	199736.0
44	228643.5
45	246609.5
46	259179.5
47	272248.0
48	279622.5
49	287243.0
50	298755.0
51	311838.0
52	324331.5
53	333732.0
54	318623.0
55	306116.5
56	298324.0
57	279319.5
58	259028.5
59	243450.5
60	219349.5
61	183821.0
62	152777.0
63	128605.5
64	111480.0
65	96818.0
66	86077.0
67	79875.0
68	71726.0
69	56656.0
70	42709.0
71	33873.0
72	26356.0
73	24285.0
74	25260.0
75	25223.0
76	21355.0
77	16149.5
78	10971.5
79	6672.0
80	5964.5
81	6651.0
82	6830.5
83	6442.0
84	7003.5
85	6192.5
86	4197.5
87	3108.0
88	2257.5
89	1631.0
90	1147.5
91	788.5
92	490.0
93	309.5
94	190.0
95	92.5
96	57.5
97	37.5
98	17.0
99	8.0
100	6.5
>>END_MODULE
>>Per base N content	pass
#Base	N-Count
1	0.03778440941704886
2	0.05231115876028003
3	0.03866369262537742
4	0.036657440797923505
5	0.04628001900737843
6	0.03400720690239795
7	0.03742526557139352
8	0.04395177614588869
9	0.03525801822692169
10-14	0.03076252802096013
15-19	0.047565506289413716
20-24	0.04592087516172309
25-29	0.02831539616228794
30-34	0.05443134587670047
35-39	0.05360655345874719
40-44	0.09082871699328736
45-49	0.06613200468274037
50-54	0.06366505799120444
55-59	0.07094205536041386
60-64	0.06180989426433656
65-69	0.06399200273345619
70-74	0.060799337788285696
75-79	0.05688590829769656
80-84	0.06268670061855716
85-89	0.06017269369896984
90-94	0.053319238382222925
95-99	0.04968817025994213
100	0.049698077676374
>>END_MODULE
>>Sequence Length Distribution	pass
#Length	Count
100	8074759.0
>>END_MODULE
>>Sequence Duplication Levels	warn
#Total Duplicate Percentage	47.85447836350598
#Duplication Level	Relative count
1	100.0
2	17.240526864691567
3	6.966665379118544
4	4.078179921974584
5	2.8058248677044304
6	2.0927807176793234
7	1.704971223299471
8	1.3689211634284832
9	1.1618834253930241
10++	17.08602109003824
>>END_MODULE
>>Overrepresented sequences	warn
#Sequence	Count	Percentage	Possible Source
TTTTTTTTTTTTTTTTTTTTTTTTTTTTTTTTTTTTTTTTTTTTTTTTTT	20084	0.24872568952212692	No Hit
CTGCAAGTCATTTAGCACCACGTTCTCCACAAACATGCTGTGCGTAATCG	13404	0.16599876231600225	No Hit
>>END_MODULE
>>Kmer Content	fail
#Sequence	Count	Obs/Exp Overall	Obs/Exp Max	Max Obs/Exp Position
TTTTT	5882310	7.414934	12.666231	2
AAAAA	3604120	4.716657	6.5451293	2
CTGCT	1699705	2.2400477	5.2788587	1
AAGAA	1646460	2.175238	5.237455	2
GAAGA	1629285	2.173067	5.523558	2
CTCCA	1626805	2.153144	7.67175	1
GAAAA	1517765	2.005211	5.491054	2
CTCCT	1511330	1.985371	7.483972	1
CTGGA	1430285	1.9052972	6.9754205	1
CTCTG	1422795	1.8751068	5.4243164	1
CTGCA	1404330	1.8646959	6.2367554	1
CTTTT	1448450	1.851131	6.311276	1
CTTCA	1399185	1.8265785	5.557899	1
CTGAA	1381040	1.8223251	6.28521	1
GTTTT	1368430	1.754517	7.299482	1
CTTTG	1302365	1.6929419	5.692666	1
GGAAA	1232400	1.6437197	6.50529	1
CTCAG	1206370	1.6018407	5.931544	1
GGGAA	1086295	1.4626633	5.050182	1
CTGGG	1066050	1.4336337	6.437236	1
CTCCC	1057595	1.4085625	5.9911146	1
CTTGG	966600	1.2780026	5.0827365	1
>>END_MODULE
