##FastQC	0.10.1
>>Basic Statistics	pass
#Measure	Value	
Filename	F_parvapinis_NA_FW_2_R2.fastq.gz	
File type	Conventional base calls	
Encoding	Sanger / Illumina 1.9	
Total Sequences	7862298	
Filtered Sequences	0	
Sequence length	100	
%GC	49	
>>END_MODULE
>>Per base sequence quality	pass
#Base	Mean	Median	Lower Quartile	Upper Quartile	10th Percentile	90th Percentile
1	29.865353361065683	31.0	31.0	34.0	26.0	34.0
2	29.9025492292457	31.0	31.0	34.0	26.0	34.0
3	29.939817976881567	31.0	31.0	34.0	26.0	34.0
4	33.29039525085414	37.0	35.0	37.0	27.0	37.0
5	33.22179113536526	37.0	35.0	37.0	27.0	37.0
6	33.11500988642252	37.0	35.0	37.0	26.0	37.0
7	33.156151929117925	37.0	35.0	37.0	27.0	37.0
8	33.11443728029642	37.0	35.0	37.0	26.0	37.0
9	34.52570266352153	39.0	35.0	39.0	27.0	39.0
10-14	34.59582422340135	39.2	35.2	39.4	26.4	39.4
15-19	35.28876849999835	39.8	35.8	41.0	25.0	41.0
20-24	34.95416006872291	39.0	35.0	41.0	23.2	41.0
25-29	34.696747592116196	39.0	34.8	41.0	21.2	41.0
30-34	34.352124149962265	39.0	34.0	41.0	18.2	41.0
35-39	33.89264617036902	38.2	33.2	40.2	15.4	41.0
40-44	33.39193719189988	38.0	33.0	40.0	10.0	41.0
45-49	32.881580041865625	38.0	32.0	40.0	7.4	41.0
50-54	32.16505617060051	37.0	31.4	39.6	2.6	40.6
55-59	32.119523299676516	36.4	31.6	40.0	2.0	41.0
60-64	31.31928123304408	35.2	31.0	39.0	2.0	41.0
65-69	30.540165330797684	35.0	30.2	37.4	2.0	40.0
70-74	29.77057590541595	35.0	29.8	36.2	2.0	39.0
75-79	29.01983921240329	34.0	29.0	35.2	2.0	37.6
80-84	28.34147504966105	34.0	29.0	35.0	2.0	36.2
85-89	27.779222893866404	34.0	27.4	35.0	2.0	35.4
90-94	27.23726800993806	34.0	26.8	35.0	2.0	35.0
95-99	26.57460747481207	34.0	25.2	35.0	2.0	35.0
100	25.280601676507302	32.0	20.0	35.0	2.0	35.0
>>END_MODULE
>>Per sequence quality scores	pass
#Quality	Count
2	365155.0
3	51952.0
4	36344.0
5	29948.0
6	29172.0
7	29984.0
8	32004.0
9	35113.0
10	36907.0
11	37260.0
12	37045.0
13	36207.0
14	37078.0
15	38179.0
16	38412.0
17	38093.0
18	37810.0
19	38580.0
20	40126.0
21	42866.0
22	46991.0
23	53860.0
24	64592.0
25	77622.0
26	93148.0
27	109285.0
28	131177.0
29	156394.0
30	185745.0
31	226933.0
32	285765.0
33	368098.0
34	497263.0
35	710123.0
36	1090258.0
37	1477535.0
38	1044955.0
39	174192.0
40	127.0
>>END_MODULE
>>Per base sequence content	fail
#Base	G	A	T	C
1	34.21758108863329	13.949278312945168	7.612579414079082	44.22056118434246
2	24.510687110426414	16.9852143854929	39.144343977833856	19.35975452624683
3	25.618254591783106	22.063184116447758	22.369298748589742	29.949262543179394
4	27.523591877413224	28.98086169030828	18.646385692185984	24.84916074009252
5	29.254908028779482	30.061063892111804	21.316869275578235	19.367158803530476
6	22.51413558813896	33.25568102142206	23.163429718570917	21.06675367186806
7	20.42684862695676	18.39067501018933	38.2001959354403	22.982280427413603
8	20.68846175036483	20.841175019305467	30.500664637360696	27.969698592969007
9	22.300200185716758	20.191142936877554	31.255021027071965	26.253635850333723
10-14	24.26286608457979	26.530616918880163	25.180770805953166	24.025746190586876
15-19	24.72090406010502	25.020488068898445	25.69825168563562	24.560356185360916
20-24	24.53507605236708	25.494956640284077	25.565878687466736	24.404088619882106
25-29	24.520920411119064	25.569725259484983	25.534351959853062	24.37500236954289
30-34	24.379849122834433	25.605121998585602	25.43395743749311	24.58107144108686
35-39	24.493247305361596	25.513652742125693	25.389222861253113	24.603877091259598
40-44	24.93601338711433	25.340748270438553	25.15101685928572	24.572221483161403
45-49	24.755439891538426	25.461958750411156	25.184509861848543	24.598091496201874
50-54	24.777746472542077	25.558872485132046	25.055678082647333	24.607702959678548
55-59	25.15168959502581	25.180508415935833	24.96929599031932	24.69850599871904
60-64	25.07892790128996	25.105485414675766	24.9702895456318	24.845297138402476
65-69	24.862232024486655	25.162921068012373	25.100026881556197	24.874820025944775
70-74	25.151109136556965	25.195798781393286	24.876200494897663	24.776891587152086
75-79	25.034186532595964	25.20000922467474	24.916671201792358	24.849133040936938
80-84	25.083007667306596	25.098048590430267	24.933428385450082	24.88551535681306
85-89	25.161331924598883	25.25910036285952	24.699334367626076	24.880233344915517
90-94	25.143648003007762	25.189147767797117	24.8026479198575	24.864556309337623
95-99	24.948066300817743	25.210069038575423	24.877028473983156	24.96483618662368
100	25.277487542732857	24.72223880405144	24.48712614356815	25.51314750964755
>>END_MODULE
>>Per base GC content	fail
#Base	%GC
1	78.43814227297575
2	43.87044163667324
3	55.56751713496249
4	52.37275261750574
5	48.62206683230996
6	43.58088926000702
7	43.40912905437037
8	48.65816034333383
9	48.55383603605048
10-14	48.28861227516667
15-19	49.28126024546594
20-24	48.939164672249184
25-29	48.895922780661955
30-34	48.96092056392129
35-39	49.0971243966212
40-44	49.50823487027573
45-49	49.353531387740304
50-54	49.385449432220625
55-59	49.85019559374485
60-64	49.92422503969243
65-69	49.73705205043143
70-74	49.928000723709054
75-79	49.8833195735329
80-84	49.968523024119655
85-89	50.0415652695144
90-94	50.008204312345384
95-99	49.91290248744142
100	50.79063505238041
>>END_MODULE
>>Per sequence GC content	warn
#GC Content	Count
0	5604.0
1	3592.5
2	1441.0
3	1279.5
4	1215.5
5	1143.0
6	1091.0
7	1106.5
8	1133.0
9	1156.0
10	1159.5
11	1128.0
12	1212.0
13	1292.5
14	1334.0
15	1452.0
16	1561.0
17	1751.0
18	2160.5
19	2789.5
20	3679.0
21	4960.5
22	6733.0
23	9268.0
24	12583.0
25	16995.0
26	22917.0
27	29710.5
28	37101.5
29	44968.0
30	54214.5
31	65826.0
32	79515.5
33	92587.5
34	103481.0
35	115138.0
36	125388.5
37	131995.0
38	138289.5
39	146096.0
40	156455.0
41	167300.5
42	181332.0
43	198147.0
44	221966.0
45	240053.0
46	253353.5
47	268269.5
48	280664.5
49	290929.0
50	302185.5
51	313861.0
52	322698.5
53	329302.0
54	318535.5
55	307902.0
56	297950.5
57	277664.0
58	256464.5
59	237623.5
60	211912.5
61	178675.5
62	149700.0
63	126202.5
64	107398.0
65	91963.0
66	80576.5
67	72299.5
68	64126.5
69	51097.0
70	38192.0
71	29257.5
72	22278.5
73	20265.0
74	20266.0
75	20002.5
76	16863.5
77	12736.0
78	8899.0
79	5334.0
80	4676.0
81	4969.5
82	4973.0
83	4585.5
84	4690.5
85	4114.5
86	2921.0
87	2241.0
88	1616.5
89	1183.5
90	856.0
91	598.5
92	404.0
93	249.0
94	129.0
95	58.0
96	38.5
97	23.0
98	9.5
99	6.5
100	5.0
>>END_MODULE
>>Per base N content	pass
#Base	N-Count
1	0.04438905775385263
2	0.053254150376899984
3	0.04838280105892705
4	0.04791220073316987
5	0.04634777262322033
6	0.04787404395000037
7	0.045622793742999816
8	0.03974664913489669
9	0.05208400902636862
10-14	0.03686454011282706
15-19	0.04240236124349395
20-24	0.0448825521495115
25-29	0.027119297691336555
30-34	0.04360302802056091
35-39	0.03728935229878084
40-44	0.08881627229087476
45-49	0.06628087615096757
50-54	0.06228967663143778
55-59	0.08039379835259361
60-64	0.07810439136242356
65-69	0.07135318452696654
70-74	0.06355393804712058
75-79	0.06499880823647235
80-84	0.08136552443064356
85-89	0.07605155642790441
90-94	0.05386974647870127
95-99	0.06813783959854994
100	0.07172203343093839
>>END_MODULE
>>Sequence Length Distribution	pass
#Length	Count
100	7862298.0
>>END_MODULE
>>Sequence Duplication Levels	warn
#Total Duplicate Percentage	43.10658856727521
#Duplication Level	Relative count
1	100.0
2	16.350287071271833
3	6.6191721525836416
4	3.8123365497339705
5	2.5753749962425228
6	1.9621546878287792
7	1.470676646526588
8	1.2730333363393151
9	1.0566026392521117
10++	15.17945711966814
>>END_MODULE
>>Overrepresented sequences	warn
#Sequence	Count	Percentage	Possible Source
TTTTTTTTTTTTTTTTTTTTTTTTTTTTTTTTTTTTTTTTTTTTTTTTTT	9854	0.12533231378408705	No Hit
CTGCAAGTCATTTAGCACCACGTTCTCCACAAACATGCTGTGCGTAATCG	9367	0.11913819598290475	No Hit
>>END_MODULE
>>Kmer Content	warn
#Sequence	Count	Obs/Exp Overall	Obs/Exp Max	Max Obs/Exp Position
TTTTT	4375070	5.7180047	9.549866	2
AAAAA	3343320	4.4173765	6.303307	2
CTGCT	1690950	2.3094583	5.1043878	1
CTCCA	1619910	2.2226872	7.5636683	1
GAAGA	1619250	2.1864479	5.3350105	2
CTCCT	1554165	2.127841	7.7890053	1
CTCTG	1473405	2.0123403	5.573011	1
CTGGA	1468720	2.0053997	6.9645443	1
GAAAA	1476680	1.9723877	5.192097	2
CTGCA	1417065	1.9396105	5.744112	1
CTTCA	1432300	1.935058	5.1639752	1
CTTTT	1403550	1.8630089	5.823266	1
CTGAA	1368310	1.848107	5.9235177	1
GTTTT	1339115	1.7731366	7.030316	1
CTTTG	1280505	1.7219998	5.2421165	1
GGAAA	1219140	1.6461856	6.3780966	1
CTCAG	1195155	1.6358707	5.8492074	1
CTGGG	1061610	1.4653667	6.3497577	1
GGGAA	1037030	1.4155849	5.04726	1
CTCCC	1000320	1.3909405	5.6084867	1
>>END_MODULE
