##FastQC	0.10.1
>>Basic Statistics	pass
#Measure	Value	
Filename	F_diaphanus_NA_BW_1_R1.fastq.gz	
File type	Conventional base calls	
Encoding	Sanger / Illumina 1.9	
Total Sequences	9304027	
Filtered Sequences	0	
Sequence length	100	
%GC	50	
>>END_MODULE
>>Per base sequence quality	pass
#Base	Mean	Median	Lower Quartile	Upper Quartile	10th Percentile	90th Percentile
1	30.351112910570873	31.0	30.0	34.0	26.0	34.0
2	30.634150352315185	31.0	31.0	34.0	27.0	34.0
3	30.2138543879978	31.0	30.0	34.0	26.0	34.0
4	31.94889642947081	35.0	33.0	37.0	17.0	37.0
5	33.02132452969021	37.0	33.0	37.0	19.0	37.0
6	33.45942547243253	36.0	33.0	37.0	28.0	37.0
7	33.605930206350436	37.0	35.0	37.0	28.0	37.0
8	33.605787042535454	37.0	35.0	37.0	28.0	37.0
9	35.10521261384989	39.0	35.0	39.0	28.0	39.0
10-14	35.18161282206081	39.2	35.2	39.4	27.4	39.4
15-19	35.356675340688504	39.2	34.6	41.0	23.4	41.0
20-24	35.58002112418633	39.0	35.2	41.0	26.6	41.0
25-29	35.23555574376557	39.0	35.0	41.0	25.0	41.0
30-34	34.8070119959884	39.0	34.0	41.0	23.8	41.0
35-39	34.38901830357973	38.2	33.6	40.2	22.2	41.0
40-44	34.123777757738665	38.0	33.0	40.0	20.8	41.0
45-49	33.60373326517647	38.0	33.0	40.0	18.4	41.0
50-54	32.89786022761972	36.8	32.2	40.0	13.6	41.0
55-59	31.492472582033564	35.2	30.6	39.2	6.8	41.0
60-64	31.270714175700483	35.0	30.8	38.4	3.8	40.2
65-69	30.56160198159356	35.0	30.0	36.8	2.0	39.6
70-74	29.824269104120184	34.4	29.6	35.6	2.0	38.6
75-79	28.796246786472135	33.6	28.6	35.0	2.0	36.2
80-84	28.80108282144925	34.0	29.0	35.0	2.0	36.0
85-89	28.340282782928295	34.0	29.0	35.0	2.0	35.0
90-94	27.297590946371933	34.0	26.6	35.0	2.0	35.0
95-99	27.106850592759457	33.6	27.0	35.0	2.0	35.0
100	25.92320475854165	33.0	24.0	35.0	2.0	35.0
>>END_MODULE
>>Per sequence quality scores	pass
#Quality	Count
2	242918.0
3	77621.0
4	46446.0
5	36655.0
6	34843.0
7	36214.0
8	37403.0
9	41308.0
10	45655.0
11	47145.0
12	47549.0
13	48822.0
14	49340.0
15	48836.0
16	48093.0
17	47074.0
18	46326.0
19	45742.0
20	45844.0
21	48318.0
22	54349.0
23	63952.0
24	77701.0
25	96147.0
26	118403.0
27	144727.0
28	173806.0
29	208461.0
30	251495.0
31	305691.0
32	380604.0
33	492010.0
34	669500.0
35	952084.0
36	1391486.0
37	1658910.0
38	999877.0
39	142544.0
40	128.0
>>END_MODULE
>>Per base sequence content	fail
#Base	G	A	T	C
1	44.636351828434364	13.577303935130855	7.4444102598207165	34.34193397661406
2	27.989445906887045	19.50009292013093	27.46815806074343	25.042303112238596
3	27.35150256151357	22.182579601037396	20.18909938745737	30.276818449991666
4	30.991194509011343	26.34553968895049	18.713246445934466	23.95001935610371
5	30.198392979353677	26.488549281905577	21.958738740423698	21.354318998317048
6	26.55679224771987	29.924217953118305	23.017634463712948	20.50135533544888
7	23.584895417967484	20.442495065729187	33.643315507504035	22.329294008799295
8	23.806594277904523	22.3708407107186	28.277733172762442	25.544831838614435
9	23.11768554393764	21.349531051359566	30.586689439534187	24.946093965168608
10-14	25.752839972718405	25.427769163948895	24.659673490375784	24.15971737295692
15-19	25.74335839849419	24.58748131052277	24.86749830354071	24.801661987442326
20-24	25.468799933823206	25.008378509929248	24.953152359811888	24.569669196435655
25-29	25.6153336024928	24.712949296904554	24.786332190921154	24.885384909681495
30-34	25.363298120269068	24.957065803482205	24.831799856556355	24.847836219692372
35-39	25.40776074504666	24.85082039324009	24.694679300824326	25.04673956088892
40-44	25.428785149735532	24.91775218163655	24.655668557051413	24.997794111576503
45-49	25.48827907714064	24.71284552143621	24.56011323420346	25.23876216721969
50-54	25.347375275969704	25.026214649349722	24.644846751146314	24.98156332353426
55-59	25.617354119473124	24.675479221827594	24.45418849749568	25.252978161203604
60-64	25.471646034783735	24.78926828811098	24.50283971517765	25.23624596192764
65-69	25.41133901254819	24.77195925302676	24.543130118326516	25.273571616098533
70-74	25.56737009151776	24.793757962709037	24.3938603050036	25.245011640769604
75-79	25.483715802393945	24.611199054553182	24.520970501778923	25.384114641273946
80-84	25.408370629194593	24.790431593833855	24.466600196829884	25.334597580141665
85-89	25.491843221031264	24.742453825058895	24.374008338128622	25.39169461578122
90-94	25.384983718720566	24.743872920337488	24.378280776277926	25.49286258466402
95-99	25.262371942021677	24.856801354663762	24.474524101172914	25.406302602141643
100	25.841700646111036	24.317440956595167	23.890490886171296	25.9503675111225
>>END_MODULE
>>Per base GC content	fail
#Base	%GC
1	78.97828580504843
2	53.03174901912564
3	57.628321011505236
4	54.941213865115046
5	51.552711977670725
6	47.058147583168754
7	45.914189426766775
8	49.35142611651895
9	48.06377950910625
10-14	49.912557345675324
15-19	50.545020385936525
20-24	50.038469130258854
25-29	50.500718512174295
30-34	50.21113433996144
35-39	50.45450030593558
40-44	50.426579261312035
45-49	50.72704124436033
50-54	50.32893859950396
55-59	50.87033228067672
60-64	50.707891996711375
65-69	50.68491062864672
70-74	50.812381732287356
75-79	50.86783044366789
80-84	50.74296820933626
85-89	50.883537836812486
90-94	50.87784630338459
95-99	50.66867454416333
100	51.79206815723354
>>END_MODULE
>>Per sequence GC content	warn
#GC Content	Count
0	1095.0
1	789.5
2	515.5
3	503.0
4	409.5
5	331.5
6	310.5
7	324.5
8	403.5
9	476.5
10	495.0
11	574.5
12	688.0
13	800.0
14	918.5
15	1101.0
16	1409.5
17	1788.5
18	2286.5
19	3027.0
20	4098.0
21	5662.0
22	7838.5
23	10694.0
24	14576.0
25	19976.0
26	26895.0
27	34625.5
28	42557.5
29	50715.0
30	60713.5
31	71557.5
32	82365.5
33	94432.0
34	105870.0
35	116691.0
36	127185.0
37	136786.5
38	145272.0
39	154956.5
40	165151.5
41	174797.5
42	185736.5
43	200431.0
44	220427.5
45	238040.5
46	255568.5
47	274904.5
48	293836.0
49	313225.0
50	332548.5
51	355139.0
52	373752.5
53	384048.0
54	388616.0
55	389196.0
56	386045.5
57	377466.5
58	358496.5
59	328949.5
60	298123.5
61	266092.0
62	233887.0
63	205899.0
64	176275.5
65	147244.0
66	124441.0
67	105723.5
68	90094.0
69	72335.0
70	54195.0
71	40318.5
72	30268.5
73	24460.0
74	21494.0
75	18700.5
76	14644.0
77	11175.5
78	8299.5
79	5891.5
80	5067.5
81	4821.5
82	4421.0
83	3904.0
84	2833.5
85	1661.5
86	1065.5
87	712.5
88	582.5
89	508.0
90	378.5
91	277.0
92	231.0
93	170.0
94	114.5
95	74.0
96	42.5
97	25.0
98	16.5
99	9.0
100	4.5
>>END_MODULE
>>Per base N content	pass
#Base	N-Count
1	0.12199018768969609
2	0.0036328355452966764
3	0.003740315886873501
4	3.7979468460269943
5	0.0077815767301621114
6	0.012510711759542398
7	0.013263074150580173
8	0.014896775342547911
9	0.018583351058633
10-14	0.020750154744821784
15-19	0.17678151621872978
20-24	0.004980639028670059
25-29	0.00533532415587358
30-34	0.01525146046975143
35-39	0.015208468333120702
40-44	0.017762201248986056
45-49	0.007411844355137835
50-54	0.008940214812360283
55-59	0.9381185157781678
60-64	0.0022205438569771994
65-69	0.002463449428940823
70-74	0.003725268639052746
75-79	0.0034415205372899287
80-84	0.0038520954421133987
85-89	0.004864560259767088
90-94	1.003068886193043
95-99	0.010062309578422333
100	0.003901536399238738
>>END_MODULE
>>Sequence Length Distribution	pass
#Length	Count
100	9304027.0
>>END_MODULE
>>Sequence Duplication Levels	warn
#Total Duplicate Percentage	39.624885420828726
#Duplication Level	Relative count
1	100.0
2	22.613847818808928
3	7.826283294015058
4	4.067300430554583
5	2.58488465341524
6	1.924649055193516
7	1.4870872554286472
8	1.2379417466657323
9	0.9958034553367746
10++	12.978145267403203
>>END_MODULE
>>Overrepresented sequences	pass
>>END_MODULE
>>Kmer Content	warn
#Sequence	Count	Obs/Exp Overall	Obs/Exp Max	Max Obs/Exp Position
TTTTT	4276820	5.4621506	7.4327297	6
AAAAA	3915855	4.889136	6.916049	2
GAAAA	1654440	1.9726902	5.4542522	1
GTTTT	1521000	1.8467449	5.5768747	1
GGAAA	1378570	1.5697814	5.386719	1
>>END_MODULE
