##FastQC	0.10.1
>>Basic Statistics	pass
#Measure	Value	
Filename	F_notatus_NA_BW_3_R1.fastq.gz	
File type	Conventional base calls	
Encoding	Sanger / Illumina 1.9	
Total Sequences	32548515	
Filtered Sequences	0	
Sequence length	100	
%GC	49	
>>END_MODULE
>>Per base sequence quality	pass
#Base	Mean	Median	Lower Quartile	Upper Quartile	10th Percentile	90th Percentile
1	31.338038279165733	33.0	31.0	34.0	28.0	34.0
2	31.65411543353053	34.0	31.0	34.0	28.0	34.0
3	31.386920109872907	34.0	31.0	34.0	28.0	34.0
4	34.925518906162075	37.0	35.0	37.0	32.0	37.0
5	33.39785037812017	37.0	35.0	37.0	27.0	37.0
6	33.85894775844612	37.0	35.0	37.0	26.0	37.0
7	34.51817190430961	37.0	35.0	37.0	31.0	37.0
8	34.65585151887882	37.0	35.0	37.0	32.0	37.0
9	36.32266661013567	39.0	37.0	39.0	32.0	39.0
10-14	36.47356827799978	39.2	37.2	39.4	32.0	39.4
15-19	37.367894584438034	40.0	38.0	41.0	31.8	41.0
20-24	37.21155566697897	40.0	37.8	41.0	31.0	41.0
25-29	36.95477095037977	40.0	37.0	41.0	30.4	41.0
30-34	36.619709366156954	40.0	37.0	41.0	30.0	41.0
35-39	36.3295746119293	40.0	36.0	41.0	29.6	41.0
40-44	36.14411003389863	40.0	35.8	41.0	28.8	41.0
45-49	35.711380976981594	39.0	35.0	41.0	27.8	41.0
50-54	35.111447917055514	38.6	34.8	40.6	26.6	41.0
55-59	34.3806234355085	37.4	34.0	40.0	25.6	41.0
60-64	33.574591922242845	36.0	33.2	39.4	24.4	41.0
65-69	32.81308153075494	35.0	33.0	38.2	23.0	40.4
70-74	32.02543301284252	35.0	32.4	36.6	21.6	39.2
75-79	30.98998507305172	34.6	31.4	35.2	19.8	37.4
80-84	30.941688823591488	35.0	32.0	35.0	19.2	36.4
85-89	30.50640680227654	35.0	32.0	35.0	16.4	35.6
90-94	30.094841862985145	34.8	31.0	35.0	5.6	35.0
95-99	29.644989352048782	34.0	31.0	35.0	2.0	35.0
100	28.553655059224667	34.0	29.0	35.0	2.0	35.0
>>END_MODULE
>>Per sequence quality scores	pass
#Quality	Count
2	495644.0
3	180616.0
4	96776.0
5	76722.0
6	74172.0
7	75661.0
8	77782.0
9	85153.0
10	93593.0
11	100099.0
12	103057.0
13	105628.0
14	108230.0
15	109695.0
16	109224.0
17	108901.0
18	106612.0
19	105603.0
20	106427.0
21	111584.0
22	123061.0
23	144432.0
24	175917.0
25	218725.0
26	273638.0
27	341636.0
28	419068.0
29	496332.0
30	612455.0
31	762301.0
32	969075.0
33	1290766.0
34	1827889.0
35	2788882.0
36	4900997.0
37	7705491.0
38	5993465.0
39	1071892.0
40	1314.0
>>END_MODULE
>>Per base sequence content	fail
#Base	G	A	T	C
1	36.751205356900044	14.86586716080899	7.5644908923314675	40.8184365899595
2	24.857541848291824	18.118841443189222	37.57638149719717	19.447235211321782
3	24.966241735566076	22.72215325325696	23.431622942254464	28.879982068922505
4	26.85924104543918	29.178175156373765	19.56270007703889	24.39988372114817
5	28.868149282358097	30.272699208327968	21.512706796719154	19.346444712594778
6	22.81156842174725	33.033214103816015	23.04497251908026	21.11024495535647
7	20.91627317874764	18.781025836568148	37.24750109620255	23.05519988848166
8	21.166446737990018	21.164888224619954	29.838405525855165	27.830259511534862
9	22.477633100969555	20.12751339444235	31.19695215575029	26.197901348837803
10-14	24.649091411107584	26.20749162359932	25.036772391458605	24.106644573834494
15-19	24.88979613181792	25.00357548524873	25.411584021469285	24.695044361464067
20-24	24.677953258171424	25.39524023082197	25.395514356833566	24.53129215417304
25-29	24.76685414463143	25.362215582830927	25.222690393674718	24.648239878862928
30-34	24.63501695247047	25.383554566394274	25.275093601014525	24.706334880120735
35-39	24.629663349453622	25.447416110749106	25.274761390441274	24.648159149355994
40-44	24.78231267506229	25.368465087266443	25.179411444929794	24.669810792741476
45-49	24.79053277217088	25.327616234550387	25.091060067301434	24.790790925977298
50-54	24.743348746087705	25.407662453999002	25.13578434060657	24.713204459306723
55-59	24.863025923339915	25.249241210959255	25.042059119256272	24.845673746444557
60-64	24.831575132642772	25.19850843418619	25.05299888576537	24.916917547405667
65-69	24.790667362921305	25.373217355508928	25.0294716349255	24.806643646644275
70-74	24.90281009118517	25.300122773930212	24.99003900869276	24.807028126191856
75-79	24.852968556711765	25.16973854537846	25.003634580396135	24.973658317513635
80-84	24.875946478282764	25.279404783979963	24.975316128564128	24.869332609173146
85-89	25.032501455429827	25.188212875957976	24.849741794317286	24.92954387429491
90-94	24.876754981580692	25.15374578379906	24.879972639339208	25.089526595281043
95-99	24.878944385056922	25.257468348405943	24.97329466659836	24.89029259993878
100	25.28809195149155	24.96964772806773	24.457179400354327	25.285080920086394
>>END_MODULE
>>Per base GC content	fail
#Base	%GC
1	77.56964194685955
2	44.304777059613606
3	53.84622380448858
4	51.25912476658735
5	48.21459399495288
6	43.921813377103724
7	43.9714730672293
8	48.99670624952488
9	48.67553444980736
10-14	48.75573598494208
15-19	49.58484049328199
20-24	49.209245412344465
25-29	49.41509402349436
30-34	49.3413518325912
35-39	49.27782249880961
40-44	49.452123467803766
45-49	49.581323698148175
50-54	49.45655320539443
55-59	49.70869966978447
60-64	49.74849268004844
65-69	49.59731100956558
70-74	49.709838217377026
75-79	49.826626874225404
80-84	49.74527908745591
85-89	49.96204532972474
90-94	49.96628157686173
95-99	49.7692369849957
100	50.573172871577945
>>END_MODULE
>>Per sequence GC content	warn
#GC Content	Count
0	1280.0
1	1198.5
2	1094.5
3	1122.5
4	1133.0
5	1078.0
6	1062.0
7	1159.5
8	1334.5
9	1458.5
10	1583.5
11	1772.0
12	2050.5
13	2412.5
14	2787.0
15	3292.0
16	4052.5
17	5279.0
18	7128.5
19	9629.5
20	13513.0
21	19332.0
22	27547.0
23	39438.5
24	55677.5
25	74783.0
26	98986.5
27	126675.5
28	156598.0
29	193606.5
30	236174.5
31	282571.0
32	333999.0
33	378383.0
34	419736.0
35	463629.5
36	499046.5
37	537753.0
38	580822.5
39	621361.5
40	657765.5
41	688577.0
42	730400.0
43	783942.5
44	836810.0
45	890240.0
46	949021.0
47	1010252.0
48	1085411.5
49	1165595.5
50	1229014.5
51	1281880.0
52	1347571.5
53	1389466.0
54	1390264.5
55	1385474.0
56	1360762.5
57	1292268.0
58	1204894.0
59	1103095.5
60	970901.0
61	837140.5
62	714431.5
63	607848.0
64	508620.0
65	416609.5
66	338395.5
67	275672.0
68	222571.5
69	173067.0
70	128719.5
71	92713.0
72	69340.5
73	52235.5
74	38637.5
75	29316.5
76	21894.5
77	15221.0
78	10395.0
79	7280.5
80	5624.5
81	4735.0
82	3957.5
83	3249.5
84	2213.5
85	1295.5
86	848.0
87	566.5
88	414.0
89	283.5
90	205.0
91	158.0
92	118.0
93	78.0
94	46.0
95	41.5
96	34.0
97	17.5
98	8.5
99	3.0
100	0.5
>>END_MODULE
>>Per base N content	pass
#Base	N-Count
1	0.01740171556213855
2	0.002184431455628621
3	0.005130802434458223
4	0.008031088361481316
5	3.5429911318534812
6	0.03892036241899208
7	0.048389304396836544
8	0.05380890648928223
9	0.04798682827772634
10-14	0.05278151706767574
15-19	0.031565802618030346
20-24	0.026838090770039742
25-29	0.02637355344783011
30-34	0.050516590388225084
35-39	0.04830819470565707
40-44	0.0395766135567168
45-49	0.0300271763550503
50-54	0.01546860125569477
55-59	0.004885015491490165
60-64	0.004639228548522106
65-69	8.289164651597775E-4
70-74	0.0032308693653151305
75-79	0.0043909837361243665
80-84	0.005396866800221147
85-89	0.0022790594286713236
90-94	0.009531003180943892
95-99	0.01828593408946614
100	0.004694530610689919
>>END_MODULE
>>Sequence Length Distribution	pass
#Length	Count
100	3.2548515E7
>>END_MODULE
>>Sequence Duplication Levels	fail
#Total Duplicate Percentage	59.89697932638191
#Duplication Level	Relative count
1	100.0
2	34.41910966340934
3	16.403308152563124
4	9.797398757132626
5	6.738743733684478
6	5.007277011573914
7	3.8163882920969345
8	3.129114976782868
9	2.628964816226581
10++	49.07593503823319
>>END_MODULE
>>Overrepresented sequences	warn
#Sequence	Count	Percentage	Possible Source
GATCGGAAGAGCACACGTCTGAACTCCAGTCACGAATTCGTATCTCGTAT	38423	0.11804839637077146	TruSeq Adapter, Index 7 (97% over 35bp)
>>END_MODULE
>>Kmer Content	warn
#Sequence	Count	Obs/Exp Overall	Obs/Exp Max	Max Obs/Exp Position
AAAAA	13450215	4.3068643	6.8406544	2
TTTTT	13255270	4.230259	7.332305	2
CTCCT	7821160	2.584427	6.983136	1
CTCCA	7476215	2.4720979	6.546537	1
TCCAG	7212370	2.3828938	5.2061667	7
CTGGA	7050690	2.3275611	6.855491	1
CTCTG	6950870	2.29496	5.355622	1
GAAGA	6894670	2.252818	5.64395	2
CTTCA	6602590	2.1580422	5.171888	1
GGAGA	6179310	2.0395904	5.045628	1
GAAAA	6058460	1.9596773	5.46846	2
CTTTT	5721385	1.8472161	5.121803	1
GTTTT	5589100	1.8030231	7.869374	1
CTTTG	5353835	1.7472805	5.065303	1
CTCAG	5270100	1.7411875	5.378571	1
GGAAG	5208585	1.7191855	5.354638	1
GGAAA	4911950	1.6049687	6.391477	1
CTGGG	4593550	1.531822	5.500633	1
GTTTG	4282590	1.3965193	5.245769	1
>>END_MODULE
