##FastQC	0.10.1
>>Basic Statistics	pass
#Measure	Value	
Filename	F_similis_NA_FW_1_R2.fastq.gz	
File type	Conventional base calls	
Encoding	Sanger / Illumina 1.9	
Total Sequences	17019396	
Filtered Sequences	0	
Sequence length	100	
%GC	46	
>>END_MODULE
>>Per base sequence quality	fail
#Base	Mean	Median	Lower Quartile	Upper Quartile	10th Percentile	90th Percentile
1	29.028508414752203	31.0	30.0	34.0	22.0	34.0
2	28.94198242992877	31.0	30.0	34.0	16.0	34.0
3	29.02428570320592	31.0	30.0	34.0	18.0	34.0
4	32.33811135248278	35.0	33.0	37.0	22.0	37.0
5	32.30592472259298	35.0	33.0	37.0	22.0	37.0
6	32.20851433270605	36.0	33.0	37.0	20.0	37.0
7	32.19569366621471	36.0	33.0	37.0	19.0	37.0
8	32.125277183749645	36.0	33.0	37.0	18.0	37.0
9	33.45069084707824	38.0	33.0	39.0	18.0	39.0
10-14	33.52035263766117	38.2	33.0	39.4	17.4	39.4
15-19	33.97913653339989	38.6	33.0	41.0	16.6	41.0
20-24	33.551816809480194	38.2	33.0	41.0	10.4	41.0
25-29	33.26652977579228	38.0	32.8	40.4	9.0	41.0
30-34	32.844249008601714	38.0	32.0	40.0	4.2	41.0
35-39	32.34100834130659	38.0	31.2	40.0	2.0	41.0
40-44	31.77018211457093	37.4	30.4	40.0	2.0	41.0
45-49	31.250197257293973	37.0	30.0	40.0	2.0	41.0
50-54	30.338221603163827	35.6	28.8	39.2	2.0	40.6
55-59	30.28828553022681	35.2	28.8	39.4	2.0	41.0
60-64	29.51541139297775	35.0	28.0	38.6	2.0	40.8
65-69	28.670019276829798	34.6	26.6	37.2	2.0	40.0
70-74	27.965246851298367	34.0	26.0	35.8	2.0	39.0
75-79	27.1928498637672	34.0	25.2	35.0	2.0	37.2
80-84	26.50840736063724	33.8	23.8	35.0	2.0	36.2
85-89	25.90815712849034	33.0	21.4	35.0	2.0	35.2
90-94	25.346420166732123	33.0	17.8	35.0	2.0	35.0
95-99	24.6442881051713	33.0	3.0	35.0	2.0	35.0
100	23.384063159468173	31.0	2.0	34.0	2.0	35.0
>>END_MODULE
>>Per sequence quality scores	pass
#Quality	Count
2	1018018.0
3	143386.0
4	99300.0
5	91007.0
6	102019.0
7	90955.0
8	88692.0
9	97225.0
10	107960.0
11	116225.0
12	118538.0
13	122545.0
14	127626.0
15	131099.0
16	130342.0
17	124092.0
18	117027.0
19	116736.0
20	116871.0
21	121151.0
22	131912.0
23	149526.0
24	176483.0
25	208161.0
26	244583.0
27	282571.0
28	326040.0
29	376539.0
30	438842.0
31	518702.0
32	629970.0
33	785822.0
34	1033712.0
35	1482989.0
36	2031317.0
37	2655794.0
38	1966619.0
39	398417.0
40	583.0
>>END_MODULE
>>Per base sequence content	fail
#Base	G	A	T	C
1	36.18228114094193	14.083707694521271	12.547631720751163	37.18637944378563
2	24.846179958277016	17.589174238434126	39.11950546486649	18.445140338422366
3	24.994082154164087	22.05863071219114	26.005866222699858	26.94142091094492
4	26.233308545929262	28.409074811465544	22.6996839356167	22.65793270698849
5	27.650537887249428	29.542131561930518	24.939874199047676	17.867456351772383
6	21.56072418008244	32.78546373139287	26.403439246429873	19.25037284209482
7	19.283707918007718	18.466045896341498	40.906214788633044	21.344031397017744
8	19.893017299165265	21.23241710792152	33.25889545569218	25.61567013722103
9	21.325835998504434	20.394629300371207	34.28446011718465	23.995074583939708
10-14	22.789294298917287	26.361669551876517	28.882312655445464	21.966723493760735
15-19	23.144026621992563	24.966473731117254	29.365238719120647	22.52426092776954
20-24	23.037629390428908	25.4897193911244	29.014886717657735	22.45776450078896
25-29	22.958775065723877	25.717215368304995	28.834714033901747	22.489295532069377
30-34	22.884012247998907	25.651928640772326	28.895987178680098	22.568071932548666
35-39	22.961541740188082	25.7610528241223	28.701693518885435	22.575711916804185
40-44	23.267551075563745	25.747023575370115	28.34895473554709	22.63647061351905
45-49	23.16128455147513	25.992002022142586	28.04634572861233	22.800367697769953
50-54	23.057072266132835	26.11777083592483	28.048987381801116	22.776169516141216
55-59	23.270862238055223	26.014113912180232	27.89058867682893	22.824435172935615
60-64	23.127637907140024	26.011790078200793	27.86076223789049	22.999809776768686
65-69	23.07617900456247	26.258686998463816	27.744161722539594	22.920972274434117
70-74	23.29420321365064	26.41537527514605	27.454998716587557	22.835422794615745
75-79	23.217509147552295	26.444206552563752	27.374583747825536	22.963700552058413
80-84	23.259374086987293	26.543003082125143	27.228404696022984	22.969218134864576
85-89	23.374368780952054	26.56638977548333	27.06589888824602	22.9933425553186
90-94	23.367004832335397	26.556873329838538	26.949058558891537	23.12706327893453
95-99	23.475018904227603	26.71224348652209	26.845232895228794	22.967504714021516
100	23.827625530717285	26.507123636502357	26.521801002775064	23.1434498300053
>>END_MODULE
>>Per base GC content	fail
#Base	%GC
1	73.36866058472756
2	43.29132029669939
3	51.935503065109
4	48.89124125291775
5	45.51799423902181
6	40.81109702217726
7	40.627739315025465
8	45.508687436386296
9	45.32091058244415
10-14	44.75601779267802
15-19	45.668287549762105
20-24	45.495393891217866
25-29	45.448070597793254
30-34	45.45208418054757
35-39	45.53725365699226
40-44	45.904021689082796
45-49	45.961652249245084
50-54	45.83324178227405
55-59	46.09529741099084
60-64	46.12744768390871
65-69	45.99715127899659
70-74	46.12962600826639
75-79	46.18120969961071
80-84	46.22859222185187
85-89	46.36771133627065
90-94	46.494068111269925
95-99	46.44252361824912
100	46.97107536072258
>>END_MODULE
>>Per sequence GC content	fail
#GC Content	Count
0	281688.0
1	164669.0
2	41049.5
3	33291.0
4	30622.5
5	28722.5
6	28069.0
7	27168.5
8	26270.5
9	25580.0
10	25124.0
11	24998.0
12	24852.0
13	24440.5
14	24271.0
15	24241.0
16	24377.0
17	25371.5
18	26753.0
19	28780.0
20	31675.5
21	35932.5
22	43047.0
23	53211.0
24	68073.0
25	88412.5
26	107020.5
27	123559.0
28	140285.0
29	159422.5
30	184092.5
31	208785.0
32	230002.5
33	252628.5
34	273975.5
35	289180.5
36	302509.5
37	318890.0
38	331958.0
39	344147.0
40	357081.0
41	376329.5
42	397284.5
43	412181.5
44	440644.0
45	462688.0
46	473755.5
47	492016.0
48	520421.0
49	540364.5
50	547880.5
51	560346.0
52	574833.5
53	584651.5
54	587351.0
55	585232.0
56	575973.5
57	551531.5
58	520036.0
59	484230.5
60	436608.5
61	385001.0
62	329172.0
63	273686.0
64	225625.0
65	186109.5
66	151515.5
67	124031.0
68	105736.0
69	85034.0
70	63067.0
71	46901.0
72	35321.0
73	28374.0
74	23692.0
75	20078.5
76	15874.0
77	11840.5
78	8865.0
79	6191.0
80	4776.0
81	4116.5
82	3740.5
83	3461.5
84	2703.5
85	1815.0
86	1310.0
87	891.5
88	710.0
89	611.0
90	454.0
91	284.5
92	237.0
93	178.0
94	103.0
95	52.5
96	34.5
97	28.0
98	15.5
99	8.0
100	6.0
>>END_MODULE
>>Per base N content	pass
#Base	N-Count
1	0.032457086021149044
2	0.33515878001781024
3	0.06767572715271447
4	0.03950198937729635
5	0.04933195044054443
6	0.040142435136946104
7	0.04608859209809796
8	0.038497253369038476
9	0.03770404073094016
10-14	0.05198891899571524
15-19	0.04851876059526437
20-24	0.09170360687300537
25-29	0.03627038233319208
30-34	0.05715596487677941
35-39	0.04249622019488823
40-44	0.045698448993137006
45-49	0.040811084012617134
50-54	0.04131403958166318
55-59	0.04473601765891105
60-64	0.04585356613125401
65-69	0.04106726231647704
70-74	0.0361881232447967
75-79	0.040026097283358354
80-84	0.04939070693225541
85-89	0.05391378166416717
90-94	0.03918822971155968
95-99	0.04150441061480677
100	0.039995543907668636
>>END_MODULE
>>Sequence Length Distribution	pass
#Length	Count
100	1.7019396E7
>>END_MODULE
>>Sequence Duplication Levels	fail
#Total Duplicate Percentage	56.37699470386652
#Duplication Level	Relative count
1	100.0
2	22.126009244380963
3	10.625086790057331
4	6.854926699597294
5	4.953480529270567
6	3.9248943641016485
7	3.1264258366561526
8	2.561050606042572
9	2.185125672003015
10++	42.02027415739253
>>END_MODULE
>>Overrepresented sequences	fail
#Sequence	Count	Percentage	Possible Source
TTTTTTTTTTTTTTTTTTTTTTTTTTTTTTTTTTTTTTTTTTTTTTTTTT	455308	2.6752300727945926	No Hit
AAAAAAAAAAAAAAAAAAAAAAAAAAAAAAAAAAAAAAAAAAAAAAAAAA	34527	0.20286853893052376	No Hit
>>END_MODULE
>>Kmer Content	fail
#Sequence	Count	Obs/Exp Overall	Obs/Exp Max	Max Obs/Exp Position
TTTTT	63591040	22.264626	30.310104	2
AAAAA	21692820	11.664272	17.583368	95-96
GGGGG	3831130	3.4225643	6.9279246	1
GGAGG	3494925	2.820759	5.5072875	1
GAAGA	3368740	2.2192304	5.3923883	2
CTCCA	3108250	2.2088306	5.926191	1
GAAAA	3625420	2.1577277	5.2971807	2
CTCCT	3284680	2.1422744	5.7236385	1
GGAGA	2907290	2.119922	5.425161	1
CTGGA	3069335	2.0955813	6.4297776	1
GGAAG	2484865	1.8119005	5.557131	1
GGAAA	2688325	1.7709923	6.6196966	1
GGGAG	2091140	1.6877621	6.0927477	1
GCCAG	1979505	1.6629184	5.21546	1
GGGGA	2058420	1.6613537	6.3588653	1
CTCAG	2319600	1.6157212	5.1737247	1
CTGGG	2070930	1.5650284	5.8557787	1
GGGAA	2098295	1.5300233	5.5669584	1
GTTTT	3546025	1.4973464	5.8329473	1
CGGGG	1465330	1.3355289	5.5904326	1
>>END_MODULE
