##FastQC	0.10.1
>>Basic Statistics	pass
#Measure	Value	
Filename	F_grandis_NA_transfer_2_R2.fastq.gz	
File type	Conventional base calls	
Encoding	Sanger / Illumina 1.9	
Total Sequences	16230021	
Filtered Sequences	0	
Sequence length	100	
%GC	52	
>>END_MODULE
>>Per base sequence quality	fail
#Base	Mean	Median	Lower Quartile	Upper Quartile	10th Percentile	90th Percentile
1	29.28728656604942	31.0	30.0	34.0	23.0	34.0
2	29.304695292754086	31.0	30.0	34.0	22.0	34.0
3	29.34005162408601	31.0	30.0	34.0	22.0	34.0
4	32.60493224253992	37.0	33.0	37.0	24.0	37.0
5	32.52502840261266	37.0	33.0	37.0	22.0	37.0
6	32.39314003352183	37.0	33.0	37.0	22.0	37.0
7	32.43254632880635	37.0	33.0	37.0	22.0	37.0
8	32.36717765183422	37.0	33.0	37.0	22.0	37.0
9	33.69811653355224	38.0	34.0	39.0	21.0	39.0
10-14	33.729811427847196	38.2	34.0	39.4	18.0	39.4
15-19	34.33809756623235	39.0	34.0	41.0	16.8	41.0
20-24	33.94298321610305	39.0	33.6	41.0	12.0	41.0
25-29	33.62483408986347	39.0	33.0	41.0	9.2	41.0
30-34	33.184378701666496	38.0	32.6	40.4	5.4	41.0
35-39	32.59681487781192	38.0	31.6	40.0	2.0	41.0
40-44	31.95525016264612	37.6	30.8	40.0	2.0	41.0
45-49	31.326306762018362	36.4	30.0	40.0	2.0	41.0
50-54	30.529133819358584	35.2	29.2	39.0	2.0	40.4
55-59	30.39266458127195	35.0	29.4	39.0	2.0	41.0
60-64	29.56158496652592	35.0	28.0	37.8	2.0	40.2
65-69	28.804030284372395	34.4	27.8	36.4	2.0	39.4
70-74	28.088122646298483	34.0	26.4	35.2	2.0	38.4
75-79	27.40135596867065	34.0	25.8	35.0	2.0	36.6
80-84	26.773561315786345	33.6	24.6	35.0	2.0	35.6
85-89	26.217014149273126	33.0	23.6	35.0	2.0	35.0
90-94	25.639181058360926	33.0	20.4	35.0	2.0	35.0
95-99	24.92700242347191	33.0	9.2	35.0	2.0	35.0
100	23.612599761885704	31.0	2.0	34.0	2.0	35.0
>>END_MODULE
>>Per sequence quality scores	pass
#Quality	Count
2	967864.0
3	148255.0
4	101885.0
5	83200.0
6	80189.0
7	83347.0
8	88422.0
9	94775.0
10	97967.0
11	100910.0
12	95857.0
13	93918.0
14	93562.0
15	95498.0
16	94120.0
17	92242.0
18	94970.0
19	95492.0
20	99991.0
21	106884.0
22	116344.0
23	134375.0
24	160964.0
25	192559.0
26	225501.0
27	264435.0
28	308746.0
29	361362.0
30	424246.0
31	506085.0
32	626311.0
33	798997.0
34	1061868.0
35	1491307.0
36	2225242.0
37	2667296.0
38	1583183.0
39	271587.0
40	265.0
>>END_MODULE
>>Per base sequence content	fail
#Base	G	A	T	C
1	36.77269691105078	12.885372779857043	8.732062990627153	41.60986731846503
2	28.58496905284443	17.61073779991616	32.48376199048159	21.320531156757824
3	27.75543202703723	22.562267774005484	20.57945114912858	29.102849049828706
4	29.84832457369989	29.207009679364127	16.98973131781627	23.95493442911971
5	30.63620330741638	29.885121311180328	19.543906454868072	19.934768926535217
6	23.447892305516728	33.139948260508326	21.276235452043696	22.135923981931246
7	21.67017459678324	17.335448036565978	36.16500060533986	24.829376761310918
8	22.690543576856875	19.81185480651808	27.89833936452888	29.599262252096164
9	24.43249707206427	19.015597121961548	28.645309267565427	27.906596538408756
10-14	25.722210125394053	25.310514169247078	23.40772001233108	25.55955569302779
15-19	26.06554412813495	23.792239080974667	24.45259292159237	25.68962386929801
20-24	25.789067426597455	24.404220550062167	24.16728216868762	25.639429854652757
25-29	25.869306391263592	24.430362708415124	24.110313255180294	25.59001764514099
30-34	25.678649942616115	24.565516183526885	24.0243165192164	25.731517354640598
35-39	25.887216437701078	24.32472633832879	23.947869461346926	25.840187762623202
40-44	26.402444600905064	24.103036738637662	23.728640468564542	25.76587819189273
45-49	26.177221015774293	24.121174465753636	23.75074806649504	25.950856451977028
50-54	26.240769978444167	24.25251037856268	23.646911987418537	25.859807655574617
55-59	26.662185601229766	23.643695705893787	23.637774750196037	26.056343942680414
60-64	26.72572527234903	23.697764071275227	23.48467084082255	26.091839815553186
65-69	26.469208095709906	23.73488840550103	23.597747099198088	26.19815639959097
70-74	26.863122799043214	23.900430848027774	23.288498137357795	25.94794821557122
75-79	26.84122077679462	23.688272245272543	23.474349919802556	25.996157058130276
80-84	26.76626952920375	23.535572331981832	23.495252424291028	26.20290571452339
85-89	26.745533480124866	23.909235382773662	23.198627044059695	26.14660409304178
90-94	26.767422842053513	23.728482355263765	23.378128249288082	26.12596655339464
95-99	26.57708429378922	23.697288867471848	23.331846422452713	26.393780416286216
100	26.982549806716982	23.100155409473597	22.899908098464433	27.01738668534499
>>END_MODULE
>>Per base GC content	fail
#Base	%GC
1	78.38256422951581
2	49.90550020960225
3	56.858281076865936
4	53.8032590028196
5	50.57097223395159
6	45.58381628744797
7	46.49955135809416
8	52.28980582895304
9	52.33909361047303
10-14	51.281765818421846
15-19	51.75516799743296
20-24	51.42849728125021
25-29	51.45932403640459
30-34	51.41016729725671
35-39	51.72740420032428
40-44	52.168322792797795
45-49	52.128077467751325
50-54	52.100577634018784
55-59	52.71852954391017
60-64	52.81756508790222
65-69	52.66736449530088
70-74	52.81107101461443
75-79	52.8373778349249
80-84	52.96917524372714
85-89	52.89213757316664
90-94	52.89338939544815
95-99	52.97086471007544
100	53.99993649206197
>>END_MODULE
>>Per sequence GC content	warn
#GC Content	Count
0	2704.0
1	1827.0
2	884.0
3	779.5
4	689.0
5	642.0
6	631.5
7	640.0
8	677.5
9	693.0
10	751.0
11	866.0
12	942.0
13	1005.0
14	1200.5
15	1449.0
16	1766.0
17	2295.5
18	3018.0
19	4111.0
20	5905.0
21	8351.0
22	11555.0
23	15998.0
24	22002.5
25	30071.0
26	39814.0
27	49616.0
28	61404.5
29	77305.0
30	93108.0
31	107653.0
32	123282.0
33	140935.5
34	156294.0
35	171081.5
36	185955.0
37	197551.0
38	210694.5
39	225636.0
40	240657.5
41	258719.5
42	283404.0
43	325618.5
44	390527.0
45	429300.5
46	462314.5
47	489684.5
48	504363.0
49	529390.0
50	554784.0
51	603218.0
52	638180.5
53	643040.0
54	635384.5
55	632910.5
56	639998.5
57	628911.0
58	603655.0
59	557821.0
60	500207.5
61	454541.0
62	391694.0
63	337287.5
64	302352.5
65	270817.0
66	248108.5
67	225032.0
68	217314.5
69	190292.5
70	146104.0
71	113256.5
72	87558.0
73	78136.0
74	74022.0
75	82861.5
76	80914.0
77	65692.5
78	50130.5
79	33592.0
80	34036.5
81	37174.0
82	42271.0
83	44051.5
84	34369.0
85	24514.5
86	15988.0
87	9966.0
88	7329.0
89	6099.0
90	4373.0
91	2758.5
92	2270.0
93	1533.0
94	635.0
95	200.5
96	82.5
97	52.0
98	37.5
99	25.5
100	19.0
>>END_MODULE
>>Per base N content	pass
#Base	N-Count
1	0.04569926311247533
2	0.05434989886950854
3	0.04895865507506121
4	0.04855816267890226
5	0.04738749259782227
6	0.04918662766979784
7	0.04762162661403827
8	0.04062225181347578
9	0.05357355976310813
10-14	0.03882188445720434
15-19	0.04382249412985972
20-24	0.046155208301948594
25-29	0.028287086011780267
30-34	0.044194643987213574
35-39	0.03883051044727545
40-44	0.08852730381556499
45-49	0.06700299401953946
50-54	0.062210640392886735
55-59	0.080372046345473
60-64	0.0782882536011506
65-69	0.07216626521925018
70-74	0.06424637404967005
75-79	0.06577933571373691
80-84	0.08144166911429135
85-89	0.07567950774678603
90-94	0.05406893805004935
95-99	0.06876516056263883
100	0.07132461504516846
>>END_MODULE
>>Sequence Length Distribution	pass
#Length	Count
100	1.6230021E7
>>END_MODULE
>>Sequence Duplication Levels	fail
#Total Duplicate Percentage	54.309064702230316
#Duplication Level	Relative count
1	100.0
2	16.590780868832788
3	6.8877287499900675
4	4.022344593037578
5	2.756521808227451
6	2.018323837675908
7	1.6933260228690394
8	1.3579982041685539
9	1.2197350751309128
10++	22.37637766494235
>>END_MODULE
>>Overrepresented sequences	warn
#Sequence	Count	Percentage	Possible Source
CTGCAAGTCATTTAGCACCACGTTCTCCACAAACATGCTATGCGTAATCG	16586	0.10219333665680408	No Hit
>>END_MODULE
>>Kmer Content	warn
#Sequence	Count	Obs/Exp Overall	Obs/Exp Max	Max Obs/Exp Position
TTTTT	5763060	4.9919295	7.60424	2
AAAAA	5642830	4.654944	8.401944	2
AAGAA	3063100	2.2842934	5.7326384	2
GAAAA	2815620	2.099736	5.9173074	2
TTTAA	2462340	2.091627	5.5969915	7
GAAGA	3087995	2.081807	5.3205104	2
AGAAA	2675845	1.9954994	5.2119117	2
CTTTT	2520110	1.9854352	5.333927	1
AAAAT	2320865	1.9333344	5.172573	3
GTTTT	2383995	1.8486483	7.8158393	1
CTGGA	2736930	1.7113057	5.0308194	1
GGAAA	2345465	1.581222	6.8901343	1
GGGAA	2405250	1.4658763	5.4235783	1
ATTTA	1721350	1.4621952	5.3248053	6
GGGAG	2495280	1.3747686	5.272066	1
GTCGG	1865660	1.0545559	5.299838	1
>>END_MODULE
