##FastQC	0.10.1
>>Basic Statistics	pass
#Measure	Value	
Filename	F_heteroclitus_MDPP_BW_3_R2.fastq.gz	
File type	Conventional base calls	
Encoding	Sanger / Illumina 1.9	
Total Sequences	11950841	
Filtered Sequences	0	
Sequence length	100	
%GC	49	
>>END_MODULE
>>Per base sequence quality	pass
#Base	Mean	Median	Lower Quartile	Upper Quartile	10th Percentile	90th Percentile
1	30.11615098887183	31.0	31.0	34.0	26.0	34.0
2	30.147682828346557	31.0	31.0	34.0	26.0	34.0
3	30.20089130129001	31.0	31.0	34.0	26.0	34.0
4	33.54270875162677	37.0	35.0	37.0	28.0	37.0
5	33.48169354775953	37.0	35.0	37.0	28.0	37.0
6	33.42189675186876	37.0	35.0	37.0	28.0	37.0
7	33.42725235822316	37.0	35.0	37.0	28.0	37.0
8	33.36593232225247	37.0	35.0	37.0	27.0	37.0
9	34.843599124111854	39.0	35.0	39.0	27.0	39.0
10-14	34.93951856609924	39.2	35.2	39.4	27.0	39.4
15-19	35.71986995726911	40.0	36.0	41.0	26.6	41.0
20-24	35.464995693608515	40.0	36.0	41.0	25.0	41.0
25-29	35.205188321056234	40.0	35.4	41.0	24.0	41.0
30-34	34.37255968847715	39.4	34.2	41.0	18.4	41.0
35-39	34.25398070311537	39.0	33.8	41.0	18.2	41.0
40-44	33.92061972877055	38.6	33.4	40.6	15.0	41.0
45-49	33.576371537367116	38.0	33.0	40.0	12.0	41.0
50-54	32.71874431263875	37.0	32.4	39.6	7.8	40.6
55-59	32.60997359097992	36.6	32.4	40.0	3.8	41.0
60-64	31.85740247067131	35.2	31.8	39.2	2.0	41.0
65-69	31.05888544580252	35.0	31.0	37.8	2.0	40.2
70-74	30.35912761286005	35.0	30.8	36.4	2.0	39.2
75-79	29.657313807455058	35.0	30.0	35.2	2.0	37.6
80-84	29.049499746503194	34.2	29.8	35.0	2.0	36.2
85-89	28.546822587632118	34.0	29.0	35.0	2.0	35.6
90-94	28.063636693015997	34.0	29.0	35.0	2.0	35.0
95-99	27.500535301239474	34.0	28.4	35.0	2.0	35.0
100	26.267057607075518	33.0	24.0	35.0	2.0	35.0
>>END_MODULE
>>Per sequence quality scores	pass
#Quality	Count
2	527776.0
3	76103.0
4	49526.0
5	41587.0
6	41067.0
7	42839.0
8	44794.0
9	48224.0
10	51418.0
11	52483.0
12	50788.0
13	49865.0
14	49164.0
15	49969.0
16	50598.0
17	49478.0
18	49304.0
19	50358.0
20	52178.0
21	55242.0
22	61653.0
23	72384.0
24	86190.0
25	105127.0
26	124715.0
27	149153.0
28	176191.0
29	210287.0
30	251796.0
31	308716.0
32	389742.0
33	509174.0
34	702754.0
35	1042977.0
36	1722506.0
37	2426235.0
38	1781474.0
39	346466.0
40	540.0
>>END_MODULE
>>Per base sequence content	fail
#Base	G	A	T	C
1	39.692559230903356	14.262787632957874	6.911134956966546	39.13351817917222
2	26.19165546475702	17.42133044528344	36.599418371399736	19.787595718559807
3	26.17716618911822	21.91495739649557	22.121008199926283	29.786868214459922
4	29.154084644606463	27.14151637857415	19.18484569001324	24.51955328680615
5	30.28109959174386	28.141921811754127	21.88328915797705	19.693689438524956
6	24.09163574122373	31.79321362939391	23.119608346362284	20.99554228302008
7	21.98385951700768	19.48137060587794	35.784661409726965	22.750108467387417
8	21.610678597631644	21.34255335464628	29.954850347806023	27.091917699916053
9	22.460317719412835	20.277613361830795	31.611850236478546	25.650218682277824
10-14	24.960249701083846	25.966620563496168	25.156942908797454	23.91618682662254
15-19	25.089405990591924	24.801942195235643	25.577049457727142	24.531602356445294
20-24	24.941715480997807	25.241608670137815	25.442744677439645	24.373931171424733
25-29	24.92581608831579	25.207647824013925	25.30942564984015	24.557110437830136
30-34	25.10731743828626	25.27762749434909	25.225444399401276	24.389610667963375
35-39	24.836059692475295	25.277210196190524	25.324586478963283	24.562143632370898
40-44	25.01255049806172	25.227924917652484	25.15754832431713	24.601976259968662
45-49	24.952380186815063	25.13624447179189	25.146399703314508	24.764975638078536
50-54	24.857530756848103	25.281703955291363	25.24168385581685	24.619081432043686
55-59	25.057518615653056	25.093617955005836	25.060163053455792	24.788700375885313
60-64	24.972557404718053	25.096193518198824	25.078533130107694	24.85271594697543
65-69	24.903960745806895	25.12110607854372	25.197573415517887	24.7773597601315
70-74	25.120093094032725	25.12752494245048	25.038022913972842	24.714359049543955
75-79	25.010778079731832	24.991033756245766	25.10471223037846	24.893475933643934
80-84	25.054343058010414	25.11356215004607	25.079006655202424	24.75308813674109
85-89	25.170600221672952	25.05214780080997	24.956099459040036	24.821152518477042
90-94	25.055543740420344	25.028164739037727	24.94861979006329	24.96767173047864
95-99	25.04305641633784	25.122515174521435	25.02354795586798	24.81088045327274
100	25.675075496287995	24.708406549656175	24.428205250779282	25.188312703276544
>>END_MODULE
>>Per base GC content	fail
#Base	%GC
1	78.82607741007558
2	45.97925118331682
3	55.96403440357815
4	53.67363793141261
5	49.974789030268816
6	45.087178024243805
7	44.73396798439509
8	48.70259629754769
9	48.11053640169066
10-14	48.87643652770638
15-19	49.62100834703722
20-24	49.315646652422544
25-29	49.482926526145924
30-34	49.496928106249634
35-39	49.39820332484619
40-44	49.61452675803039
45-49	49.7173558248936
50-54	49.47661218889179
55-59	49.846218991538365
60-64	49.82527335169348
65-69	49.681320505938395
70-74	49.83445214357668
75-79	49.90425401337577
80-84	49.80743119475151
85-89	49.99175274014999
90-94	50.02321547089898
95-99	49.853936869610585
100	50.86338819956454
>>END_MODULE
>>Per sequence GC content	warn
#GC Content	Count
0	3693.0
1	2624.5
2	1477.5
3	1358.5
4	1188.0
5	982.5
6	904.0
7	928.5
8	938.0
9	950.0
10	994.0
11	1067.5
12	1177.5
13	1330.0
14	1523.0
15	1766.0
16	2074.5
17	2589.5
18	3363.0
19	4451.5
20	6218.5
21	8804.5
22	12231.0
23	16780.5
24	22936.0
25	30666.5
26	40457.0
27	52896.0
28	66950.0
29	81228.0
30	95509.0
31	110460.0
32	124917.5
33	138804.0
34	154680.5
35	173181.5
36	188336.5
37	199034.0
38	212611.0
39	226556.0
40	235076.0
41	243806.0
42	257308.0
43	273578.5
44	292355.5
45	311153.0
46	334043.0
47	363783.5
48	387559.5
49	404704.0
50	424228.0
51	445177.0
52	466006.0
53	480593.5
54	485303.5
55	485474.5
56	475039.0
57	458055.5
58	438128.5
59	405392.0
60	364180.0
61	321381.0
62	281109.5
63	243509.5
64	205298.5
65	170848.5
66	141908.0
67	118233.0
68	98404.5
69	79959.5
70	63149.0
71	47344.0
72	35192.0
73	27571.0
74	21849.0
75	17008.5
76	13066.0
77	9697.5
78	6980.0
79	4720.5
80	3548.0
81	2867.5
82	2478.5
83	2129.5
84	1513.5
85	1015.5
86	682.5
87	473.0
88	348.0
89	265.5
90	177.0
91	113.5
92	83.0
93	59.5
94	44.0
95	24.5
96	16.0
97	15.0
98	10.0
99	6.0
100	3.5
>>END_MODULE
>>Per base N content	pass
#Base	N-Count
1	0.03907674782050904
2	0.053962729484895666
3	0.03981309767237302
4	0.03818141334153805
5	0.04722680186273083
6	0.0365413613987501
7	0.040616388419860996
8	0.04750293305717983
9	0.03777140035584106
10-14	0.03357587972260697
15-19	0.05164155392913352
20-24	0.05010693389695336
25-29	0.030469822165653443
30-34	0.0564228073990776
35-39	0.057652846356168574
40-44	0.09267799646903511
45-49	0.0688487111492823
50-54	0.06562048645781499
55-59	0.07358645303707077
60-64	0.0646699257399542
65-69	0.06663966159369036
70-74	0.06399549621654241
75-79	0.059870263523713524
80-84	0.064708416754938
85-89	0.06259141093082905
90-94	0.05565131357701102
95-99	0.0525469295424481
100	0.05199634067594071
>>END_MODULE
>>Sequence Length Distribution	pass
#Length	Count
100	1.1950841E7
>>END_MODULE
>>Sequence Duplication Levels	warn
#Total Duplicate Percentage	44.90136252474671
#Duplication Level	Relative count
1	100.0
2	23.056567723172392
3	9.199124134491008
4	5.176568061344403
5	3.5313612268880568
6	2.5540441145388604
7	2.027341207104994
8	1.6731060253798093
9	1.388196105949291
10++	20.47969699787797
>>END_MODULE
>>Overrepresented sequences	pass
>>END_MODULE
>>Kmer Content	warn
#Sequence	Count	Obs/Exp Overall	Obs/Exp Max	Max Obs/Exp Position
TTTTT	6328645	5.4616385	8.244903	2
AAAAA	5309260	4.8196015	6.82693	2
CTCCT	2723665	2.479072	6.0911894	1
CTCCA	2555410	2.3495736	5.776764	1
GAAGA	2521505	2.2426395	5.2078032	2
CTCTG	2488870	2.2252774	5.038659	1
CTGGA	2490900	2.209926	6.455405	1
CTTTT	2122785	1.8647729	5.1267476	1
GTTTT	2121845	1.8309653	7.836449	1
GGGGG	2121490	1.8298875	5.261557	1
GGAAG	1936890	1.705163	5.143782	1
GGAAA	1790625	1.5925913	5.902539	1
GTGGA	1781175	1.5522959	5.103305	1
CTGGG	1721620	1.5118892	5.6944456	1
GTTTG	1596410	1.377416	5.1017466	1
>>END_MODULE
