##FastQC	0.10.1
>>Basic Statistics	pass
#Measure	Value	
Filename	A_xenica_NA_BW_1_R1.fastq.gz	
File type	Conventional base calls	
Encoding	Sanger / Illumina 1.9	
Total Sequences	19503575	
Filtered Sequences	0	
Sequence length	100	
%GC	51	
>>END_MODULE
>>Per base sequence quality	pass
#Base	Mean	Median	Lower Quartile	Upper Quartile	10th Percentile	90th Percentile
1	30.04806759786347	31.0	30.0	34.0	25.0	34.0
2	30.358106398442338	31.0	30.0	34.0	26.0	34.0
3	29.916070105096118	31.0	30.0	34.0	25.0	34.0
4	31.608976713243596	35.0	32.0	37.0	16.0	37.0
5	32.66955929874395	35.0	33.0	37.0	19.0	37.0
6	33.050165418391245	36.0	33.0	37.0	27.0	37.0
7	33.18185763379278	36.0	35.0	37.0	27.0	37.0
8	33.16964566752505	37.0	35.0	37.0	27.0	37.0
9	34.62519081758088	39.0	35.0	39.0	27.0	39.0
10-14	34.67616764618794	39.0	35.0	39.4	26.6	39.4
15-19	34.83413257313082	39.0	33.8	41.0	21.6	41.0
20-24	35.094240619988895	39.0	34.8	41.0	24.4	41.0
25-29	34.78281883193209	39.0	34.0	41.0	23.0	41.0
30-34	34.390049383254095	39.0	33.8	41.0	20.4	41.0
35-39	33.99965837032441	38.0	33.0	40.4	17.6	41.0
40-44	33.75329583422526	38.0	33.0	40.0	15.6	41.0
45-49	33.251567192168615	38.0	32.6	40.0	11.6	41.0
50-54	32.56497983574807	36.8	31.8	40.0	7.2	41.0
55-59	31.16690614925725	35.2	29.6	39.2	2.0	41.0
60-64	30.93737716290475	35.0	30.0	38.6	2.0	40.4
65-69	30.214659917476666	35.0	29.8	36.8	2.0	39.6
70-74	29.463131072123957	34.2	29.0	35.6	2.0	38.4
75-79	28.414860455070418	33.4	28.2	35.0	2.0	36.2
80-84	28.411637302392002	34.0	29.0	35.0	2.0	35.8
85-89	27.96400063065361	34.0	28.4	35.0	2.0	35.0
90-94	26.949571706725557	33.8	25.2	35.0	2.0	35.0
95-99	26.76997319722154	33.4	25.8	35.0	2.0	35.0
100	25.621230056540917	33.0	23.0	35.0	2.0	35.0
>>END_MODULE
>>Per sequence quality scores	pass
#Quality	Count
2	650527.0
3	211057.0
4	112512.0
5	82645.0
6	75933.0
7	77837.0
8	83447.0
9	90431.0
10	96121.0
11	101474.0
12	105306.0
13	108828.0
14	109070.0
15	107395.0
16	105817.0
17	103166.0
18	100226.0
19	99082.0
20	98684.0
21	103212.0
22	114980.0
23	135571.0
24	166517.0
25	206044.0
26	251495.0
27	305678.0
28	364724.0
29	430754.0
30	513975.0
31	619079.0
32	761760.0
33	973239.0
34	1309147.0
35	1874584.0
36	2826790.0
37	3538560.0
38	2195650.0
39	292074.0
40	184.0
>>END_MODULE
>>Per base sequence content	fail
#Base	G	A	T	C
1	35.063876047693675	14.430137395312773	6.518520275398461	43.98746628159509
2	25.97662545130417	17.235048163552108	35.7076544735194	21.080671911624318
3	25.6750027983203	21.673089429189318	21.326754028953115	31.325153743537264
4	27.68306238577199	28.52624855161869	17.829797917743885	25.960891144865432
5	29.875248096514472	29.540994976563155	20.522103722046374	20.061653204875995
6	23.858498627556436	32.77539225712918	21.777839518252	21.588269597062386
7	21.46995261874786	18.639774437405002	36.63146101398864	23.258811929858496
8	21.765316672791364	20.86867341330276	29.139716207239218	28.22629370666666
9	22.871009818926915	19.78325179741005	30.641041847813682	26.704696535849354
10-14	25.1783004434064	25.872067595885262	24.341997350622556	24.607634610085785
15-19	25.45386525317992	24.75994842694603	24.601338455677478	25.184847864196573
20-24	25.33795853627076	24.81565473833145	24.687564370014623	25.15882235538317
25-29	25.423479247338932	24.83095364470966	24.48668269273121	25.258884415220194
30-34	25.195307339834194	24.855176901919425	24.503320516054117	25.44619524219226
35-39	25.251078831578354	24.912662669595125	24.51504026874486	25.32121823008166
40-44	25.44116834078726	24.769251361168504	24.41889989584503	25.370680402199202
45-49	25.435366172273927	24.766869832829613	24.351708698930487	25.44605529596597
50-54	25.391327619574277	24.843353527563156	24.39582396950567	25.369494883356897
55-59	25.519466461626937	24.673066787208118	24.27923588469099	25.52823086647395
60-64	25.4721988948708	24.576433385814575	24.34704518080802	25.604322538506608
65-69	25.448859151536553	24.705275053850833	24.302580791427282	25.543285003185336
70-74	25.61190190667694	24.603910553757803	24.283752101879138	25.50043543768612
75-79	25.503351857398982	24.542880198747696	24.30694832434818	25.64681961950514
80-84	25.47097053630197	24.578427413747715	24.337369109276512	25.613232940673807
85-89	25.58790466206837	24.58153911303427	24.186638447761112	25.643917777136245
90-94	25.39424133297051	24.49943038122337	24.266976071204645	25.839352214601476
95-99	25.46966252665847	24.639416283837154	24.272342583304933	25.61857860619944
100	25.82071318227574	24.197463814189152	23.90403735447122	26.077785649063884
>>END_MODULE
>>Per base GC content	fail
#Base	%GC
1	79.05134232928876
2	47.05729736292849
3	57.000156541857564
4	53.643953530637425
5	49.93690130139047
6	45.446768224618815
7	44.72876454860636
8	49.991610379458024
9	49.575706354776266
10-14	49.78593505349219
15-19	50.6387131173765
20-24	50.49678089165393
25-29	50.682363662559126
30-34	50.641502582026455
35-39	50.57229706166001
40-44	50.81184874298646
45-49	50.88142146823989
50-54	50.76082250293118
55-59	51.047697328100895
60-64	51.07652143337741
65-69	50.992144154721885
70-74	51.112337344363056
75-79	51.15017147690413
80-84	51.08420347697577
85-89	51.23182243920462
90-94	51.233593547571985
95-99	51.08824113285792
100	51.89849883133962
>>END_MODULE
>>Per sequence GC content	warn
#GC Content	Count
0	122.0
1	136.0
2	171.0
3	212.0
4	250.0
5	303.0
6	359.0
7	414.5
8	492.5
9	580.5
10	632.5
11	694.5
12	783.0
13	873.0
14	978.0
15	1128.5
16	1346.5
17	1622.5
18	2065.0
19	2746.5
20	3834.5
21	5647.5
22	8429.0
23	12445.0
24	17734.0
25	24306.5
26	33359.0
27	44678.0
28	57754.5
29	72932.5
30	90145.5
31	111528.0
32	135819.0
33	160704.5
34	184321.0
35	209823.0
36	234955.5
37	261642.0
38	292311.0
39	326113.5
40	359750.0
41	389008.0
42	421843.5
43	462586.5
44	508153.5
45	542961.0
46	580567.5
47	628824.0
48	678498.0
49	723486.0
50	758732.0
51	797722.0
52	837111.0
53	857148.5
54	859682.0
55	855474.5
56	841546.0
57	812796.0
58	761365.5
59	695404.0
60	615553.0
61	539306.0
62	476366.0
63	411336.5
64	348847.0
65	290252.0
66	240018.5
67	198865.0
68	162576.0
69	127823.0
70	96548.0
71	71803.0
72	54028.5
73	42981.0
74	35009.5
75	28661.5
76	22146.0
77	16431.0
78	12349.0
79	8700.5
80	6379.0
81	4887.5
82	4356.5
83	4167.0
84	2773.5
85	1393.0
86	910.0
87	628.0
88	437.5
89	304.5
90	234.5
91	163.5
92	104.0
93	77.5
94	57.5
95	44.5
96	31.5
97	16.0
98	9.0
99	4.0
100	2.5
>>END_MODULE
>>Per base N content	pass
#Base	N-Count
1	0.12612559492298206
2	0.003348104129627517
3	0.00412232116419682
4	3.8536883622617903
5	0.00814209702580168
6	0.013284743950788509
7	0.014479396725984852
8	0.01686357501124794
9	0.02045778786709616
10-14	0.022316934203088407
15-19	0.19594458964574446
20-24	0.005608202598754331
25-29	0.0064685576875008815
30-34	0.01657439725793861
35-39	0.016741546101163504
40-44	0.019406698515528564
45-49	0.007734992174511597
50-54	0.008550227330117684
55-59	0.9460942416967146
60-64	0.0024600618091811374
65-69	0.002263174828204573
70-74	0.0034332167307788443
75-79	0.003368613190145909
80-84	0.003801354367083983
85-89	0.005125214223546196
90-94	1.0117601516645025
95-99	0.010188901265537216
100	0.004629920412027026
>>END_MODULE
>>Sequence Length Distribution	pass
#Length	Count
100	1.9503575E7
>>END_MODULE
>>Sequence Duplication Levels	fail
#Total Duplicate Percentage	50.267882666469944
#Duplication Level	Relative count
1	100.0
2	24.835437874320892
3	11.136452133281415
4	6.328456731749829
5	4.477944039606164
6	3.212438115369639
7	2.583857150803805
8	2.167584506128201
9	1.7114461070627283
10++	28.968496782926334
>>END_MODULE
>>Overrepresented sequences	pass
>>END_MODULE
>>Kmer Content	warn
#Sequence	Count	Obs/Exp Overall	Obs/Exp Max	Max Obs/Exp Position
TTTTT	6398445	3.9923527	5.9539776	2
AAAAA	6630480	3.9843998	6.2151957	2
TCCTC	4747485	2.5716765	5.203354	2
CTCCT	4716815	2.5550628	7.9008007	1
GAAGA	4339035	2.4240987	6.035743	2
CTCCA	4393345	2.3620045	7.0769024	1
CTGGA	4226915	2.2869043	6.642943	1
CTCTG	4119110	2.2383378	5.271611	1
CTGAA	3414680	1.9160414	5.1073623	1
GAAAA	3301905	1.9131639	5.2049727	2
GTTTT	2881785	1.7207522	5.7390223	1
GGAAG	3173045	1.7092397	5.08673	1
CTCAG	3145600	1.696518	5.575768	1
GGAAA	2808270	1.5689027	5.7288747	1
CTGGG	2746390	1.4327034	5.2388687	1
>>END_MODULE
