##FastQC	0.10.1
>>Basic Statistics	pass
#Measure	Value	
Filename	F_notti_NA_FW_1_R2.fastq.gz	
File type	Conventional base calls	
Encoding	Sanger / Illumina 1.9	
Total Sequences	11289585	
Filtered Sequences	0	
Sequence length	100	
%GC	48	
>>END_MODULE
>>Per base sequence quality	pass
#Base	Mean	Median	Lower Quartile	Upper Quartile	10th Percentile	90th Percentile
1	29.71107246191955	31.0	30.0	34.0	25.0	34.0
2	29.73971691607796	31.0	30.0	34.0	25.0	34.0
3	29.776805524738066	31.0	30.0	34.0	25.0	34.0
4	33.08968301314884	37.0	35.0	37.0	26.0	37.0
5	33.03520962019419	37.0	35.0	37.0	26.0	37.0
6	32.93082969834587	37.0	35.0	37.0	25.0	37.0
7	32.974191876849325	37.0	35.0	37.0	26.0	37.0
8	32.930783992502825	37.0	35.0	37.0	26.0	37.0
9	34.332206896887705	39.0	35.0	39.0	25.0	39.0
10-14	34.40422419424629	39.2	35.2	39.4	25.0	39.4
15-19	35.129308827560976	40.0	35.6	41.0	23.6	41.0
20-24	34.84410238285995	39.4	35.0	41.0	19.8	41.0
25-29	34.631486896994	39.0	34.8	41.0	18.6	41.0
30-34	34.330358325837494	39.0	34.0	41.0	16.6	41.0
35-39	33.938699748485	39.0	33.4	41.0	14.4	41.0
40-44	33.508177032193835	38.2	33.0	40.0	8.8	41.0
45-49	33.06717084817556	38.0	32.6	40.0	6.0	41.0
50-54	32.35239996864367	37.0	31.6	39.6	2.0	40.6
55-59	32.33942384950377	36.8	32.0	40.0	2.0	41.0
60-64	31.57692536971022	35.6	31.0	39.4	2.0	41.0
65-69	30.831077457674485	35.0	31.0	38.2	2.0	40.4
70-74	30.084753443107076	35.0	30.0	36.6	2.0	39.4
75-79	29.353648942808793	34.8	29.6	35.4	2.0	38.0
80-84	28.694105230617424	34.0	29.0	35.0	2.0	36.4
85-89	28.166019689829163	34.0	29.0	35.0	2.0	35.8
90-94	27.67612377248588	34.0	28.0	35.0	2.0	35.0
95-99	27.08927456589414	34.0	27.0	35.0	2.0	35.0
100	25.90548253102306	33.0	24.0	35.0	2.0	35.0
>>END_MODULE
>>Per sequence quality scores	pass
#Quality	Count
2	574707.0
3	81398.0
4	54911.0
5	42541.0
6	39913.0
7	41057.0
8	43661.0
9	47155.0
10	50785.0
11	51802.0
12	50212.0
13	49016.0
14	49449.0
15	49755.0
16	50454.0
17	49459.0
18	49056.0
19	49653.0
20	51675.0
21	55012.0
22	61080.0
23	71657.0
24	86012.0
25	104211.0
26	124430.0
27	146286.0
28	174026.0
29	205696.0
30	245908.0
31	299719.0
32	373183.0
33	479962.0
34	650206.0
35	938174.0
36	1500890.0
37	2192559.0
38	1755057.0
39	348340.0
40	518.0
>>END_MODULE
>>Per base sequence content	fail
#Base	G	A	T	C
1	36.44198110636631	14.908821977198073	7.623814716721783	41.02538219971383
2	24.842010099689567	17.723311049609904	39.34235465908562	18.09232419161491
3	25.27620573352231	22.763863551442952	24.327685200087636	27.6322455149471
4	26.599966233237925	29.559317166942073	20.25663625442413	23.584080345395865
5	28.665641809357044	30.82046545396021	22.064555730028264	18.44933700665448
6	22.15309106694619	34.03397056579145	23.407830250334527	20.405108116927835
7	20.275084065478413	19.191966370440785	38.24480516067782	22.288144403402978
8	20.60258395349777	21.593987435776913	30.486718307452676	27.31671030327264
9	22.095970910052653	20.609007400206497	31.624460238193176	25.670561451547673
10-14	24.062492439766036	26.857736801149695	25.61986917660379	23.45990158248048
15-19	24.274780857881854	25.567535507243566	26.19182363467359	23.965860000200998
20-24	24.15800823145578	26.012663009132066	26.036779751607124	23.792549007805025
25-29	24.258611066635346	26.083033391438814	25.800758245075645	23.85759729685019
30-34	24.082656520747744	26.00586681682428	25.962093886970415	23.949382775457558
35-39	24.103258019353163	26.02194802988342	25.96807029517498	23.90672365558844
40-44	24.244117536234132	26.01975605269049	25.826591276323636	23.909535134751742
45-49	24.214891127250965	25.957088419793266	25.789289269750594	24.038731183205172
50-54	24.16493517021664	25.999159975522897	25.859885668672938	23.97601918558753
55-59	24.358684339647024	25.82427361874756	25.74614625827712	24.0708957833283
60-64	24.264237253758807	25.80742280512778	25.774659766983838	24.153680174129573
65-69	24.168760604209975	25.861430888466007	25.874119860988294	24.09568864633573
70-74	24.343588507161307	25.937378672618618	25.681149425694898	24.037883394525178
75-79	24.259126372281457	25.829865420511506	25.726514565499777	24.18449364170726
80-84	24.292275258281553	25.891748653957773	25.735922769143816	24.08005331861686
85-89	24.389348656119445	25.85391615234109	25.624178614366727	24.132556577172736
90-94	24.341564356080774	25.78093997740555	25.64137184078792	24.236123825725755
95-99	24.361486885566507	25.85015456146874	25.67703536279817	24.111323190166587
100	24.816146177805777	25.51753030382409	25.212029922956958	24.454293595413176
>>END_MODULE
>>Per base GC content	fail
#Base	%GC
1	77.46736330608014
2	42.934334291304474
3	52.90845124846941
4	50.18404657863379
5	47.11497881601153
6	42.558199183874024
7	42.56322846888139
8	47.919294256770414
9	47.766532361600326
10-14	47.522394022246516
15-19	48.24064085808285
20-24	47.95055723926081
25-29	48.11620836348554
30-34	48.032039296205305
35-39	48.009981674941606
40-44	48.15365267098588
45-49	48.25362231045614
50-54	48.14095435580417
55-59	48.429580122975324
60-64	48.417917427888376
65-69	48.2644492505457
70-74	48.38147190168648
75-79	48.44362001398872
80-84	48.37232857689841
85-89	48.52190523329218
90-94	48.577688181806536
95-99	48.47281007573309
100	49.27043977321895
>>END_MODULE
>>Per sequence GC content	warn
#GC Content	Count
0	2376.0
1	1664.5
2	865.0
3	779.0
4	739.5
5	671.5
6	668.0
7	668.5
8	703.0
9	786.5
10	810.5
11	834.0
12	921.5
13	1028.0
14	1163.0
15	1437.5
16	1837.0
17	2429.0
18	3245.0
19	4537.5
20	6384.0
21	9069.5
22	13440.5
23	18893.5
24	25164.0
25	33990.5
26	44706.0
27	57000.5
28	71701.0
29	88287.5
30	104653.0
31	119711.5
32	135777.0
33	153455.5
34	169869.0
35	187419.5
36	207666.0
37	223324.5
38	237360.0
39	251212.5
40	261447.0
41	272536.0
42	289122.5
43	308689.5
44	327350.0
45	343696.5
46	361246.5
47	381218.5
48	399168.0
49	413459.5
50	426070.0
51	437923.5
52	447128.0
53	450062.0
54	445797.5
55	432865.5
56	410861.0
57	384326.0
58	353541.0
59	319175.0
60	281521.5
61	243213.5
62	207296.0
63	175574.5
64	147041.5
65	121927.5
66	100240.0
67	81320.0
68	66006.0
69	51772.5
70	39328.0
71	29425.5
72	21372.0
73	16205.5
74	13088.0
75	10335.5
76	7921.0
77	6199.5
78	4526.0
79	3204.5
80	2557.5
81	1962.5
82	1506.0
83	1338.0
84	1050.5
85	676.5
86	440.0
87	304.0
88	195.0
89	108.0
90	64.5
91	40.0
92	25.5
93	14.0
94	9.5
95	11.5
96	8.5
97	4.5
98	2.0
99	2.0
100	1.0
>>END_MODULE
>>Per base N content	pass
#Base	N-Count
1	0.052171979749477064
2	0.062535513927217
3	0.05606051949650939
4	0.055803645572445756
5	0.05370436557233946
6	0.057778917471279945
7	0.056831141268700314
8	0.04854917164802781
9	0.06255322937025587
10-14	0.046166444559299566
15-19	0.051275578331710155
20-24	0.054363380053385486
25-29	0.03355304911562294
30-34	0.04820372050876981
35-39	0.04558360648332069
40-44	0.09309465316927061
45-49	0.07404878035817969
50-54	0.06672344466160625
55-59	0.08905376061210399
60-64	0.08681275706768672
65-69	0.0790445352951415
70-74	0.07196898734541615
75-79	0.07270063514292155
80-84	0.08922028577666939
85-89	0.0833369871434601
90-94	0.058790469268799515
95-99	0.07592484577599619
100	0.07748734785202469
>>END_MODULE
>>Sequence Length Distribution	pass
#Length	Count
100	1.1289585E7
>>END_MODULE
>>Sequence Duplication Levels	warn
#Total Duplicate Percentage	40.3543981129204
#Duplication Level	Relative count
1	100.0
2	21.760831778532587
3	8.89346026886093
4	4.917954360618093
5	3.16700952016457
6	2.3114704428391457
7	1.7924061936883062
8	1.4352006888963307
9	1.1784592323270981
10++	14.009950724776347
>>END_MODULE
>>Overrepresented sequences	pass
>>END_MODULE
>>Kmer Content	warn
#Sequence	Count	Obs/Exp Overall	Obs/Exp Max	Max Obs/Exp Position
TTTTT	5642985	4.515236	8.095446	2
AAAAA	5138780	4.211458	6.425037	2
CTCCT	2431920	2.405791	6.9174337	1
CTCCA	2325055	2.3111176	6.7111835	1
CTCTG	2312700	2.2641346	5.604933	1
CTGGA	2308830	2.247654	7.4006033	1
TCCAG	2275065	2.237984	5.1954775	7
GAAGA	2295055	2.1017382	5.5190387	2
CTTCA	2220640	2.0566227	5.390297	1
GAAAA	2317165	2.0074093	5.416443	2
GGAGA	2015715	1.9512869	5.1788816	1
GTTTT	2220010	1.8867449	8.436063	1
CTTTT	2185920	1.8772328	5.507251	1
CTGAA	2036620	1.8756031	5.2415853	1
CTTTG	1890765	1.7246785	5.427118	1
GGAAG	1736415	1.6809139	5.572361	1
CTCAG	1707365	1.6795369	5.728148	1
GGAAA	1792200	1.6412394	6.403566	1
CTGGG	1555965	1.6011935	6.2451696	1
GGGAG	1442655	1.4762537	5.1984925	1
GTTTG	1570580	1.4177675	5.7629066	1
GGGAA	1374685	1.330746	5.0371914	1
>>END_MODULE
