##FastQC	0.10.1
>>Basic Statistics	pass
#Measure	Value	
Filename	F_heteroclitus_MDPP_BW_2_R2.fastq.gz	
File type	Conventional base calls	
Encoding	Sanger / Illumina 1.9	
Total Sequences	20456175	
Filtered Sequences	0	
Sequence length	100	
%GC	49	
>>END_MODULE
>>Per base sequence quality	fail
#Base	Mean	Median	Lower Quartile	Upper Quartile	10th Percentile	90th Percentile
1	27.94116637152351	31.0	28.0	34.0	10.0	34.0
2	27.920874503664542	31.0	28.0	34.0	10.0	34.0
3	27.970669981069285	31.0	28.0	34.0	10.0	34.0
4	31.106080291159028	35.0	32.0	37.0	10.0	37.0
5	30.999893479597237	35.0	32.0	37.0	10.0	37.0
6	30.84234897286516	35.0	32.0	37.0	7.0	37.0
7	30.869193532026394	35.0	32.0	37.0	2.0	37.0
8	30.789144060412077	35.0	32.0	37.0	2.0	37.0
9	31.99804885321914	37.0	32.0	39.0	2.0	39.0
10-14	32.012643966919526	37.2	32.0	39.4	2.0	39.4
15-19	32.530517831412766	38.0	32.0	41.0	2.0	41.0
20-24	32.15049444971995	38.0	31.0	40.0	2.0	41.0
25-29	31.842423023854657	38.0	30.6	40.0	2.0	41.0
30-34	31.443003014982033	38.0	30.0	40.0	2.0	41.0
35-39	30.93663599377694	37.6	29.6	40.0	2.0	41.0
40-44	30.389056986460083	37.0	28.2	40.0	2.0	41.0
45-49	29.839464660426493	36.0	27.0	40.0	2.0	41.0
50-54	29.135372287341113	35.0	26.0	39.0	2.0	40.4
55-59	29.03895585562795	35.0	26.0	39.0	2.0	41.0
60-64	28.246475228140156	34.6	25.4	38.0	2.0	40.2
65-69	27.495490892114482	34.0	23.4	36.6	2.0	39.6
70-74	26.768845123782917	34.0	22.2	35.4	2.0	38.8
75-79	26.059410510518216	33.2	19.4	35.0	2.0	36.8
80-84	25.394285060623506	33.0	16.2	35.0	2.0	36.0
85-89	24.823157731100757	33.0	7.0	35.0	2.0	35.0
90-94	24.24595195338327	32.6	2.0	35.0	2.0	35.0
95-99	23.515116291291015	32.0	2.0	35.0	2.0	35.0
100	22.255752309510452	31.0	2.0	34.0	2.0	35.0
>>END_MODULE
>>Per sequence quality scores	pass
#Quality	Count
2	1924914.0
3	248637.0
4	152176.0
5	120477.0
6	114673.0
7	115105.0
8	120546.0
9	128789.0
10	137190.0
11	137069.0
12	131029.0
13	127140.0
14	126832.0
15	127369.0
16	128085.0
17	126561.0
18	126097.0
19	127276.0
20	131924.0
21	138987.0
22	153671.0
23	176226.0
24	208953.0
25	246741.0
26	287165.0
27	331857.0
28	386273.0
29	448995.0
30	523958.0
31	623633.0
32	761723.0
33	956352.0
34	1252389.0
35	1730009.0
36	2508765.0
37	3024544.0
38	1997910.0
39	345688.0
40	447.0
>>END_MODULE
>>Per base sequence content	fail
#Base	G	A	T	C
1	40.186817387988874	11.939979808204845	9.274717623716317	38.598485180089966
2	28.494724476299393	19.913731230656193	26.657131898217152	24.93441239482726
3	29.430922835065594	24.049645697745056	19.25582122837922	27.26361023881013
4	32.81342995130806	28.000074732351315	17.730714981718695	21.45578033462193
5	31.027576624994524	29.181909630710095	20.792311012025866	18.998202732269515
6	24.15801765720421	33.141586886841765	22.705459459797854	19.99493599615617
7	22.825892388151065	20.069780808502305	35.17997812447607	21.924348678870555
8	22.757641919795695	21.400128766247693	29.485123292581804	26.357106021374804
9	21.763826184301127	20.157410538583566	32.66843618244351	25.410327094671803
10-14	25.171190055898794	26.111101004362986	24.951906223983276	23.765802715754948
15-19	24.956996432187193	25.116627694749567	25.791882157264094	24.134493715799152
20-24	24.89594180319625	25.755059797846556	25.481985955090085	23.867012443867104
25-29	24.879680238200258	25.5347072824333	25.413346466362547	24.1722660130039
30-34	24.767494924107986	25.582721695376055	25.51229523730575	24.137488143210213
35-39	24.84005507291428	25.58086673477768	25.34659490079367	24.232483291514377
40-44	24.98817164899807	25.520642666920466	25.267711178314737	24.223474505766728
45-49	24.924150316837377	25.45446217009771	25.252700525789912	24.368686987275005
50-54	24.762282296959892	25.60875064391238	25.35055565890329	24.278411400224435
55-59	25.03608185934515	25.281512182772524	25.170653806588827	24.511752151293503
60-64	24.87399474682821	25.454879607287147	25.212122879653037	24.459002766231606
65-69	24.824144640148027	25.405748638118435	25.281251363642674	24.488855358090856
70-74	25.085853244183316	25.4287907531179	25.101982951172662	24.383373051526114
75-79	24.931530873507672	25.292358995071112	25.243740561314908	24.532369570106308
80-84	25.00692481906819	25.450232615993706	25.110395921564354	24.432446643373755
85-89	25.133496061847588	25.294506765915198	25.056902992339893	24.51509417989733
90-94	25.029428905931027	25.345675864006605	25.03844918902705	24.586446041035313
95-99	24.99820151981042	25.37946464452106	25.09766997291229	24.52466386275623
100	25.602486878531078	24.89743264867044	24.569069387120145	24.931011085678335
>>END_MODULE
>>Per base GC content	fail
#Base	%GC
1	78.78530256807885
2	53.429136871126644
3	56.69453307387572
4	54.269210285929994
5	50.025779357264035
6	44.15295365336038
7	44.750241067021626
8	49.1147479411705
9	47.17415327897292
10-14	48.93699277165374
15-19	49.09149014798634
20-24	48.762954247063355
25-29	49.05194625120416
30-34	48.904983067318206
35-39	49.07253836442865
40-44	49.2116461547648
45-49	49.29283730411238
50-54	49.04069369718433
55-59	49.54783401063865
60-64	49.33299751305981
65-69	49.31299999823888
70-74	49.469226295709426
75-79	49.46390044361398
80-84	49.43937146244195
85-89	49.64859024174491
90-94	49.61587494696634
95-99	49.52286538256665
100	50.53349796420942
>>END_MODULE
>>Per sequence GC content	warn
#GC Content	Count
0	20518.0
1	13448.0
2	5927.5
3	5275.0
4	4562.0
5	3709.5
6	3355.5
7	3254.0
8	3216.5
9	3319.0
10	3319.0
11	3345.5
12	3487.5
13	3646.0
14	4014.5
15	4536.5
16	5254.5
17	6276.0
18	7853.5
19	10281.0
20	13554.5
21	18278.5
22	25149.5
23	34141.0
24	45737.5
25	61103.5
26	79932.0
27	102287.5
28	127556.5
29	153908.5
30	180798.5
31	208854.5
32	235458.5
33	261603.0
34	291384.5
35	318400.0
36	340900.5
37	361136.0
38	381673.5
39	401474.5
40	414130.5
41	428695.0
42	449363.5
43	474652.0
44	509560.0
45	540500.5
46	571442.5
47	607726.0
48	635055.0
49	658354.5
50	686214.0
51	718813.5
52	749190.5
53	768844.5
54	778561.0
55	785321.5
56	769705.5
57	739330.5
58	705549.5
59	654053.5
60	598515.0
61	537741.5
62	474111.5
63	415116.0
64	353486.0
65	300123.5
66	255763.0
67	215982.5
68	182696.0
69	151799.0
70	122698.0
71	94637.0
72	72025.0
73	57374.0
74	46923.5
75	39039.5
76	31641.5
77	24718.5
78	18402.5
79	12677.0
80	10198.5
81	8989.0
82	8682.0
83	8039.5
84	5861.5
85	3960.0
86	2595.0
87	1705.0
88	1269.5
89	939.0
90	608.0
91	394.0
92	266.5
93	158.5
94	95.5
95	60.0
96	40.5
97	39.5
98	25.5
99	21.0
100	16.0
>>END_MODULE
>>Per base N content	pass
#Base	N-Count
1	0.045247950802141654
2	0.05377838232220833
3	0.04855257642252279
4	0.0482788204539705
5	0.04684649011850944
6	0.04841080993880821
7	0.04682693612075571
8	0.0404278903558461
9	0.05209673851538716
10-14	0.03808629912483639
15-19	0.0430275943572051
20-24	0.045225463704724855
25-29	0.02811962646975791
30-34	0.04414314992905565
35-39	0.038095098423825566
40-44	0.0879548595961855
45-49	0.06666642224169475
50-54	0.06251413081868921
55-59	0.08018312318896371
60-64	0.07761177248434764
65-69	0.07138675729944625
70-74	0.06428474531528988
75-79	0.06507374912465308
80-84	0.08140231494890907
85-89	0.07539141603941107
90-94	0.05445983914392598
95-99	0.06802249198591624
100	0.07080991436571109
>>END_MODULE
>>Sequence Length Distribution	pass
#Length	Count
100	2.0456175E7
>>END_MODULE
>>Sequence Duplication Levels	fail
#Total Duplicate Percentage	50.497575433561245
#Duplication Level	Relative count
1	100.0
2	31.33786805108189
3	13.54352192201296
4	6.910076168100344
5	4.25082420705597
6	2.957671757171549
7	2.3447269695706545
8	1.8691500246314752
9	1.5337830156504604
10++	24.72526431467657
>>END_MODULE
>>Overrepresented sequences	warn
#Sequence	Count	Percentage	Possible Source
TTTTTTTTTTTTTTTTTTTTTTTTTTTTTTTTTTTTTTTTTTTTTTTTTT	39786	0.1944938386575203	No Hit
>>END_MODULE
>>Kmer Content	warn
#Sequence	Count	Obs/Exp Overall	Obs/Exp Max	Max Obs/Exp Position
TTTTT	15050055	7.6675677	9.458926	10-14
AAAAA	10368065	5.139999	8.566508	2
GGGGG	4275740	2.12555	6.1270065	1
CTGGA	4039220	2.088661	5.8667455	1
GAAAA	4052245	2.0100176	5.7938514	1
GTTTT	3722095	1.8870138	5.7346673	1
GGAAA	3217255	1.5967197	5.692484	1
GCCAG	2695215	1.4363141	5.2590365	1
CGGGG	2252985	1.1599408	5.037512	1
>>END_MODULE
