##FastQC	0.10.1
>>Basic Statistics	pass
#Measure	Value	
Filename	F_rathbuni_NA_BW_3_R2.fastq.gz	
File type	Conventional base calls	
Encoding	Sanger / Illumina 1.9	
Total Sequences	12687300	
Filtered Sequences	0	
Sequence length	100	
%GC	49	
>>END_MODULE
>>Per base sequence quality	pass
#Base	Mean	Median	Lower Quartile	Upper Quartile	10th Percentile	90th Percentile
1	30.26620076769683	31.0	31.0	34.0	26.0	34.0
2	30.305759539066624	31.0	31.0	34.0	26.0	34.0
3	30.350043665712956	31.0	31.0	34.0	26.0	34.0
4	33.726259881929174	37.0	35.0	37.0	28.0	37.0
5	33.680871028508825	37.0	35.0	37.0	28.0	37.0
6	33.6365969118725	37.0	35.0	37.0	28.0	37.0
7	33.655949492799884	37.0	35.0	37.0	28.0	37.0
8	33.59803196897685	37.0	35.0	37.0	28.0	37.0
9	35.078106768185506	39.0	35.0	39.0	28.0	39.0
10-14	35.17286289439045	39.2	35.2	39.4	27.0	39.4
15-19	35.96114185051193	40.0	36.0	41.0	27.0	41.0
20-24	35.733441693662165	40.0	36.0	41.0	26.8	41.0
25-29	35.485279972886275	40.0	35.8	41.0	25.4	41.0
30-34	34.68202539547421	39.4	34.2	41.0	19.8	41.0
35-39	34.59036786392692	39.0	33.8	41.0	22.6	41.0
40-44	34.2974003925185	38.8	33.8	40.6	20.2	41.0
45-49	33.986532311839404	38.0	33.0	40.0	18.8	41.0
50-54	33.16545361109141	37.6	32.4	39.6	15.6	40.6
55-59	33.109383178454046	37.2	33.0	40.0	13.2	41.0
60-64	32.37144524051611	35.6	32.0	39.4	7.8	41.0
65-69	31.556709386551905	35.0	31.2	38.2	3.4	40.4
70-74	30.819318940988232	35.0	31.0	36.6	2.0	39.4
75-79	30.069779417212487	35.0	30.6	35.4	2.0	38.0
80-84	29.420885625783264	34.2	30.0	35.0	2.0	36.4
85-89	28.890321707534305	34.0	29.8	35.0	2.0	35.6
90-94	28.396123824612012	34.0	29.0	35.0	2.0	35.0
95-99	27.817579075138134	34.0	29.0	35.0	2.0	35.0
100	26.548061920187905	33.0	25.0	35.0	2.0	35.0
>>END_MODULE
>>Per sequence quality scores	pass
#Quality	Count
2	472103.0
3	72338.0
4	47624.0
5	40280.0
6	39486.0
7	41270.0
8	43987.0
9	47395.0
10	50506.0
11	52563.0
12	51098.0
13	50877.0
14	50990.0
15	51831.0
16	53190.0
17	52205.0
18	52167.0
19	52595.0
20	54457.0
21	58532.0
22	65114.0
23	75877.0
24	92062.0
25	111405.0
26	133793.0
27	159048.0
28	190291.0
29	226276.0
30	272378.0
31	334431.0
32	421524.0
33	549456.0
34	752560.0
35	1105482.0
36	1808334.0
37	2601051.0
38	1983470.0
39	368760.0
40	494.0
>>END_MODULE
>>Per base sequence content	fail
#Base	G	A	T	C
1	37.51632054379866	14.351528684693676	7.72930073285244	40.40285003865522
2	26.162371141947137	17.303252108622164	37.52953553573556	19.004841213695137
3	25.916123632426956	22.27005593098258	23.36699232294337	28.446828113647086
4	27.519641934353057	28.717530667878595	19.448183975575137	24.314643422193214
5	29.30721094323105	30.157267863658134	21.67803642702314	18.85748476608768
6	22.7222438520244	33.484479132024155	22.848033109839395	20.945243906112047
7	20.933971589751913	18.814836962259623	37.47725342212846	22.773938025859998
8	21.170550860822544	21.333208850714218	29.973353990719314	27.52288629774392
9	22.429643403684477	20.37926051705287	31.19373126083685	25.9973648184258
10-14	24.531314813739634	26.349783849208848	25.312618944274863	23.80628239277666
15-19	24.72846549702891	25.1210903448306	25.77886274048232	24.371581417658163
20-24	24.533551069824814	25.515637882194152	25.712021494733804	24.23878955324723
25-29	24.603278535082726	25.648725131256555	25.44196413204555	24.306032201615167
30-34	24.69360748930397	25.57148593938549	25.498411811565052	24.23649475974548
35-39	24.454000894725755	25.603482490673734	25.57035612444574	24.37216049015477
40-44	24.64426314488633	25.529011369742204	25.419142438556978	24.407583046814484
45-49	24.62652154958777	25.510052763178738	25.38048292868807	24.48294275854542
50-54	24.52849828382505	25.626227191277795	25.476705448855462	24.368569076041695
55-59	24.722514687299622	25.442106553703848	25.345397470451562	24.489981288544975
60-64	24.605032968462275	25.424746356009614	25.326759057890346	24.64346161763776
65-69	24.587862467791002	25.512795305166318	25.41129600303613	24.48804622400655
70-74	24.745383442107684	25.500502213219328	25.2818893406583	24.472225004014696
75-79	24.706662987853434	25.374085890068308	25.301845568991382	24.617405553086876
80-84	24.665347131109574	25.482479538368345	25.314296406901093	24.537876923620985
85-89	24.835940267695666	25.390065373415233	25.201350623654744	24.572643735234358
90-94	24.710246985393784	25.324266244320103	25.23811920412942	24.72736756615669
95-99	24.735428610776292	25.456558246112294	25.25505800122772	24.552955141883697
100	25.217396104364642	25.116569008324586	24.69379072739266	24.972244159918112
>>END_MODULE
>>Per base GC content	fail
#Base	%GC
1	77.91917058245387
2	45.16721235564227
3	54.36295174607405
4	51.834285356546275
5	48.16469570931873
6	43.667487758136446
7	43.70790961561191
8	48.69343715856647
9	48.42700822211028
10-14	48.33759720651629
15-19	49.10004691468707
20-24	48.77234062307205
25-29	48.9093107366979
30-34	48.93010224904945
35-39	48.82616138488052
40-44	49.05184619170082
45-49	49.10946430813319
50-54	48.89706735986674
55-59	49.2124959758446
60-64	49.24849458610004
65-69	49.07590869179755
70-74	49.21760844612238
75-79	49.32406854094031
80-84	49.20322405473056
85-89	49.40858400293002
90-94	49.43761455155048
95-99	49.28838375265999
100	50.18964026428275
>>END_MODULE
>>Per sequence GC content	warn
#GC Content	Count
0	2892.0
1	2030.5
2	1112.0
3	1059.0
4	952.0
5	809.5
6	793.5
7	809.0
8	836.5
9	886.5
10	915.5
11	983.0
12	1137.5
13	1265.0
14	1400.0
15	1641.0
16	2000.5
17	2510.0
18	3303.0
19	4530.0
20	6253.5
21	8720.5
22	12287.5
23	17314.5
24	23924.0
25	32990.5
26	45028.0
27	57484.0
28	69774.5
29	84351.5
30	100746.0
31	118731.5
32	137121.5
33	155394.5
34	173302.5
35	190272.0
36	205945.5
37	218807.5
38	232011.0
39	246219.5
40	258493.0
41	274227.0
42	293214.0
43	312102.5
44	335162.5
45	359569.5
46	383641.5
47	408072.0
48	432262.0
49	457134.0
50	481576.0
51	506667.0
52	532004.5
53	544407.5
54	539633.0
55	523916.5
56	504119.5
57	482830.5
58	448991.0
59	400635.0
60	351232.0
61	303094.0
62	257761.0
63	220162.5
64	185641.5
65	153205.5
66	125134.0
67	101918.0
68	82517.0
69	64570.0
70	48270.0
71	35688.0
72	25966.5
73	20093.5
74	16769.5
75	13303.0
76	9870.0
77	7108.5
78	4975.5
79	3399.0
80	2487.5
81	1972.0
82	1582.5
83	1279.0
84	1010.0
85	747.0
86	520.0
87	365.0
88	270.0
89	213.5
90	141.0
91	85.5
92	66.5
93	48.5
94	32.0
95	15.0
96	6.5
97	6.5
98	5.5
99	2.5
100	4.0
>>END_MODULE
>>Per base N content	pass
#Base	N-Count
1	0.03676905251708401
2	0.050357444058231456
3	0.0370843284229111
4	0.0353581928385078
5	0.04383123280761076
6	0.032962095954221934
7	0.03643801281596557
8	0.0431612715077282
9	0.033915805569348874
10-14	0.030263334200342076
15-19	0.0471605463731448
20-24	0.04566613857952441
25-29	0.02740220535496126
30-34	0.053216996524083134
35-39	0.05333207222971003
40-44	0.08896297872675826
45-49	0.06517225887304628
50-54	0.06258226730667675
55-59	0.06985883521316592
60-64	0.06067011893783548
65-69	0.06306306306306306
70-74	0.06010577506640499
75-79	0.05614906244827504
80-84	0.06138579524406296
85-89	0.05933492547665776
90-94	0.05245718159103986
95-99	0.049053778187636454
100	0.04874953693851332
>>END_MODULE
>>Sequence Length Distribution	pass
#Length	Count
100	1.26873E7
>>END_MODULE
>>Sequence Duplication Levels	warn
#Total Duplicate Percentage	46.50702865313551
#Duplication Level	Relative count
1	100.0
2	22.796938191033274
3	9.325152309374621
4	5.343412077135369
5	3.646746394043011
6	2.6921007411521707
7	2.2000243000711643
8	1.812958880808151
9	1.6168225921233055
10++	24.137781403502682
>>END_MODULE
>>Overrepresented sequences	pass
>>END_MODULE
>>Kmer Content	warn
#Sequence	Count	Obs/Exp Overall	Obs/Exp Max	Max Obs/Exp Position
TTTTT	6084835	4.7094927	7.5712457	2
AAAAA	5388685	4.2799616	6.33003	2
CTCCT	3006495	2.5935974	7.353328	1
CTCCA	2825505	2.450104	6.764791	1
CTGGA	2734940	2.3237195	7.15833	1
CTCTG	2713500	2.3171048	5.3487425	1
GAAGA	2726180	2.257239	5.8145676	2
CTTCA	2599435	2.1740115	5.158375	1
GGAGA	2452195	2.0730557	5.5456185	1
GAAAA	2401405	1.9474013	5.307281	2
GTTTT	2250005	1.7872617	7.615216	1
CTCAG	2058650	1.7670331	5.4254956	1
GGAAG	1983785	1.6770675	5.5573826	1
GGAAA	1958160	1.6213291	6.288898	1
CTGGG	1769130	1.534718	5.778084	1
GGGAG	1624960	1.4025928	5.4211035	1
GTTTG	1713465	1.3968804	5.3630924	1
GTCAG	1524235	1.2950538	5.025142	1
>>END_MODULE
