##FastQC	0.10.1
>>Basic Statistics	pass
#Measure	Value	
Filename	L_goodei_NA_BW_3_R2.fastq.gz	
File type	Conventional base calls	
Encoding	Sanger / Illumina 1.9	
Total Sequences	13495232	
Filtered Sequences	0	
Sequence length	100	
%GC	50	
>>END_MODULE
>>Per base sequence quality	fail
#Base	Mean	Median	Lower Quartile	Upper Quartile	10th Percentile	90th Percentile
1	28.88756814258547	31.0	30.0	34.0	16.0	34.0
2	28.897979597534892	31.0	30.0	34.0	16.0	34.0
3	28.93457481872116	31.0	30.0	34.0	16.0	34.0
4	32.17811846435838	37.0	33.0	37.0	19.0	37.0
5	32.09628044927275	37.0	33.0	37.0	17.0	37.0
6	31.959624258404745	37.0	33.0	37.0	17.0	37.0
7	31.991555906560183	36.0	33.0	37.0	17.0	37.0
8	31.933254796953474	36.0	33.0	37.0	17.0	37.0
9	33.2382698570873	38.0	33.0	39.0	17.0	39.0
10-14	33.274194026453195	38.2	33.0	39.4	14.2	39.4
15-19	33.86315884009997	39.0	33.0	41.0	10.2	41.0
20-24	33.48725275712192	39.0	33.0	41.0	8.2	41.0
25-29	33.18548805978289	38.8	32.8	41.0	3.0	41.0
30-34	32.78264859766768	38.0	32.0	40.0	2.0	41.0
35-39	32.258254871053715	38.0	31.0	40.0	2.0	41.0
40-44	31.691038153327042	37.6	30.4	40.0	2.0	41.0
45-49	31.11930887886922	37.0	30.0	40.0	2.0	41.0
50-54	30.356434657810997	35.6	29.0	39.2	2.0	40.6
55-59	30.26645976890208	35.0	29.0	39.2	2.0	41.0
60-64	29.467943744872265	35.0	28.0	38.4	2.0	40.4
65-69	28.72329919189237	34.4	27.2	36.8	2.0	39.8
70-74	28.008104877337423	34.0	26.0	35.6	2.0	38.8
75-79	27.31536474511887	34.0	25.6	35.0	2.0	36.8
80-84	26.671024269905104	33.8	24.4	35.0	2.0	36.0
85-89	26.11578317438337	33.0	23.4	35.0	2.0	35.0
90-94	25.558684978516858	33.0	19.4	35.0	2.0	35.0
95-99	24.85801063664559	33.0	7.6	35.0	2.0	35.0
100	23.57018567743037	31.0	2.0	34.0	2.0	35.0
>>END_MODULE
>>Per sequence quality scores	pass
#Quality	Count
2	946138.0
3	129698.0
4	85810.0
5	69486.0
6	68254.0
7	68760.0
8	72659.0
9	77873.0
10	80607.0
11	82613.0
12	78896.0
13	76667.0
14	75561.0
15	76236.0
16	76404.0
17	75226.0
18	75292.0
19	76462.0
20	78455.0
21	83826.0
22	92460.0
23	106264.0
24	127400.0
25	151749.0
26	179073.0
27	210106.0
28	246982.0
29	289780.0
30	340898.0
31	408795.0
32	505812.0
33	642969.0
34	856007.0
35	1203715.0
36	1776656.0
37	2187918.0
38	1453312.0
39	260062.0
40	351.0
>>END_MODULE
>>Per base sequence content	fail
#Base	G	A	T	C
1	36.53442084061786	13.512286906329562	7.365620058777406	42.587672194275164
2	26.692007265138564	16.682683403749145	35.57128742982452	21.05402190128777
3	26.5822047201364	21.47681929986022	21.340601354706518	30.600374625296862
4	29.136791477524575	27.799366539111052	18.11770350670562	24.946138476658746
5	30.369679656828602	28.994500186559378	20.906311608055837	19.729508548556183
6	23.540205957044897	32.44083303586289	22.7190244303858	21.299936576706415
7	21.416241686664637	18.56404576513822	36.94280543885441	23.07690710934274
8	21.51105951634353	20.687967299592135	29.920969566500172	27.880003617564164
9	22.860842625534517	19.887392615551647	31.14062815208336	26.111136606830478
10-14	24.95690093680956	26.07178202680481	24.691517867745883	24.279799168639745
15-19	25.389580749238622	24.597790827255814	25.229601938005985	24.783026485499583
20-24	25.130327115615053	25.074479044785818	25.08889216758644	24.706301672012685
25-29	25.186163772887504	25.093641131575932	25.034864431123104	24.685330664413456
30-34	25.050556191873056	25.02558370971582	24.989360785558407	24.934499312852715
35-39	25.183765641056	25.049926650599463	24.899844625200345	24.86646308314419
40-44	25.515601643061714	24.900619377295357	24.685977879844252	24.897801099798677
45-49	25.4298705128288	24.91955953469398	24.617864041525205	25.032705910952007
50-54	25.314474220114118	25.110245096450885	24.61267313486144	24.96260754857356
55-59	25.6289643202464	24.727634466702195	24.481154512396675	25.162246700654727
60-64	25.62304386762944	24.666203020508725	24.538379717007754	25.17237339485408
65-69	25.458432508214536	24.706039156298623	24.57964364611108	25.25588468937576
70-74	25.7035733112891	24.78154585514291	24.53239305267475	24.982487780893237
75-79	25.684062269239565	24.677795892172533	24.47886050923104	25.15928132935686
80-84	25.66915417734903	24.640090331386546	24.512249016939567	25.17850647432486
85-89	25.72583519794408	24.78255963642293	24.29402534253018	25.19757982310281
90-94	25.697428746886942	24.695274006692053	24.31636654293388	25.290930703487124
95-99	25.60119977312203	24.737730557705685	24.38737505910196	25.273694610070326
100	26.04626864675554	24.22252938136188	23.790727732342447	25.94047423954013
>>END_MODULE
>>Per base GC content	fail
#Base	%GC
1	79.12209303489304
2	47.74602916642633
3	57.18257934543326
4	54.08292995418332
5	50.099188205384785
6	44.84014253375131
7	44.493148796007375
8	49.3910631339077
9	48.971979232365
10-14	49.2367001054493
15-19	50.17260723473821
20-24	49.836628787627745
25-29	49.87149443730096
30-34	49.98505550472577
35-39	50.05022872420019
40-44	50.41340274286039
45-49	50.46257642378082
50-54	50.27708176868768
55-59	50.79121102090113
60-64	50.795417262483525
65-69	50.7143171975903
70-74	50.68606109218234
75-79	50.84334359859643
80-84	50.847660651673884
85-89	50.92341502104689
90-94	50.98835945037406
95-99	50.87489438319236
100	51.986742886295666
>>END_MODULE
>>Per sequence GC content	warn
#GC Content	Count
0	15171.0
1	9513.5
2	3336.0
3	2777.5
4	2486.5
5	2106.5
6	1945.0
7	1872.0
8	1867.0
9	1889.5
10	1811.5
11	1857.5
12	1949.5
13	1966.0
14	2060.5
15	2220.5
16	2504.0
17	3008.0
18	3832.0
19	5005.0
20	6786.5
21	9477.0
22	13148.5
23	18132.0
24	24792.0
25	33622.5
26	43976.5
27	55618.5
28	68932.0
29	83920.5
30	99146.0
31	116191.0
32	134385.0
33	150808.5
34	166651.0
35	182923.0
36	197034.0
37	209826.0
38	222684.5
39	234628.5
40	249046.5
41	267018.0
42	282580.0
43	300845.5
44	332300.0
45	361560.5
46	387128.5
47	410717.0
48	426169.5
49	443896.5
50	463079.5
51	491644.0
52	519310.5
53	517972.5
54	499131.0
55	502737.0
56	505640.5
57	476457.0
58	443827.5
59	419840.0
60	398518.0
61	365071.5
62	314283.5
63	270411.5
64	248605.5
65	230173.5
66	199539.0
67	172491.5
68	154610.0
69	128110.0
70	101513.0
71	82514.0
72	65241.5
73	55066.5
74	52823.5
75	47430.0
76	39201.5
77	29830.0
78	21530.0
79	18174.5
80	15338.5
81	14707.0
82	13273.5
83	8421.5
84	4639.5
85	3008.0
86	1989.5
87	1294.5
88	825.0
89	498.5
90	311.5
91	193.5
92	125.5
93	89.5
94	67.5
95	40.0
96	29.0
97	25.5
98	15.0
99	10.5
100	9.0
>>END_MODULE
>>Per base N content	pass
#Base	N-Count
1	0.044719497967874874
2	0.05378195795374248
3	0.048565300692866936
4	0.04797990875592209
5	0.04615704272442296
6	0.04814292929532445
7	0.04714257598535542
8	0.04069585465444388
9	0.052826064790883184
10-14	0.03814384221034511
15-19	0.04313078871115369
20-24	0.04546642843931842
25-29	0.028392249944276617
30-34	0.044343068722345794
35-39	0.03810382807794634
40-44	0.08757759777675553
45-49	0.06657758829192413
50-54	0.06238499641947616
55-59	0.08069516700416858
60-64	0.07797865201576379
65-69	0.07133186002285843
70-74	0.064087820053779
75-79	0.06552536481032709
80-84	0.08162290207385839
85-89	0.07559114211597104
90-94	0.05405612886091917
95-99	0.06828782195074527
100	0.07144745640534375
>>END_MODULE
>>Sequence Length Distribution	pass
#Length	Count
100	1.3495232E7
>>END_MODULE
>>Sequence Duplication Levels	warn
#Total Duplicate Percentage	45.269988714298115
#Duplication Level	Relative count
1	100.0
2	18.248510948789328
3	7.340962985874833
4	4.15348132638575
5	2.823447302259551
6	2.02161999254483
7	1.6211028892748658
8	1.3213098892034865
9	1.1396892621761165
10++	19.950510361892977
>>END_MODULE
>>Overrepresented sequences	warn
#Sequence	Count	Percentage	Possible Source
TTTTTTTTTTTTTTTTTTTTTTTTTTTTTTTTTTTTTTTTTTTTTTTTTT	23236	0.17217932970696612	No Hit
>>END_MODULE
>>Kmer Content	fail
#Sequence	Count	Obs/Exp Overall	Obs/Exp Max	Max Obs/Exp Position
TTTTT	8626110	7.286269	10.530411	2
AAAAA	6167930	5.2364187	7.6481237	2
CTCCT	2745995	2.1966813	6.629839	1
GAAGA	2752885	2.1754084	5.1893773	2
CTCCA	2662175	2.1317923	6.37872	1
GAAAA	2530020	2.0722768	5.477473	2
CTGGA	2577805	1.9963956	6.181736	1
CTTTT	2338505	1.9397879	5.350854	1
GTTTT	2289585	1.8677417	7.34954	1
GGAAA	2064405	1.6313518	6.175666	1
CTGGG	1892295	1.4138857	5.645976	1
>>END_MODULE
