##FastQC	0.10.1
>>Basic Statistics	pass
#Measure	Value	
Filename	A_xenica_NA_transfer_1_R2.fastq.gz	
File type	Conventional base calls	
Encoding	Sanger / Illumina 1.9	
Total Sequences	8813148	
Filtered Sequences	0	
Sequence length	100	
%GC	49	
>>END_MODULE
>>Per base sequence quality	fail
#Base	Mean	Median	Lower Quartile	Upper Quartile	10th Percentile	90th Percentile
1	28.300223257342324	31.0	30.0	34.0	15.0	34.0
2	28.203097122617255	31.0	28.0	34.0	10.0	34.0
3	28.27341297343469	31.0	28.0	34.0	12.0	34.0
4	31.49852810823102	35.0	32.0	37.0	16.0	37.0
5	31.433574359581844	35.0	32.0	37.0	12.0	37.0
6	31.342637500243953	35.0	32.0	37.0	10.0	37.0
7	31.336982994044806	35.0	32.0	37.0	10.0	37.0
8	31.259714009114564	35.0	32.0	37.0	10.0	37.0
9	32.508505360400164	37.0	32.0	39.0	10.0	39.0
10-14	32.56777975361357	37.2	32.0	39.4	9.2	39.4
15-19	33.12368949210883	38.2	32.0	41.0	5.4	41.0
20-24	32.87474657182655	38.2	32.0	40.8	2.0	41.0
25-29	32.598699057362936	38.0	31.6	40.0	2.0	41.0
30-34	32.22079803947465	38.0	31.0	40.0	2.0	41.0
35-39	31.777574914207726	38.0	30.0	40.0	2.0	41.0
40-44	31.29046170562437	37.4	30.0	40.0	2.0	41.0
45-49	30.846071642051168	37.0	29.0	40.0	2.0	41.0
50-54	30.01001120144584	35.6	28.0	39.2	2.0	40.4
55-59	29.97388152337848	35.2	28.0	39.2	2.0	41.0
60-64	29.206964594263024	35.0	27.4	38.6	2.0	40.6
65-69	28.37216656295798	34.2	26.0	36.8	2.0	39.8
70-74	27.681624432041758	34.0	25.8	35.6	2.0	38.8
75-79	26.948846405393397	34.0	24.6	35.0	2.0	37.0
80-84	26.307914220889064	33.0	23.4	35.0	2.0	36.0
85-89	25.745509867756674	33.0	20.4	35.0	2.0	35.0
90-94	25.201315579858637	33.0	17.4	35.0	2.0	35.0
95-99	24.489677127854883	33.0	3.0	35.0	2.0	35.0
100	23.104010394469718	31.0	2.0	34.0	2.0	35.0
>>END_MODULE
>>Per sequence quality scores	pass
#Quality	Count
2	702346.0
3	88465.0
4	56240.0
5	44959.0
6	42924.0
7	44633.0
8	47532.0
9	51002.0
10	54001.0
11	54966.0
12	53011.0
13	51988.0
14	51541.0
15	52001.0
16	52856.0
17	51783.0
18	51953.0
19	52055.0
20	53377.0
21	56131.0
22	62598.0
23	72526.0
24	87274.0
25	104653.0
26	124157.0
27	145748.0
28	168472.0
29	196159.0
30	230843.0
31	273410.0
32	333064.0
33	415970.0
34	542228.0
35	745419.0
36	1100862.0
37	1391569.0
38	946548.0
39	157692.0
40	192.0
>>END_MODULE
>>Per base sequence content	fail
#Base	G	A	T	C
1	37.78593532359089	12.381049452555077	11.692577758245271	38.14043746560876
2	28.598454846222054	19.42968057232234	29.131501945553634	22.840362635901972
3	28.472707525097075	25.41727784078594	21.382183209516526	24.727831424600463
4	29.652620612608732	30.80636713889432	18.352143208864195	21.188869039632753
5	28.966646342660923	31.892167962184864	20.613502685164047	18.52768300999017
6	21.751335889235417	34.19373586426287	22.846291151489698	21.208637095012016
7	21.100337136520256	17.497089119761394	37.977800685670225	23.424773058048125
8	22.783466257062862	20.77556915503551	28.495925112607374	27.94503947529426
9	22.27648935585765	20.56469096867666	30.565387910622533	26.59343176484316
10-14	24.893692362015766	25.993239195681976	24.883255041700238	24.22981340060202
15-19	24.902952019073194	24.876052551225403	25.556515094022924	24.664480335678476
20-24	24.826695842430887	25.510466476844318	25.32869635400004	24.334141326724755
25-29	24.968886318865707	25.45538165775001	25.07558839034606	24.500143633038224
30-34	24.559911063740607	25.547953214913626	25.3522607470891	24.539874974256666
35-39	24.788612983650367	25.566088755201257	25.12049720017956	24.524801060968816
40-44	24.918405678690046	25.400539544755507	25.146051309356288	24.53500346719816
45-49	24.873225160188557	25.385092069797484	25.14739563026312	24.59428713975084
50-54	24.768306815128295	25.494255334857325	25.18786547497069	24.54957237504369
55-59	24.98965512340542	25.2651219437661	24.97811036372509	24.76711256910339
60-64	24.847540538799716	25.281154369797708	25.055465758554142	24.815839332848427
65-69	24.92957433119339	25.327114643026928	25.027463309227738	24.71584771655195
70-74	25.00953290004315	25.304701496676092	24.982288908040324	24.703476695240433
75-79	24.916251897184722	25.170092227684776	25.10137199368273	24.812283881447765
80-84	24.91979668605508	25.239308970167855	25.02342713944507	24.817467204331994
85-89	25.07890127313513	25.167391674300465	24.893862265540907	24.859844787023498
90-94	24.913315666641704	25.153320931733226	25.040121009928644	24.89324239169643
95-99	25.034605631561966	25.199553920400554	25.00973943183106	24.756101016206415
100	25.515917204429233	24.701719137536678	24.681786450085987	25.100577207948106
>>END_MODULE
>>Per base GC content	fail
#Base	%GC
1	75.92637278919966
2	51.43881748212403
3	53.20053894969754
4	50.84148965224149
5	47.49432935265109
6	42.95997298424743
7	44.52511019456838
8	50.72850573235712
9	48.86992112070081
10-14	49.12350576261778
15-19	49.56743235475167
20-24	49.16083716915564
25-29	49.469029951903934
30-34	49.099786037997276
35-39	49.31341404461918
40-44	49.4534091458882
45-49	49.4675122999394
50-54	49.317879190171986
55-59	49.75676769250882
60-64	49.66337987164815
65-69	49.64542204774534
70-74	49.71300959528359
75-79	49.72853577863249
80-84	49.73726389038708
85-89	49.93874606015862
90-94	49.806558058338126
95-99	49.79070664776838
100	50.616494412377335
>>END_MODULE
>>Per sequence GC content	warn
#GC Content	Count
0	3026.0
1	1952.5
2	830.0
3	776.0
4	761.5
5	729.5
6	708.5
7	715.0
8	717.0
9	722.5
10	766.5
11	856.0
12	915.0
13	953.0
14	1028.5
15	1152.0
16	1377.5
17	1699.0
18	2191.0
19	3064.5
20	4397.5
21	5991.0
22	8475.5
23	11770.0
24	15781.0
25	20972.0
26	27288.5
27	35157.0
28	43875.0
29	52764.5
30	62679.5
31	74460.0
32	86819.0
33	100078.5
34	112765.0
35	124695.0
36	136526.0
37	148961.5
38	162208.0
39	177501.5
40	188499.5
41	197975.5
42	210276.5
43	224722.5
44	243797.5
45	256185.0
46	265924.5
47	276619.0
48	290900.5
49	307566.5
50	318358.5
51	330180.0
52	343131.5
53	349472.5
54	348059.0
55	343781.0
56	336691.0
57	323465.0
58	304459.0
59	281796.0
60	253388.5
61	223988.5
62	197710.5
63	171583.0
64	147582.0
65	125030.5
66	104248.0
67	86213.5
68	70470.0
69	56690.5
70	44112.0
71	33853.0
72	26262.5
73	20370.5
74	16496.0
75	13826.5
76	10857.0
77	8066.0
78	5830.5
79	4082.5
80	3185.0
81	2543.5
82	2244.0
83	2062.5
84	1431.5
85	810.0
86	526.0
87	347.0
88	244.0
89	186.0
90	132.0
91	96.0
92	63.0
93	37.5
94	35.0
95	27.5
96	21.5
97	17.0
98	10.0
99	6.5
100	4.0
>>END_MODULE
>>Per base N content	pass
#Base	N-Count
1	0.031362232882053045
2	0.29424219359529646
3	0.06407472108717566
4	0.03873757708369359
5	0.04753125670872655
6	0.039407031403534805
7	0.04489882616291023
8	0.03782984241272244
9	0.03667248070723424
10-14	0.04962585446199246
15-19	0.04597449174801104
20-24	0.08283532739947179
25-29	0.03627761612536179
30-34	0.05720997763795638
35-39	0.04187153103522147
40-44	0.0455887045128483
45-49	0.04076182539995924
50-54	0.04144716507654246
55-59	0.044892018152877945
60-64	0.045606859206267725
65-69	0.04057573979241016
70-74	0.035540081705197735
75-79	0.039890400115826945
80-84	0.04932857135724942
85-89	0.053726545838104614
90-94	0.03885785192759727
95-99	0.040838982846991785
100	0.03969069848821329
>>END_MODULE
>>Sequence Length Distribution	pass
#Length	Count
100	8813148.0
>>END_MODULE
>>Sequence Duplication Levels	warn
#Total Duplicate Percentage	37.42720917526303
#Duplication Level	Relative count
1	100.0
2	18.0754362135618
3	7.001059748943983
4	3.7292714599161156
5	2.4822006955535323
6	1.8433661208710839
7	1.376181023030882
8	1.1679627446005045
9	0.9440721226323566
10++	12.640864516321626
>>END_MODULE
>>Overrepresented sequences	pass
>>END_MODULE
>>Kmer Content	warn
#Sequence	Count	Obs/Exp Overall	Obs/Exp Max	Max Obs/Exp Position
TTTTT	4489855	5.3858466	7.8831367	2
AAAAA	3858885	4.4937334	8.6984	2
GAAGA	1872965	2.2020924	5.653735	2
TCCAG	1770080	2.1725593	5.206549	7
CTGGA	1789625	2.1613846	6.090368	1
GAAAA	1700410	1.9896623	6.1241455	1
GGAGA	1656910	1.9574242	5.121316	1
GTTTT	1522730	1.8245236	6.472336	1
AAAAT	1539995	1.8040143	5.7451544	3
GGAAG	1394800	1.6477754	5.371414	1
GGAAA	1367870	1.6082393	7.033193	1
GCCAG	1204245	1.4763815	5.0616536	1
GGGAG	1213035	1.4399242	5.0219703	1
>>END_MODULE
