##FastQC	0.10.1
>>Basic Statistics	pass
#Measure	Value	
Filename	F_notti_NA_FW_2_R1.fastq.gz	
File type	Conventional base calls	
Encoding	Sanger / Illumina 1.9	
Total Sequences	12058909	
Filtered Sequences	0	
Sequence length	100	
%GC	49	
>>END_MODULE
>>Per base sequence quality	pass
#Base	Mean	Median	Lower Quartile	Upper Quartile	10th Percentile	90th Percentile
1	29.85117924017836	31.0	30.0	34.0	25.0	34.0
2	30.14985070374111	31.0	30.0	34.0	26.0	34.0
3	29.742731950295006	31.0	30.0	34.0	25.0	34.0
4	31.38241618706966	35.0	32.0	37.0	10.0	37.0
5	32.437772189839066	35.0	32.0	37.0	19.0	37.0
6	32.80743150147331	35.0	33.0	37.0	26.0	37.0
7	32.946990561086416	35.0	33.0	37.0	26.0	37.0
8	32.92797988607427	36.0	35.0	37.0	26.0	37.0
9	34.36108681141884	39.0	35.0	39.0	26.0	39.0
10-14	34.41119089629087	38.6	35.0	39.4	25.4	39.4
15-19	34.533862176089066	39.0	33.8	41.0	19.6	41.0
20-24	34.75574506781667	39.0	34.0	41.0	22.4	41.0
25-29	34.40642296910939	39.0	34.0	41.0	18.8	41.0
30-34	33.99726864179836	38.6	33.2	41.0	16.4	41.0
35-39	33.60715230540342	38.0	33.0	40.0	13.8	41.0
40-44	33.3736543994154	38.0	33.0	40.0	9.4	41.0
45-49	32.896385419277976	38.0	32.0	40.0	6.2	41.0
50-54	32.233542520305946	36.8	31.4	40.0	2.0	41.0
55-59	30.860004648845102	35.2	29.4	39.4	2.0	41.0
60-64	30.6598675054269	35.0	29.8	38.6	2.0	40.4
65-69	29.956082328840857	35.0	29.0	37.2	2.0	39.8
70-74	29.204329943944344	34.2	29.0	35.8	2.0	38.8
75-79	28.157663002515402	33.4	27.8	35.0	2.0	36.8
80-84	28.116046517972727	34.0	28.0	35.0	2.0	36.0
85-89	27.6375492841019	34.0	27.2	35.0	2.0	35.2
90-94	26.596948712358643	33.4	24.6	35.0	2.0	35.0
95-99	26.414569145517227	33.4	25.0	35.0	2.0	35.0
100	25.315087127699528	32.0	20.0	35.0	2.0	35.0
>>END_MODULE
>>Per sequence quality scores	pass
#Quality	Count
2	455318.0
3	141545.0
4	76882.0
5	56769.0
6	51462.0
7	52974.0
8	55334.0
9	60734.0
10	66099.0
11	67866.0
12	68537.0
13	70362.0
14	70109.0
15	69139.0
16	68235.0
17	66320.0
18	64565.0
19	63744.0
20	63993.0
21	66243.0
22	74572.0
23	87439.0
24	104974.0
25	128883.0
26	156077.0
27	187727.0
28	224139.0
29	264366.0
30	313667.0
31	377864.0
32	464709.0
33	593848.0
34	797131.0
35	1130660.0
36	1665483.0
37	2109203.0
38	1401010.0
39	220595.0
40	332.0
>>END_MODULE
>>Per base sequence content	fail
#Base	G	A	T	C
1	39.05806238202677	13.399193261135004	8.708194903938429	38.8345494528998
2	26.567130437998827	19.988278765682875	28.818430086038372	24.626160710279933
3	27.41779321855473	23.924760185905214	20.367929318666825	28.289517276873234
4	30.871194618871574	28.66592483437892	18.0227417312963	22.44013881545321
5	30.058466117384718	29.61236942611348	20.973204010906024	19.355960445595777
6	23.779651299203607	32.89900343120761	23.227279207707944	20.094066061880834
7	22.34626047879062	20.359557416756047	35.410798118171925	21.883383986281405
8	22.33811141967529	21.601787322283577	30.06777270378942	25.992328554251714
9	21.474870586716957	20.028973513023523	33.141578309976275	25.354577590283238
10-14	24.693269125078928	26.272069306481644	25.417149776317206	23.617511792122226
15-19	24.54518453007177	25.4294131442884	25.913503194926196	24.11189913071364
20-24	24.555489233027398	25.727372811182413	25.779605948646463	23.937532007143723
25-29	24.519261366227035	25.53761565088852	25.729415007236035	24.21370797564841
30-34	24.426904455494995	25.696345162228983	25.677197770708172	24.19955261156785
35-39	24.425079278174525	25.672003942215888	25.639679085685117	24.263237693924463
40-44	24.48283109481246	25.695426131797117	25.54750741957407	24.27423535381635
45-49	24.469157618859402	25.587218296654186	25.540910397474338	24.402713687012074
50-54	24.424411892238222	25.775365162380808	25.506975494087612	24.293247451293354
55-59	24.567535789172908	25.55047381098539	25.392460062459627	24.489530337382078
60-64	24.47084785352396	25.633587058516323	25.453082026560402	24.442483061399308
65-69	24.429196506694346	25.64466857573184	25.453530411929005	24.472604505644806
70-74	24.584252266762352	25.657150980429975	25.29130806832604	24.46728868448163
75-79	24.417732061089126	25.495916120503807	25.470952735044804	24.615399083362266
80-84	24.430969245071932	25.671387624984256	25.3613514470478	24.53629168289602
85-89	24.510320321423247	25.580475007777682	25.29188347659357	24.617321194205505
90-94	24.39460471862652	25.616673979400993	25.265733113444668	24.722988188527815
95-99	24.369726991211675	25.71564698338793	25.31790632139292	24.596719704007477
100	24.740598924198114	25.329443803026514	24.892186777731023	25.03777049504435
>>END_MODULE
>>Per base GC content	fail
#Base	%GC
1	77.89261183492657
2	51.19329114827875
3	55.70731049542796
4	53.31133343432478
5	49.414426562980495
6	43.873717361084445
7	44.22964446507203
8	48.330439973927
9	46.829448177000195
10-14	48.31078091720115
15-19	48.6570836607854
20-24	48.493021240171124
25-29	48.732969341875446
30-34	48.626457067062844
35-39	48.68831697209899
40-44	48.75706644862881
45-49	48.87187130587148
50-54	48.71765934353158
55-59	49.057066126554986
60-64	48.91333091492327
65-69	48.90180101233915
70-74	49.051540951243986
75-79	49.03313114445139
80-84	48.967260927967956
85-89	49.12764151562875
90-94	49.11759290715434
95-99	48.966446695219155
100	49.778369419242466
>>END_MODULE
>>Per sequence GC content	warn
#GC Content	Count
0	14514.0
1	11892.5
2	8214.0
3	6711.5
4	5224.5
5	3520.0
6	2689.0
7	2502.0
8	2472.0
9	2448.0
10	2439.0
11	2515.5
12	2633.0
13	2730.0
14	2882.5
15	3163.5
16	3476.0
17	4010.0
18	4853.5
19	6146.5
20	8020.5
21	10564.5
22	14637.5
23	19876.5
24	26070.0
25	34427.0
26	44190.0
27	55357.5
28	68903.5
29	83905.0
30	99012.5
31	113972.0
32	129857.5
33	146938.0
34	162474.0
35	177808.5
36	196565.5
37	212637.0
38	225500.0
39	239088.5
40	250096.0
41	261113.0
42	278009.0
43	297821.5
44	315751.5
45	334293.5
46	355743.0
47	378539.5
48	400331.0
49	421704.5
50	442377.0
51	460019.0
52	476143.0
53	487168.5
54	491467.0
55	485349.5
56	467680.0
57	445167.0
58	417644.0
59	384222.0
60	341793.0
61	298085.0
62	260163.5
63	224086.0
64	189733.0
65	157490.0
66	128942.5
67	104656.0
68	83779.0
69	65548.0
70	49925.5
71	37370.5
72	27677.0
73	20932.0
74	16399.0
75	12461.0
76	8773.5
77	6066.0
78	4270.0
79	3154.5
80	2388.0
81	1744.0
82	1367.5
83	1079.0
84	788.5
85	563.0
86	403.5
87	288.0
88	194.0
89	143.5
90	114.5
91	86.0
92	69.0
93	52.0
94	40.5
95	26.5
96	16.5
97	9.0
98	3.0
99	2.5
100	0.5
>>END_MODULE
>>Per base N content	pass
#Base	N-Count
1	0.1232532727463156
2	0.0037482661159479683
3	0.004196067820065646
4	3.983536155716906
5	0.008168234788072453
6	0.013583318358236222
7	0.014072583183105536
8	0.016502322059151454
9	0.019736445477779124
10-14	0.021890869232034177
15-19	0.2038144578419159
20-24	0.005501326861327174
25-29	0.0065279537311377
30-34	0.01587374114855664
35-39	0.01603461805707299
40-44	0.018965231431798683
45-49	0.007654092090752157
50-54	0.00885486406771956
55-59	0.9610952367249805
60-64	0.002469543471967489
65-69	0.002504372493398864
70-74	0.003771485463568885
75-79	0.0037184126690067896
80-84	0.00422757979183689
85-89	0.00571859361406575
90-94	1.02845788122292
95-99	0.010392316585190253
100	0.004602406403431687
>>END_MODULE
>>Sequence Length Distribution	pass
#Length	Count
100	1.2058909E7
>>END_MODULE
>>Sequence Duplication Levels	warn
#Total Duplicate Percentage	40.342869223451174
#Duplication Level	Relative count
1	100.0
2	25.00523509608415
3	9.412702759298336
4	4.753467244406501
5	3.1096470739839885
6	2.246258919798328
7	1.6599281583737375
8	1.3506547897102172
9	1.1315861535735572
10++	12.41039931702131
>>END_MODULE
>>Overrepresented sequences	pass
>>END_MODULE
>>Kmer Content	fail
#Sequence	Count	Obs/Exp Overall	Obs/Exp Max	Max Obs/Exp Position
TTTTT	9988805	8.216083	11.186287	10-14
AAAAA	6491000	5.2806473	8.299351	2
CTGGA	2579680	2.3275118	6.3023562	1
GAAAA	2373300	1.9892901	5.620058	1
CTTTT	2182575	1.8673284	5.2098193	1
GTTTT	2189455	1.8514076	5.5789676	1
GGGGG	1856040	1.7531244	5.8648057	1
GGAAA	1842595	1.5912756	6.173169	1
CTGGG	1691980	1.5728644	5.316108	1
GTGGA	1761380	1.5707016	5.0181036	1
GCCAG	1606175	1.5073682	5.6163697	1
>>END_MODULE
