##FastQC	0.10.1
>>Basic Statistics	pass
#Measure	Value	
Filename	F_catanatus_NA_transfer_2_R1.fastq.gz	
File type	Conventional base calls	
Encoding	Sanger / Illumina 1.9	
Total Sequences	50723986	
Filtered Sequences	0	
Sequence length	100	
%GC	50	
>>END_MODULE
>>Per base sequence quality	pass
#Base	Mean	Median	Lower Quartile	Upper Quartile	10th Percentile	90th Percentile
1	30.768494869468658	31.0	31.0	34.0	27.0	34.0
2	31.032623619129616	33.0	31.0	34.0	27.0	34.0
3	29.591055501829057	33.0	31.0	34.0	18.0	34.0
4	33.36074189832006	37.0	35.0	37.0	19.0	37.0
5	34.11826022505408	37.0	35.0	37.0	30.0	37.0
6	31.517648790455862	37.0	33.0	37.0	10.0	37.0
7	32.40212715144271	37.0	33.0	37.0	17.0	37.0
8	33.61495058767661	37.0	33.0	37.0	28.0	37.0
9	35.4167634223383	39.0	35.0	39.0	30.0	39.0
10-14	35.07152204481722	39.2	34.8	39.4	24.8	39.4
15-19	36.34548782108725	40.0	35.8	41.0	29.2	41.0
20-24	36.34170070940403	40.0	36.0	41.0	29.4	41.0
25-29	36.02106487057228	40.0	35.8	41.0	28.0	41.0
30-34	35.6349686043995	39.6	35.0	41.0	26.6	41.0
35-39	35.35154043296203	39.0	35.0	41.0	26.0	41.0
40-44	35.107235511814864	39.0	34.6	41.0	25.8	41.0
45-49	34.684686735778214	38.6	34.0	40.6	24.4	41.0
50-54	34.0048206187897	37.6	33.0	40.0	23.0	41.0
55-59	33.30518666257813	36.4	32.8	40.0	21.4	41.0
60-64	32.474860374734746	35.2	32.0	39.0	19.0	40.8
65-69	31.73817871489831	35.0	31.4	37.4	16.8	40.0
70-74	30.957019174321196	35.0	31.0	36.2	10.2	39.0
75-79	29.946161809917697	34.0	30.0	35.0	5.8	37.0
80-84	29.88009879980647	34.0	30.0	35.0	2.0	36.0
85-89	29.438843422123806	34.0	30.0	35.0	2.0	35.2
90-94	29.052794344671575	34.0	30.0	35.0	2.0	35.0
95-99	28.524998686025974	34.0	29.0	35.0	2.0	35.0
100	27.432973209163805	33.0	27.0	35.0	2.0	35.0
>>END_MODULE
>>Per sequence quality scores	pass
#Quality	Count
2	1115339.0
3	358931.0
4	191954.0
5	143628.0
6	143795.0
7	149441.0
8	154721.0
9	168971.0
10	184141.0
11	194444.0
12	201629.0
13	207532.0
14	213446.0
15	215091.0
16	215303.0
17	212632.0
18	208071.0
19	202123.0
20	200129.0
21	205691.0
22	225746.0
23	264098.0
24	320982.0
25	409283.0
26	547108.0
27	759301.0
28	973663.0
29	1011828.0
30	1242705.0
31	1464710.0
32	1737998.0
33	2327529.0
34	3296728.0
35	4852205.0
36	7748801.0
37	1.0453991E7
38	7091537.0
39	1107460.0
40	1301.0
>>END_MODULE
>>Per base sequence content	fail
#Base	G	A	T	C
1	41.206996651396835	14.281957052049957	7.57805576874577	36.93299052780743
2	25.890942721847132	18.855091494872163	31.89461235473302	23.359353428547685
3	26.268325796244852	22.587063711331467	20.789928400637823	30.354682091785858
4	30.056087237218303	26.674918491379007	18.763076054964014	24.505918216438673
5	29.95547858709746	27.47157372924503	21.776734670610338	20.79621301304717
6	23.858014369730217	33.08243395523634	22.704902084527674	20.354649590505772
7	22.5069345107987	20.33315745291498	34.790894642607256	22.36901339367906
8	22.432954449315282	21.642451075961063	29.62729716143646	26.297297313287192
9	22.262998085335592	20.245551287927295	31.999307881819206	25.492142744917906
10-14	25.19453046411957	25.800729492923253	24.980939002962106	24.02380103999507
15-19	25.266057946628308	24.698759791040338	25.307727368697897	24.727454893633453
20-24	25.131479456249807	25.110668332487258	25.204017493348253	24.553834717914686
25-29	25.064196676700174	24.97189135887018	25.180887864696537	24.783024099733105
30-34	24.97128495110553	25.169555658284608	25.098664986888895	24.760494403720966
35-39	24.97500049196916	25.113969502661167	25.084037976682172	24.8269920286875
40-44	25.061025130374244	25.137393754778486	24.965093536291803	24.836487578555467
45-49	25.033281950721005	25.00144665553688	24.958226625932074	25.007044767810044
50-54	24.955038509356527	25.211790951327924	24.977095617960153	24.856074921355397
55-59	25.100331933042565	24.97927882896059	24.893000747951035	25.02738849004581
60-64	25.02998998818255	25.038891186544728	24.88512686881101	25.045991956461712
65-69	24.964081458405225	25.052614134342733	24.969031484297833	25.014272922954213
70-74	25.130545898190686	25.0588080082585	24.80741783724449	25.003228256306326
75-79	25.016651646035037	24.91549871978069	24.894716027100234	25.173133607084036
80-84	25.023190348171866	25.08311273710348	24.842810042588777	25.050886872135873
85-89	25.134898509135212	24.98092661049914	24.785274410785142	25.0989004695805
90-94	25.02551583525984	24.98643809208135	24.753147131778473	25.234898940880342
95-99	24.979977829653365	25.07737575598295	24.83442242098166	25.108223993382023
100	25.41792413403709	24.79928321525439	24.308207187309012	25.474585463399503
>>END_MODULE
>>Per base GC content	fail
#Base	%GC
1	78.13998717920427
2	49.25029615039482
3	56.623007888030706
4	54.56200545365698
5	50.75169160014463
6	44.212663960235986
7	44.87594790447776
8	48.73025176260248
9	47.7551408302535
10-14	49.218331504114644
15-19	49.99351284026176
20-24	49.68531417416449
25-29	49.84722077643328
30-34	49.73177935482649
35-39	49.801992520656654
40-44	49.89751270892972
45-49	50.04032671853105
50-54	49.81111343071193
55-59	50.12772042308838
60-64	50.07598194464427
65-69	49.97835438135944
70-74	50.13377415449701
75-79	50.18978525311908
80-84	50.07407722030774
85-89	50.23379897871572
90-94	50.26041477614018
95-99	50.08820182303539
100	50.8925095974366
>>END_MODULE
>>Per sequence GC content	warn
#GC Content	Count
0	4675.0
1	3906.5
2	2928.5
3	2685.5
4	2402.5
5	2048.5
6	2007.0
7	2188.5
8	2427.0
9	2700.5
10	3019.5
11	3380.0
12	3832.0
13	4406.5
14	5101.5
15	6012.5
16	7327.0
17	9382.0
18	12337.5
19	16325.5
20	22362.5
21	31003.0
22	43494.0
23	59897.0
24	81323.0
25	109031.0
26	142082.0
27	181768.0
28	229579.0
29	282932.0
30	343391.5
31	413863.5
32	485137.5
33	548678.0
34	611351.0
35	670803.5
36	725751.5
37	784746.5
38	843698.0
39	908345.5
40	977913.0
41	1045558.5
42	1119128.5
43	1198275.5
44	1287653.0
45	1378597.0
46	1473493.0
47	1578910.0
48	1682640.0
49	1778732.5
50	1871386.5
51	1973049.5
52	2061189.0
53	2119598.0
54	2144111.5
55	2131856.5
56	2076793.5
57	2002522.5
58	1899280.5
59	1741037.5
60	1560496.5
61	1366483.0
62	1188881.5
63	1034474.5
64	878582.5
65	730864.5
66	604224.0
67	495927.0
68	401830.0
69	315947.0
70	239936.0
71	181072.0
72	137186.0
73	106933.0
74	84599.0
75	64723.5
76	46840.5
77	33248.5
78	23224.5
79	16250.5
80	12491.0
81	10359.0
82	8518.5
83	6738.0
84	4887.0
85	3151.5
86	2144.0
87	1565.5
88	1103.0
89	818.0
90	689.0
91	556.0
92	459.0
93	379.5
94	261.0
95	166.5
96	107.0
97	70.5
98	46.5
99	23.0
100	8.0
>>END_MODULE
>>Per base N content	pass
#Base	N-Count
1	0.02796507356499941
2	0.004516600883850098
3	3.470864848831084
4	0.007670927123116863
5	0.01742568101804933
6	2.3943248466317297
7	0.030143530123993015
8	0.03212681274693199
9	0.03131260228642126
10-14	0.9670320467322895
15-19	0.02267093126317005
20-24	0.017349977188306928
25-29	0.015242098678916913
30-34	0.03719344926875423
35-39	0.03861723327500327
40-44	0.027390591898672944
45-49	0.020625744987785466
50-54	0.01648766325264738
55-59	0.0038427579409867356
60-64	0.005373394748590932
65-69	0.00200891152363302
70-74	0.003070342303146287
75-79	0.0038904671253556455
80-84	0.002711537693429692
85-89	0.002412665282259166
90-94	0.010034306057887486
95-99	0.02208422658266643
100	0.016995904067949236
>>END_MODULE
>>Sequence Length Distribution	pass
#Length	Count
100	5.0723986E7
>>END_MODULE
>>Sequence Duplication Levels	fail
#Total Duplicate Percentage	64.18898527953553
#Duplication Level	Relative count
1	100.0
2	46.498033655260976
3	24.386687712351854
4	14.216538698199523
5	9.45183124214131
6	6.937050215361567
7	5.3773509189651945
8	4.331309023783408
9	3.499291045774365
10++	52.83180395409187
>>END_MODULE
>>Overrepresented sequences	pass
>>END_MODULE
>>Kmer Content	warn
#Sequence	Count	Obs/Exp Overall	Obs/Exp Max	Max Obs/Exp Position
TTTTT	22201660	4.770682	6.469374	2
AAAAA	21117005	4.58363	6.8035464	2
CTGGA	10797290	2.2593791	5.519471	1
GAAAA	9163650	1.958785	5.141385	1
GTTTT	8547430	1.8123745	6.248309	1
GGAAA	7591865	1.598114	5.5462723	1
GTGGA	7605315	1.5734067	5.0143642	1
>>END_MODULE
