##FastQC	0.10.1
>>Basic Statistics	pass
#Measure	Value	
Filename	F_heteroclitus_MDPP_BW_3_R1.fastq.gz	
File type	Conventional base calls	
Encoding	Sanger / Illumina 1.9	
Total Sequences	11950841	
Filtered Sequences	0	
Sequence length	100	
%GC	49	
>>END_MODULE
>>Per base sequence quality	pass
#Base	Mean	Median	Lower Quartile	Upper Quartile	10th Percentile	90th Percentile
1	30.829717506910182	33.0	31.0	34.0	26.0	34.0
2	31.127188789475152	34.0	31.0	34.0	27.0	34.0
3	30.862662050310938	34.0	31.0	34.0	27.0	34.0
4	34.35990136593734	37.0	35.0	37.0	30.0	37.0
5	32.814757471880014	37.0	35.0	37.0	22.0	37.0
6	33.20787474287374	37.0	35.0	37.0	19.0	37.0
7	33.825541650165036	37.0	35.0	37.0	29.0	37.0
8	33.94742738188886	37.0	35.0	37.0	30.0	37.0
9	35.54380231483291	39.0	37.0	39.0	30.0	39.0
10-14	35.65988976005957	39.2	36.6	39.4	30.0	39.4
15-19	36.48005670897973	40.0	37.0	41.0	29.0	41.0
20-24	36.28775641814664	40.0	37.0	41.0	27.8	41.0
25-29	35.98409248353317	40.0	36.0	41.0	27.0	41.0
30-34	35.60160212992541	40.0	35.8	41.0	25.4	41.0
35-39	35.26743264344326	39.8	35.0	41.0	24.6	41.0
40-44	35.04368860735408	39.2	35.0	41.0	23.8	41.0
45-49	34.5653064416136	39.0	34.4	41.0	22.6	41.0
50-54	33.92439951297152	37.8	33.6	40.2	20.2	41.0
55-59	33.17021575301688	36.6	33.0	40.0	16.8	41.0
60-64	32.36541990643169	35.4	32.2	39.0	11.6	41.0
65-69	31.63062494095604	35.0	32.0	37.8	7.4	40.2
70-74	30.88293464869962	35.0	31.2	36.4	2.6	39.0
75-79	29.878749687992666	34.6	30.4	35.2	2.0	37.2
80-84	29.838489190844392	35.0	31.0	35.0	2.0	36.2
85-89	29.40595635068695	34.8	30.6	35.0	2.0	35.6
90-94	28.981545432660347	34.0	30.0	35.0	2.0	35.0
95-99	28.51101247184194	34.0	30.0	35.0	2.0	35.0
100	27.439943180567795	34.0	27.0	35.0	2.0	35.0
>>END_MODULE
>>Per sequence quality scores	pass
#Quality	Count
2	318255.0
3	108226.0
4	54247.0
5	40960.0
6	38749.0
7	39293.0
8	40395.0
9	42916.0
10	46208.0
11	48095.0
12	49012.0
13	49863.0
14	50376.0
15	50350.0
16	49023.0
17	48473.0
18	47274.0
19	46736.0
20	46204.0
21	47858.0
22	52647.0
23	61407.0
24	74411.0
25	90920.0
26	112400.0
27	137239.0
28	166601.0
29	196097.0
30	236960.0
31	290235.0
32	360627.0
33	472781.0
34	659797.0
35	999536.0
36	1747002.0
37	2653838.0
38	2003767.0
39	371552.0
40	511.0
>>END_MODULE
>>Per base sequence content	fail
#Base	G	A	T	C
1	38.51412558365615	15.07549367234377	6.992609142194508	39.41777160180557
2	25.047696493655025	18.214680077023978	36.29158422983216	20.446039199488826
3	24.992267909246006	22.465321907690885	22.444602582250532	30.09780760081257
4	27.887282856551575	27.90160936384534	19.431271133585724	24.779836646017362
5	29.225593894619173	29.04489690662083	21.70481269836636	20.024696500393638
6	23.950474381109736	32.023826285322436	23.10057957684311	20.925119756724715
7	21.80168559558665	19.649007543941867	35.80598053747718	22.7433263229943
8	21.554108217691187	21.51172900410104	29.835033343700694	27.09912943450708
9	22.383784592881913	20.358440924378865	31.514749985600947	25.743024497138272
10-14	24.822522715078172	26.11603453577638	25.04874378788271	24.012698961262743
15-19	24.981462606460482	25.001234598612488	25.411144774406942	24.606158020520084
20-24	24.781264061787336	25.400475267382888	25.336449644277636	24.481811026552137
25-29	24.81419571565963	25.30495100390065	25.211726414899623	24.669126865540097
30-34	24.67373575666637	25.44860177107496	25.194657490669787	24.683004981588887
35-39	24.68737128678059	25.435383033797788	25.213520790010346	24.663724889411277
40-44	24.789187471040027	25.43049270890494	25.079129983616088	24.701189836438946
45-49	24.778388616808225	25.29273172383017	25.071373953245352	24.857505706116257
50-54	24.728632843465505	25.414703446369373	25.11021352473338	24.746450185431748
55-59	24.865908050340334	25.21468393730198	24.99292856751112	24.926479444846567
60-64	24.820963921660184	25.236219006388573	24.999033911020234	24.94378316093101
65-69	24.772533393214797	25.307712809834438	25.056062725319038	24.863691071631727
70-74	24.97675647557712	25.260105389388155	24.938232323315155	24.82490581171957
75-79	24.83662807386981	25.11918048704204	25.02482285266258	25.019368586425568
80-84	24.850071142934077	25.257993448426724	25.01805372138791	24.873881687251288
85-89	24.944401226475797	25.19251734822146	24.9091525906283	24.95392883467444
90-94	24.79525426116232	25.190934456124342	24.896435463919513	25.117375818793832
95-99	24.762343943445245	25.311275356770942	24.957444085863212	24.968936613920604
100	25.21560891112929	24.990508546910203	24.456669225893236	25.33721331606727
>>END_MODULE
>>Per base GC content	fail
#Base	%GC
1	77.93189718546172
2	45.493735693143854
3	55.090075510058576
4	52.66711950256894
5	49.25029039501281
6	44.875594137834455
7	44.54501191858095
8	48.653237652198264
9	48.12680909002018
10-14	48.835221676340915
15-19	49.587620626980566
20-24	49.26307508833948
25-29	49.48332258119973
30-34	49.356740738255255
35-39	49.35109617619186
40-44	49.49037730747897
45-49	49.63589432292448
50-54	49.475083028897245
55-59	49.792387495186894
60-64	49.76474708259119
65-69	49.63622446484652
70-74	49.801662287296686
75-79	49.855996660295375
80-84	49.72395283018536
85-89	49.89833006115024
90-94	49.912630079956145
95-99	49.73128055736586
100	50.55282222719656
>>END_MODULE
>>Per sequence GC content	warn
#GC Content	Count
0	587.0
1	628.5
2	635.5
3	626.0
4	618.5
5	557.5
6	542.0
7	596.0
8	652.5
9	733.0
10	871.5
11	1002.0
12	1103.5
13	1227.0
14	1425.0
15	1733.5
16	2170.0
17	2667.5
18	3496.5
19	4709.0
20	6564.5
21	9277.5
22	12678.0
23	17150.5
24	23458.5
25	31623.0
26	41698.0
27	54410.5
28	68319.5
29	82188.5
30	96872.5
31	112056.5
32	126685.5
33	141299.0
34	157216.0
35	174658.0
36	189296.5
37	200379.0
38	213712.5
39	228227.0
40	237902.0
41	246298.0
42	259311.0
43	275994.5
44	295725.0
45	314766.0
46	337755.0
47	366666.5
48	389028.5
49	406449.0
50	427414.5
51	449144.5
52	469298.5
53	482799.0
54	485918.5
55	486199.5
56	476863.0
57	459111.5
58	437166.0
59	403089.0
60	361183.0
61	317537.5
62	277290.0
63	239714.5
64	200555.0
65	165615.5
66	137644.5
67	114307.0
68	94385.0
69	77522.0
70	61224.5
71	44708.5
72	32711.5
73	25539.0
74	20286.5
75	15634.0
76	11672.5
77	8397.5
78	5913.5
79	3944.5
80	3074.0
81	2608.0
82	2280.0
83	1926.0
84	1338.5
85	881.5
86	572.0
87	390.0
88	286.5
89	219.0
90	165.0
91	106.5
92	69.0
93	54.5
94	46.5
95	32.0
96	25.0
97	12.0
98	5.0
99	4.0
100	1.0
>>END_MODULE
>>Per base N content	pass
#Base	N-Count
1	0.016944414204824582
2	0.0023178285109809425
3	0.005397109709684866
4	0.0080663779226918
5	3.694451294264563
6	0.03798059065466606
7	0.04708455245952984
8	0.05276616097561669
9	0.04693393544437584
10-14	0.052230633810624705
15-19	0.030443045807403847
20-24	0.026143766785952555
25-29	0.02623078995026375
30-34	0.04968018568735037
35-39	0.047536403504991824
40-44	0.03858138519289144
45-49	0.029164474700985477
50-54	0.015131989455804826
55-59	0.005402130276856667
60-64	0.0049870967239878765
65-69	0.0010024399119693752
70-74	0.003479253050057314
75-79	0.004707618484757684
80-84	0.00563307636675946
85-89	0.002573877436742736
90-94	0.009962478791241553
95-99	0.018475687192223544
100	0.005154448963047872
>>END_MODULE
>>Sequence Length Distribution	pass
#Length	Count
100	1.1950841E7
>>END_MODULE
>>Sequence Duplication Levels	warn
#Total Duplicate Percentage	45.91196138428773
#Duplication Level	Relative count
1	100.0
2	24.099834926748745
3	9.43324850402366
4	5.537691725703281
5	3.6126968842423826
6	2.7323062108810783
7	2.155409588004677
8	1.7728179379599698
9	1.5045739046701974
10++	21.102723708645712
>>END_MODULE
>>Overrepresented sequences	pass
>>END_MODULE
>>Kmer Content	warn
#Sequence	Count	Obs/Exp Overall	Obs/Exp Max	Max Obs/Exp Position
TTTTT	5825375	5.121287	7.65608	2
AAAAA	5716065	5.004312	6.987175	2
CTCCT	2738685	2.4729776	6.116385	1
CTCCA	2593975	2.340358	5.8115187	1
GAAGA	2551025	2.2636673	5.036145	2
CTCTG	2489610	2.2412944	5.068942	1
CTGGA	2497105	2.2394028	6.274359	1
CTTTT	2094625	1.8579577	5.1624503	1
GTTTT	2074640	1.8346858	7.6053166	1
CTCAG	1848955	1.6631535	5.0061126	1
GGAAA	1767270	1.5681975	5.8476896	1
CTGGG	1661190	1.4998231	5.263222	1
GTTTG	1569305	1.3960148	5.0525904	1
>>END_MODULE
