##FastQC	0.10.1
>>Basic Statistics	pass
#Measure	Value	
Filename	F_chrysotus_NA_FW_1_R2.fastq.gz	
File type	Conventional base calls	
Encoding	Sanger / Illumina 1.9	
Total Sequences	14275369	
Filtered Sequences	0	
Sequence length	100	
%GC	48	
>>END_MODULE
>>Per base sequence quality	fail
#Base	Mean	Median	Lower Quartile	Upper Quartile	10th Percentile	90th Percentile
1	28.293287129740744	31.0	29.0	34.0	16.0	34.0
2	28.185908679488424	31.0	28.0	34.0	12.0	34.0
3	28.26811909380416	31.0	28.0	34.0	15.0	34.0
4	31.50697680739461	35.0	32.0	37.0	16.0	37.0
5	31.44384639024042	35.0	32.0	37.0	16.0	37.0
6	31.3425884122505	35.0	32.0	37.0	12.0	37.0
7	31.323348769478393	35.0	32.0	37.0	11.0	37.0
8	31.24407964515663	35.0	32.0	37.0	10.0	37.0
9	32.47378684221753	37.0	32.0	39.0	10.0	39.0
10-14	32.519843823301514	37.2	32.0	39.4	10.0	39.4
15-19	33.03880478325989	38.0	32.0	40.4	7.8	41.0
20-24	32.764528748784	38.0	32.0	40.0	2.0	41.0
25-29	32.47665483112905	38.0	31.2	40.0	2.0	41.0
30-34	32.09092800333217	38.0	30.4	40.0	2.0	41.0
35-39	31.644562616910285	38.0	30.0	40.0	2.0	41.0
40-44	31.164761751517595	37.0	29.8	40.0	2.0	41.0
45-49	30.72433613449852	36.8	29.0	40.0	2.0	41.0
50-54	29.91925670012453	35.4	27.8	39.0	2.0	40.4
55-59	29.906788314893998	35.2	28.0	39.2	2.0	41.0
60-64	29.146680579675383	35.0	27.0	38.6	2.0	40.4
65-69	28.31017344630461	34.0	26.0	37.2	2.0	39.8
70-74	27.60655852748885	34.0	25.6	35.8	2.0	39.0
75-79	26.842715799500525	33.8	24.2	35.0	2.0	37.2
80-84	26.162091810026066	33.0	22.2	35.0	2.0	36.0
85-89	25.56036346240857	33.0	19.4	35.0	2.0	35.2
90-94	24.983576872864017	33.0	13.6	35.0	2.0	35.0
95-99	24.239345827067588	32.4	2.0	35.0	2.0	35.0
100	22.85189510687955	31.0	2.0	34.0	2.0	35.0
>>END_MODULE
>>Per sequence quality scores	pass
#Quality	Count
2	1089432.0
3	145143.0
4	93022.0
5	76006.0
6	73669.0
7	74851.0
8	78821.0
9	85828.0
10	92105.0
11	93456.0
12	89996.0
13	88407.0
14	89190.0
15	90596.0
16	90898.0
17	90626.0
18	90530.0
19	91527.0
20	92420.0
21	97584.0
22	107892.0
23	125101.0
24	149631.0
25	179720.0
26	212793.0
27	247556.0
28	286123.0
29	331914.0
30	386923.0
31	459359.0
32	555738.0
33	691562.0
34	891832.0
35	1213013.0
36	1721120.0
37	2156496.0
38	1487985.0
39	256143.0
40	361.0
>>END_MODULE
>>Per base sequence content	fail
#Base	G	A	T	C
1	40.29295156206895	13.74739659845789	9.62986870160413	36.32978313786903
2	25.912588970142746	18.480107045437354	34.80417807561626	20.80312590880364
3	27.24665497176942	22.72257740638095	22.613336402502036	27.417431219347595
4	29.00637542030136	28.609223834028562	19.171032783330872	23.213367962339206
5	29.695404399706437	29.550796722842716	21.764345412333014	18.98945346511783
6	23.43833336638622	33.180542561176516	23.005265780610998	20.375858291826262
7	21.122439483021832	19.462304749805597	36.818730226896975	22.5965255402756
8	22.499663459729284	22.128905049673765	29.012546347429108	26.358885143167843
9	23.275676490819325	21.331471391707932	30.373910823012206	25.01894129446054
10-14	24.510470073223676	26.909134721916256	25.447000560839587	23.133394644020484
15-19	24.65848055401711	25.442502307902387	26.179549584633634	23.719467553446872
20-24	24.516711006997223	25.926814977364636	25.973268888678675	23.583205126959466
25-29	24.473901483138455	26.05586930636393	25.83032638637875	23.63990282411886
30-34	24.321482103231833	25.974336643147783	25.919389333787773	23.784791919832607
35-39	24.337627370888434	26.071126838705773	25.832462106521664	23.75878368388413
40-44	24.45179235155932	25.921450085845322	25.74380809984046	23.882949462754897
45-49	24.374730472320625	25.95506860321687	25.779345911639755	23.89085501282275
50-54	24.284121856499038	26.012238326690152	25.816229495872058	23.88741032093876
55-59	24.47424151818374	25.870113385689702	25.710962887286176	23.944682208840387
60-64	24.392475933353403	25.824320568547005	25.710238392124886	24.07296510597471
65-69	24.2954867324321	25.970200717911762	25.733783996081144	24.00052855357499
70-74	24.384046841900638	25.973446141317737	25.638969051125333	24.003537965656292
75-79	24.315126297457947	25.942546431399805	25.642428484021952	24.099898787120296
80-84	24.357303749430162	25.954176345936485	25.659179352478382	24.029340552154967
85-89	24.475440057376073	25.91968205145385	25.523978920896166	24.080898970273907
90-94	24.383404605597867	25.882534218563656	25.53951186006399	24.194549315774488
95-99	24.402383630016327	25.951895070966398	25.553377871814497	24.09234342720278
100	24.92503252485747	25.634395023635488	25.07240613166707	24.368166319839972
>>END_MODULE
>>Per base GC content	fail
#Base	%GC
1	76.62273469993798
2	46.71571487894639
3	54.664086191117015
4	52.21974338264056
5	48.684857864824274
6	43.814191658212486
7	43.71896502329743
8	48.85854860289713
9	48.29461778527986
10-14	47.643864717244156
15-19	48.37794810746398
20-24	48.09991613395669
25-29	48.11380430725732
30-34	48.10627402306444
35-39	48.09641105477257
40-44	48.33474181431422
45-49	48.265585485143376
50-54	48.1715321774378
55-59	48.41892372702413
60-64	48.46544103932811
65-69	48.29601528600709
70-74	48.387584807556934
75-79	48.41502508457824
80-84	48.38664430158513
85-89	48.556339027649976
90-94	48.577953921372355
95-99	48.49472705721911
100	49.293198844697436
>>END_MODULE
>>Per sequence GC content	warn
#GC Content	Count
0	18854.0
1	13760.0
2	8265.5
3	7744.0
4	6413.0
5	4382.0
6	3377.0
7	3129.5
8	2928.0
9	2844.5
10	2899.0
11	2986.0
12	3070.0
13	3084.5
14	3253.0
15	3526.0
16	3891.5
17	4611.5
18	5655.5
19	7256.0
20	9943.0
21	13576.5
22	18616.5
23	26306.0
24	35315.0
25	44919.5
26	57520.5
27	71626.0
28	87189.0
29	106198.0
30	128540.5
31	152534.0
32	175188.0
33	194392.0
34	213779.5
35	233346.5
36	252327.5
37	270805.5
38	286670.0
39	301446.0
40	314174.0
41	328649.0
42	346290.5
43	366800.0
44	391053.5
45	412916.5
46	432537.0
47	451859.0
48	474848.5
49	495491.5
50	508489.5
51	525413.0
52	546309.5
53	556305.0
54	556757.5
55	550638.5
56	534555.0
57	508004.5
58	471290.0
59	429052.5
60	380331.0
61	332745.0
62	287725.5
63	244125.0
64	205988.5
65	171848.5
66	142144.5
67	117156.0
68	94596.0
69	74169.5
70	57473.0
71	43839.0
72	32124.0
73	24072.0
74	19029.0
75	15021.0
76	11491.0
77	8585.5
78	6505.5
79	4902.0
80	4112.5
81	3602.0
82	2602.5
83	1780.5
84	1342.0
85	1021.0
86	746.5
87	563.0
88	435.5
89	315.5
90	228.5
91	181.5
92	120.0
93	73.0
94	64.5
95	50.0
96	32.0
97	21.0
98	13.0
99	7.5
100	5.5
>>END_MODULE
>>Per base N content	pass
#Base	N-Count
1	0.028972981363914307
2	0.2534575463513412
3	0.06128037741090966
4	0.03678363760684575
5	0.04495155256582159
6	0.03719693690579907
7	0.041925361088739635
8	0.036146175976256724
9	0.034752166476397214
10-14	0.04486609067688548
15-19	0.041456021206877386
20-24	0.07339635143581928
25-29	0.034425730080952725
30-34	0.055216786340163956
35-39	0.039539433271392144
40-44	0.04435892340155971
45-49	0.03851949466244971
50-54	0.03996954474521815
55-59	0.04278698505096436
60-64	0.04329975638458102
65-69	0.03839900740919552
70-74	0.03359072539560974
75-79	0.0381496268152508
80-84	0.04775218069669513
85-89	0.05183753919075577
90-94	0.037795170128351846
95-99	0.03972716922413704
100	0.03862597176997667
>>END_MODULE
>>Sequence Length Distribution	pass
#Length	Count
100	1.4275369E7
>>END_MODULE
>>Sequence Duplication Levels	warn
#Total Duplicate Percentage	38.979308634675085
#Duplication Level	Relative count
1	100.0
2	19.472339228358642
3	7.7437656786052
4	4.322410734520674
5	2.8954134462844148
6	2.0818843241300082
7	1.64815842326959
8	1.3965192519595815
9	1.0401606739553457
10++	15.696970170598854
>>END_MODULE
>>Overrepresented sequences	warn
#Sequence	Count	Percentage	Possible Source
TTTTTTTTTTTTTTTTTTTTTTTTTTTTTTTTTTTTTTTTTTTTTTTTTT	16350	0.11453294132011578	No Hit
>>END_MODULE
>>Kmer Content	warn
#Sequence	Count	Obs/Exp Overall	Obs/Exp Max	Max Obs/Exp Position
TTTTT	11396625	7.4539447	9.879989	10-14
AAAAA	8121230	5.2658696	7.215317	2
GGAGG	3223195	2.4790108	5.2199955	1
CTCCT	3030015	2.4429753	5.7563305	1
CTCCA	2900040	2.3341348	5.607005	1
CTGGA	2901780	2.2048416	6.1666803	1
GGGGG	2709545	2.174824	5.58852	1
GAAAA	2954865	1.9995022	5.254312	1
CTTTT	2723745	1.9101368	5.298335	1
GTTTT	2720875	1.8539675	7.371922	1
GGAAA	2297030	1.6221341	5.9667544	1
CTGGG	2011975	1.5954065	5.3806496	1
GGGAG	1963370	1.5100592	5.19817	1
>>END_MODULE
