##FastQC	0.10.1
>>Basic Statistics	pass
#Measure	Value	
Filename	L_goodei_NA_FW_1_R1.fastq.gz	
File type	Conventional base calls	
Encoding	Sanger / Illumina 1.9	
Total Sequences	22802376	
Filtered Sequences	0	
Sequence length	100	
%GC	50	
>>END_MODULE
>>Per base sequence quality	pass
#Base	Mean	Median	Lower Quartile	Upper Quartile	10th Percentile	90th Percentile
1	30.05486458954979	31.0	30.0	34.0	25.0	34.0
2	30.363541895809455	31.0	30.0	34.0	26.0	34.0
3	29.9246956983781	31.0	30.0	34.0	25.0	34.0
4	31.64167593763036	35.0	32.0	37.0	16.0	37.0
5	32.71524528847345	35.0	33.0	37.0	19.0	37.0
6	33.11813545220024	35.0	33.0	37.0	27.0	37.0
7	33.26455045737339	35.0	35.0	37.0	27.0	37.0
8	33.25322738297097	36.0	35.0	37.0	27.0	37.0
9	34.69875411229076	39.0	35.0	39.0	27.0	39.0
10-14	34.750610269736804	38.4	35.0	39.4	27.0	39.4
15-19	34.888558701075716	39.0	33.8	41.0	21.8	41.0
20-24	35.1231681382677	39.0	34.4	41.0	24.8	41.0
25-29	34.78604840127186	39.0	34.0	41.0	23.6	41.0
30-34	34.36042894828152	38.6	33.6	40.6	21.2	41.0
35-39	33.93680076146451	38.0	33.0	40.0	18.4	41.0
40-44	33.65985993740302	38.0	33.0	40.0	16.2	41.0
45-49	33.130997708308996	37.8	32.2	40.0	12.6	41.0
50-54	32.42300897941512	36.6	31.4	40.0	7.8	41.0
55-59	31.03095009923527	35.2	29.6	39.2	2.8	41.0
60-64	30.7982324561265	35.0	30.0	38.4	2.0	40.2
65-69	30.090531477947742	35.0	29.2	36.8	2.0	39.6
70-74	29.349740097260035	34.0	29.0	35.6	2.0	38.8
75-79	28.310403319373382	33.4	27.8	35.0	2.0	36.4
80-84	28.2974110241845	34.0	28.8	35.0	2.0	36.0
85-89	27.810915669489884	34.0	27.4	35.0	2.0	35.0
90-94	26.75849764077217	33.4	25.0	35.0	2.0	35.0
95-99	26.5143782911044	33.0	25.0	35.0	2.0	35.0
100	25.332241078736708	32.0	20.0	35.0	2.0	35.0
>>END_MODULE
>>Per sequence quality scores	pass
#Quality	Count
2	698517.0
3	221954.0
4	126586.0
5	97930.0
6	91890.0
7	94254.0
8	100348.0
9	109278.0
10	118151.0
11	123775.0
12	128294.0
13	131397.0
14	132103.0
15	132158.0
16	129538.0
17	127282.0
18	124535.0
19	123059.0
20	123995.0
21	130763.0
22	145209.0
23	171841.0
24	208620.0
25	256921.0
26	314468.0
27	380589.0
28	452763.0
29	535092.0
30	637411.0
31	765553.0
32	938737.0
33	1193304.0
34	1591968.0
35	2249949.0
36	3260516.0
37	3862672.0
38	2401775.0
39	368719.0
40	462.0
>>END_MODULE
>>Per base sequence content	fail
#Base	G	A	T	C
1	35.55252367442392	13.750460522927488	8.875496860936103	41.82151894171249
2	26.140994746283514	18.684096926119967	31.489945891013747	23.684962436582772
3	25.84749598316323	23.171091546336992	21.73710844941768	29.2443040210821
4	28.25797782917263	29.106155518208706	18.364882903362535	24.270983749256132
5	29.26248003559208	30.41729735248794	20.575703876954687	19.74451873496529
6	22.704461396589178	33.592326139088726	22.55322984410825	21.14998262021384
7	21.522798858790576	18.855197485925128	36.66138566144141	22.960617993842884
8	21.814234491802026	20.94147159369058	29.365594184727033	27.878699729780358
9	22.16279647026473	19.75349190990849	31.695958237399214	26.387753382427565
10-14	24.99527777810676	26.097633993786435	24.635696734001588	24.271391494105217
15-19	25.14577630216548	25.002596664202287	24.99636959062083	24.855257443011403
20-24	25.015157958186805	25.194651830971882	25.03824794668918	24.751942264152134
25-29	25.066947371013725	25.24285803266308	24.831193156244776	24.859001440078423
30-34	24.86085255992279	25.235455872266854	24.974584330585493	24.929107237224866
35-39	24.95204242839524	25.2823104691874	24.85979328465043	24.90585381776693
40-44	25.03677535109558	25.189953564128544	24.824218637943215	24.949052446832663
45-49	25.051317609193035	25.151115628135738	24.786369934229516	25.01119682844171
50-54	25.02351584727847	25.28632825822838	24.781199595662688	24.90895629883046
55-59	25.154751418051635	25.03398198188403	24.664793028730237	25.146473571334106
60-64	25.085034526005558	25.035970975660675	24.737196171550213	25.141798326783558
65-69	25.08253752011057	25.121202868624675	24.698989928510855	25.097269682753893
70-74	25.213084385126788	25.04734024427308	24.636847615050396	25.102727755549736
75-79	25.11883046534335	24.931476087237414	24.722180268542708	25.227513178876528
80-84	25.10012276205376	25.046112300184493	24.680985579006695	25.172779358755054
85-89	25.237487615944186	24.975063915450903	24.578891666596714	25.208556802008196
90-94	25.085524497817374	24.934075839933058	24.59356465869457	25.386835003554996
95-99	25.133427733094848	25.03647797802055	24.61596500528139	25.214129283603214
100	25.548225238778638	24.609166764650638	24.149711492947194	25.692896503623537
>>END_MODULE
>>Per base GC content	fail
#Base	%GC
1	77.3740426161364
2	49.82595718286629
3	55.09180000424533
4	52.52896157842877
5	49.006998770557374
6	43.854444016803015
7	44.48341685263346
8	49.692934221582384
9	48.5505498526923
10-14	49.26666927221198
15-19	50.00103374517688
20-24	49.76710022233894
25-29	49.92594881109214
30-34	49.78995979714765
35-39	49.85789624616217
40-44	49.985827797928245
45-49	50.06251443763474
50-54	49.93247214610893
55-59	50.30122498938574
60-64	50.226832852789116
65-69	50.17980720286447
70-74	50.31581214067653
75-79	50.346343644219886
80-84	50.272902120808816
85-89	50.446044417952386
90-94	50.47235950137237
95-99	50.34755701669806
100	51.24112174240217
>>END_MODULE
>>Per sequence GC content	warn
#GC Content	Count
0	6756.0
1	4699.0
2	2233.0
3	1796.0
4	1646.5
5	1466.0
6	1442.5
7	1490.0
8	1538.5
9	1612.0
10	1731.0
11	1814.5
12	1908.0
13	2107.5
14	2374.5
15	2756.5
16	3335.5
17	4193.5
18	5637.0
19	7874.5
20	11271.0
21	16234.0
22	22957.0
23	31830.5
24	43247.5
25	58284.0
26	76738.5
27	97098.5
28	119942.0
29	146357.0
30	174208.0
31	203262.0
32	235122.5
33	263539.0
34	290531.5
35	321432.0
36	347429.0
37	370241.0
38	394492.5
39	418918.5
40	445515.5
41	476898.5
42	505514.0
43	531397.5
44	568171.0
45	607473.5
46	648138.0
47	691835.0
48	730215.5
49	765092.0
50	803198.0
51	849345.0
52	885804.0
53	892759.0
54	877322.5
55	868482.5
56	862747.5
57	828641.5
58	778471.5
59	729802.0
60	676270.5
61	611720.5
62	541013.0
63	476864.0
64	418822.0
65	364051.5
66	311782.0
67	263572.5
68	221472.5
69	182720.0
70	146753.0
71	116116.0
72	92084.5
73	73808.0
74	59736.5
75	47642.5
76	37723.0
77	28971.5
78	21744.5
79	16690.5
80	12695.5
81	10036.5
82	7884.0
83	5414.0
84	3570.5
85	2478.0
86	1666.5
87	1169.5
88	863.0
89	586.0
90	426.5
91	321.5
92	226.0
93	154.5
94	105.5
95	94.0
96	61.5
97	33.5
98	23.0
99	10.0
100	3.0
>>END_MODULE
>>Per base N content	pass
#Base	N-Count
1	0.11681677383093762
2	0.0035215628406443256
3	0.003736452727557865
4	3.806870827847063
5	0.00789391421315042
6	0.01272235840686076
7	0.01339772662287474
8	0.015415060255124291
9	0.018327037498197557
10-14	0.02124778575706321
15-19	0.1775262367395398
20-24	0.005052105096416268
25-29	0.005510829222358232
30-34	0.015986930484788074
35-39	0.0161474400737888
40-44	0.01852964796300175
45-49	0.007556230105143429
50-54	0.008800837246083479
55-59	0.9401485178562093
60-64	0.002281341207600471
65-69	0.002474303555033037
70-74	0.0037101396801806972
75-79	0.003393506010075441
80-84	0.003804866650738502
85-89	0.004744242442103402
90-94	1.0033401782340576
95-99	0.01016736150653774
100	0.004503916609391933
>>END_MODULE
>>Sequence Length Distribution	pass
#Length	Count
100	2.2802376E7
>>END_MODULE
>>Sequence Duplication Levels	fail
#Total Duplicate Percentage	50.859625743726426
#Duplication Level	Relative count
1	100.0
2	28.226992341920823
3	11.990336688119474
4	7.092794530489086
5	4.561426961785994
6	3.5005633749021254
7	2.630674331111663
8	2.1465538643698796
9	1.78656685063881
10++	29.038634150067796
>>END_MODULE
>>Overrepresented sequences	pass
>>END_MODULE
>>Kmer Content	warn
#Sequence	Count	Obs/Exp Overall	Obs/Exp Max	Max Obs/Exp Position
TTTTT	11666135	5.788574	8.130256	2
AAAAA	10811470	5.1254015	8.295671	2
CTCCT	5291245	2.5043821	5.1881833	1
CTCCA	4922400	2.3086567	5.5126286	1
GAAGA	4930595	2.3037596	5.611318	2
CTGGA	4788085	2.242778	6.079921	1
GAAAA	4339925	2.0425503	5.4432654	2
GTTTT	3886050	1.8968807	6.4336753	1
GGAAA	3416630	1.5963782	5.7050214	1
>>END_MODULE
