##FastQC	0.10.1
>>Basic Statistics	pass
#Measure	Value	
Filename	F_heteroclitus_MDPL_BW_2_R1.fastq.gz	
File type	Conventional base calls	
Encoding	Sanger / Illumina 1.9	
Total Sequences	11072740	
Filtered Sequences	0	
Sequence length	100	
%GC	50	
>>END_MODULE
>>Per base sequence quality	pass
#Base	Mean	Median	Lower Quartile	Upper Quartile	10th Percentile	90th Percentile
1	30.378280624307987	31.0	30.0	34.0	26.0	34.0
2	30.648855296882253	31.0	30.0	34.0	27.0	34.0
3	29.255260847811833	31.0	30.0	34.0	16.0	34.0
4	32.984305600962365	37.0	33.0	37.0	19.0	37.0
5	33.69673314825418	37.0	35.0	37.0	28.0	37.0
6	31.159306458925254	37.0	32.0	37.0	10.0	37.0
7	32.016227600395204	37.0	32.0	37.0	17.0	37.0
8	33.139972039441005	37.0	33.0	37.0	27.0	37.0
9	34.850173760063	38.0	35.0	39.0	28.0	39.0
10-14	34.49078708612322	38.8	34.4	39.4	22.0	39.4
15-19	35.66614631970045	39.4	35.4	41.0	27.0	41.0
20-24	35.62158275187532	39.8	35.0	41.0	26.8	41.0
25-29	35.2448212276275	39.0	34.6	41.0	25.4	41.0
30-34	34.797089645381355	39.0	34.0	41.0	23.8	41.0
35-39	34.42819676069338	39.0	33.0	41.0	22.8	41.0
40-44	34.11138533009896	38.0	33.0	40.0	21.2	41.0
45-49	33.61454377146036	38.0	33.0	40.0	18.6	41.0
50-54	32.88011326916373	36.8	32.0	40.0	13.8	41.0
55-59	32.12876408188036	35.4	31.2	39.4	8.0	41.0
60-64	31.27857791296463	35.0	30.6	38.6	3.4	40.4
65-69	30.52412882448247	35.0	30.0	36.8	2.0	39.8
70-74	29.69014514925845	34.4	29.4	35.6	2.0	38.8
75-79	28.67221946871325	33.6	28.4	35.0	2.0	36.4
80-84	28.604614901099456	34.0	29.0	35.0	2.0	36.0
85-89	28.123439094569186	34.0	28.4	35.0	2.0	35.0
90-94	27.666945634052638	34.0	27.4	35.0	2.0	35.0
95-99	27.05710702138766	34.0	27.0	35.0	2.0	35.0
100	25.906381798904338	33.0	24.0	35.0	2.0	35.0
>>END_MODULE
>>Per sequence quality scores	pass
#Quality	Count
2	295991.0
3	96361.0
4	53491.0
5	40266.0
6	41274.0
7	43472.0
8	45764.0
9	49763.0
10	53449.0
11	56251.0
12	57946.0
13	59911.0
14	60981.0
15	61011.0
16	60687.0
17	60247.0
18	59533.0
19	57921.0
20	57978.0
21	59916.0
22	66441.0
23	76816.0
24	92435.0
25	115631.0
26	149022.0
27	197702.0
28	239052.0
29	250015.0
30	297795.0
31	345436.0
32	407857.0
33	531576.0
34	730869.0
35	1061415.0
36	1633187.0
37	2025848.0
38	1272981.0
39	206196.0
40	253.0
>>END_MODULE
>>Per base sequence content	fail
#Base	G	A	T	C
1	37.45621097900141	12.233608414068458	11.190458833148552	39.11972177378157
2	27.227106299888188	21.380576323171603	26.632503210726625	24.75981416621358
3	27.92039061050123	25.794026503150775	20.851423595651593	25.4341592906964
4	29.93584763911382	31.40281051448786	17.46388590310825	21.197455943290066
5	29.011652668199524	31.973727413104047	20.05807139556972	18.956548523126713
6	21.50908633746291	36.5636152662704	22.00529362935742	19.92200476690926
7	21.73305969220251	18.825255300923637	36.320900536845166	23.120784470028692
8	22.965684950404064	21.171489966713203	28.28864528720725	27.57417979567548
9	22.626827567266762	19.534092305246194	31.14601024810829	26.693069879378754
10-14	25.190876403957535	25.809977694241233	24.233066411309512	24.76607949049172
15-19	25.10164003421987	24.868130414682597	25.151163563560115	24.879065987537423
20-24	25.009013297841253	25.37296861168368	24.939604084761367	24.6784140057137
25-29	25.061430796093003	25.190276449918265	24.765737761455846	24.982554992532886
30-34	24.826685163508447	25.24156313780071	24.972747478105017	24.959004220585822
35-39	24.964479596637975	25.320765974424152	24.919919180150497	24.79483524878738
40-44	24.98900744028764	25.090265279639933	24.74461732242402	25.176109957648407
45-49	25.022208557887936	25.067350121049557	24.878148311036732	25.032293010025775
50-54	25.178677949016258	25.020527541373934	24.72497105043998	25.075823459169825
55-59	25.168070716558027	24.7118422583716	24.806351950103682	25.313735074966694
60-64	25.107582836232456	24.809046844294908	24.89049793672707	25.19287238274557
65-69	25.14304217721205	25.25490270595946	24.54928311650741	25.052772000321085
70-74	25.24789362937631	25.216727877066408	24.460383079731223	25.074995413826063
75-79	25.184572312577114	24.96885252756715	24.651567823096265	25.195007336759474
80-84	25.167451835538003	25.01131819428813	24.596509805573437	25.224720164600427
85-89	25.329572175184666	24.88012076070429	24.474403015188294	25.315904048922754
90-94	25.144418099334796	24.904336952431002	24.557590807503242	25.39365414073096
95-99	25.123224182124716	24.947313518798612	24.546758597166207	25.382703701910465
100	25.47891789359588	24.525417758106766	24.16338180832806	25.832282539969288
>>END_MODULE
>>Per base GC content	fail
#Base	%GC
1	76.57593275278299
2	51.98692046610177
3	53.354549901197636
4	51.13330358240389
5	47.96820119132623
6	41.43109110437217
7	44.8538441622312
8	50.539864746079544
9	49.31989744664552
10-14	49.95695589444926
15-19	49.98070602175729
20-24	49.687427303554955
25-29	50.04398578862589
30-34	49.785689384094276
35-39	49.75931484542535
40-44	50.165117397936044
45-49	50.05450156791371
50-54	50.254501408186094
55-59	50.481805791524714
60-64	50.30045521897802
65-69	50.19581417753313
70-74	50.322889043202366
75-79	50.379579649336584
80-84	50.39217200013844
85-89	50.64547622410742
90-94	50.53807224006576
95-99	50.50592788403519
100	51.311200433565176
>>END_MODULE
>>Per sequence GC content	warn
#GC Content	Count
0	2047.0
1	1452.0
2	774.0
3	695.5
4	637.5
5	584.5
6	616.0
7	668.5
8	728.5
9	795.0
10	884.0
11	1000.0
12	1141.5
13	1277.0
14	1470.0
15	1782.5
16	2191.5
17	2801.0
18	3725.0
19	4923.0
20	6618.5
21	9181.0
22	12941.0
23	17775.0
24	24019.0
25	31943.0
26	41386.5
27	52831.5
28	65408.5
29	78727.0
30	93115.5
31	106879.0
32	120463.5
33	135181.0
34	148112.0
35	158673.0
36	169986.5
37	183888.5
38	196449.0
39	203579.5
40	209196.0
41	216657.0
42	226780.0
43	241245.0
44	259210.5
45	275621.5
46	292965.5
47	314266.5
48	333454.0
49	347862.5
50	363730.0
51	385471.0
52	404847.5
53	416739.5
54	423599.5
55	430358.0
56	431301.0
57	423291.5
58	407640.0
59	382507.5
60	350463.0
61	315341.5
62	281071.0
63	247069.0
64	211213.5
65	178912.5
66	153037.5
67	128603.0
68	108790.5
69	89803.0
70	69952.0
71	53551.0
72	40718.5
73	32747.5
74	27223.5
75	23008.0
76	18552.5
77	14427.0
78	10807.5
79	7187.5
80	6319.5
81	6225.5
82	6603.0
83	6436.0
84	4365.5
85	2421.0
86	1371.5
87	923.0
88	706.5
89	537.5
90	411.5
91	307.0
92	222.0
93	138.5
94	76.5
95	41.5
96	31.5
97	23.5
98	12.0
99	7.0
100	5.5
>>END_MODULE
>>Per base N content	pass
#Base	N-Count
1	0.026181414898209476
2	0.004334970386733546
3	3.305532325332303
4	0.007378480845752723
5	0.01702378995623486
6	2.2673069177096186
7	0.02938748674673116
8	0.031482722433652376
9	0.030525416473248718
10-14	0.9538470152825768
15-19	0.02209570530871311
20-24	0.01693709054850019
25-29	0.015029703578337432
30-34	0.036482388279685064
35-39	0.03767811761135907
40-44	0.026911134913309622
45-49	0.020164837248955545
50-54	0.015894891418023
55-59	0.0039412105766052485
60-64	0.005185708325130004
65-69	0.0018206875624280892
70-74	0.0029766796655570347
75-79	0.0037298807702519886
80-84	0.0027310313436421335
85-89	0.00238423371270345
90-94	0.009634471684515304
95-99	0.021205230141771593
100	0.015714267651909104
>>END_MODULE
>>Sequence Length Distribution	pass
#Length	Count
100	1.107274E7
>>END_MODULE
>>Sequence Duplication Levels	warn
#Total Duplicate Percentage	43.241632278771206
#Duplication Level	Relative count
1	100.0
2	22.40084013248243
3	8.423135956054608
4	4.580337668632361
5	3.0907181517085385
6	2.246546570805396
7	1.7174246708134744
8	1.4322643186040875
9	1.2440423297519994
10++	16.428629129978187
>>END_MODULE
>>Overrepresented sequences	warn
#Sequence	Count	Percentage	Possible Source
GATCGGAAGAGCACACGTCTGAACTCCAGTCACGAGATTCCATCTCGTAT	42303	0.3820463588958108	TruSeq Adapter, Index 7 (97% over 38bp)
>>END_MODULE
>>Kmer Content	warn
#Sequence	Count	Obs/Exp Overall	Obs/Exp Max	Max Obs/Exp Position
TTTTT	5733275	5.9907227	7.8788037	2
AAAAA	6012245	5.802339	10.489095	2
GAAGA	2365380	2.2394238	6.8102274	6
AAGAA	2284965	2.18414	5.2309012	2
CTGGA	2237855	2.144672	5.6852393	1
GAAAA	2135570	2.041337	7.0822096	1
AGAAA	2088515	1.9963584	5.012404	2
GGAGA	2093185	1.9628063	5.019372	2
AAAAT	1940290	1.9025457	5.903179	3
AAAAC	1966425	1.8907555	5.1690574	3
GTTTT	1836320	1.8704983	6.2334847	1
AAAAG	1956425	1.8700969	5.2491646	3
GGAAG	1808770	1.6961068	6.227619	5
GGAAA	1624215	1.5377256	6.7006087	1
AAGAG	1583755	1.4994203	6.8807435	7
AGAGC	1551285	1.46325	7.482592	8
GAGCA	1536770	1.4495585	7.825914	9
GCCAG	1526840	1.4348685	5.0407434	1
GGGAG	1509740	1.4021888	5.0363603	1
TCGGA	714565	0.6848109	5.934994	3
GATCG	651705	0.62456834	6.049508	1
CGGAA	629685	0.59395057	5.66514	4
ATCGG	591375	0.5667505	5.8117537	2
>>END_MODULE
