##FastQC	0.10.1
>>Basic Statistics	pass
#Measure	Value	
Filename	F_heteroclitus_MDPP_FW_3_R2.fastq.gz	
File type	Conventional base calls	
Encoding	Sanger / Illumina 1.9	
Total Sequences	17375266	
Filtered Sequences	0	
Sequence length	100	
%GC	50	
>>END_MODULE
>>Per base sequence quality	pass
#Base	Mean	Median	Lower Quartile	Upper Quartile	10th Percentile	90th Percentile
1	30.436598495815833	31.0	31.0	34.0	27.0	34.0
2	30.464134649794715	31.0	31.0	34.0	26.0	34.0
3	30.518402595966013	31.0	31.0	34.0	26.0	34.0
4	33.907290282635095	37.0	35.0	37.0	30.0	37.0
5	33.85107802090627	37.0	35.0	37.0	29.0	37.0
6	33.791018911595366	37.0	35.0	37.0	29.0	37.0
7	33.79700610051092	37.0	35.0	37.0	29.0	37.0
8	33.73747101195458	37.0	35.0	37.0	29.0	37.0
9	35.23317743739866	39.0	35.0	39.0	29.0	39.0
10-14	35.33737127247433	39.2	35.2	39.4	28.0	39.4
15-19	36.12324530743875	40.0	36.0	41.0	27.0	41.0
20-24	35.86697553867665	40.0	36.0	41.0	27.0	41.0
25-29	35.601519884645214	40.0	36.0	41.0	26.0	41.0
30-34	34.75789108494799	39.4	34.2	41.0	20.0	41.0
35-39	34.62647744212951	39.0	33.8	41.0	23.0	41.0
40-44	34.27343970446265	38.6	33.8	40.4	20.8	41.0
45-49	33.90298503631542	38.0	33.0	40.0	19.2	41.0
50-54	33.012752541457495	37.0	32.4	39.6	16.6	40.6
55-59	32.875426286999	36.4	32.8	40.0	13.4	41.0
60-64	32.08705203131854	35.2	32.0	39.0	8.2	41.0
65-69	31.264523443842528	35.0	31.0	37.4	3.6	40.0
70-74	30.56108639718091	35.0	31.0	36.2	2.0	39.0
75-79	29.874625470482005	35.0	30.4	35.0	2.0	37.2
80-84	29.284632672673904	34.0	30.0	35.0	2.0	36.0
85-89	28.797475986842443	34.0	29.4	35.0	2.0	35.2
90-94	28.314303263040692	34.0	29.0	35.0	2.0	35.0
95-99	27.72603142881381	34.0	29.0	35.0	2.0	35.0
100	26.422838361150845	33.0	25.0	35.0	2.0	35.0
>>END_MODULE
>>Per sequence quality scores	pass
#Quality	Count
2	599406.0
3	96872.0
4	65358.0
5	56080.0
6	56116.0
7	59676.0
8	62906.0
9	67330.0
10	72085.0
11	74673.0
12	72840.0
13	71695.0
14	71039.0
15	71856.0
16	72374.0
17	71384.0
18	71807.0
19	72643.0
20	75560.0
21	81626.0
22	91230.0
23	106623.0
24	128601.0
25	155915.0
26	187100.0
27	222646.0
28	265929.0
29	318276.0
30	385135.0
31	472099.0
32	600455.0
33	786339.0
34	1085951.0
35	1615036.0
36	2656320.0
37	3595729.0
38	2363257.0
39	394650.0
40	649.0
>>END_MODULE
>>Per base sequence content	fail
#Base	G	A	T	C
1	39.92889480187966	13.372402751974175	7.272234019480667	39.4264684266655
2	27.403938949892826	17.366721223950357	34.46474053197728	20.764599294179536
3	26.920011298434467	21.85890106949378	21.205360561347494	30.015727070724264
4	30.02076048227604	26.816919306557637	18.263426736408313	24.89889347475801
5	31.070629356737978	27.85615887610735	21.063584587184277	20.009627179970398
6	24.42021152722936	31.48470628942459	22.356858140424578	21.738224042921473
7	22.55547069035937	18.87431902013286	35.14642585677864	23.423784432729132
8	22.21677019159256	20.86297635078393	29.06174858445049	27.85850487317302
9	22.98542546105727	19.79023519881068	30.885346142781074	26.338993197350973
10-14	25.584918663152738	25.37710947238393	24.525203592983498	24.512768271479832
15-19	25.672102323563873	24.172862095738974	24.984080363465324	25.17095521723183
20-24	25.529772703515814	24.670988002010734	24.84945091934083	24.949788375132623
25-29	25.48012270626373	24.659977752489283	24.738391638443545	25.12150790280344
30-34	25.596785897448786	24.711454961093278	24.725748516869395	24.966010624588538
35-39	25.347358056872523	24.740491195703427	24.764136406110445	25.14801434131361
40-44	25.50717654321895	24.668101883911	24.659324079821957	25.16539749304809
45-49	25.457470670348286	24.621103366182332	24.624077356174958	25.297348607294424
50-54	25.35830402041884	24.75322096524145	24.726249628549514	25.162225385790205
55-59	25.592001748359987	24.536611286383415	24.540718868024218	25.33066809723238
60-64	25.473816164615908	24.56785431201121	24.55073439701555	25.40759512635733
65-69	25.384435439220436	24.63724244340755	24.669774816545402	25.308547300826607
70-74	25.582863550007183	24.627791885511414	24.529548940168148	25.259795624313252
75-79	25.46136935065471	24.52696031154562	24.56432543236223	25.44734490543744
80-84	25.503098657657997	24.665056038396713	24.551031361318433	25.280813942626857
85-89	25.639530281395317	24.574095182938326	24.44113333302543	25.345241202640928
90-94	25.50576734556993	24.555233291995968	24.4449249478062	25.4940744146279
95-99	25.489740346498873	24.667866871553553	24.507782483313477	25.334610298634097
100	26.139155576571692	24.213608830033465	23.90387542763248	25.743360165762365
>>END_MODULE
>>Per base GC content	fail
#Base	%GC
1	79.35536322854516
2	48.168538244072366
3	56.93573836915873
4	54.91965395703405
5	51.080256536708376
6	46.15843557015083
7	45.9792551230885
8	50.07527506476558
9	49.32441865840825
10-14	50.09768693463257
15-19	50.8430575407957
20-24	50.47956107864844
25-29	50.60163060906717
30-34	50.562796522037324
35-39	50.49537239818612
40-44	50.67257403626705
45-49	50.75481927764272
50-54	50.520529406209036
55-59	50.92266984559236
60-64	50.88141129097323
65-69	50.69298274004704
70-74	50.84265917432044
75-79	50.908714256092146
80-84	50.78391260028485
85-89	50.98477148403624
90-94	50.999841760197825
95-99	50.82435064513297
100	51.88251574233406
>>END_MODULE
>>Per sequence GC content	warn
#GC Content	Count
0	4683.0
1	3295.0
2	1732.0
3	1515.0
4	1357.0
5	1166.5
6	1071.5
7	1063.5
8	1062.5
9	1080.0
10	1150.5
11	1236.0
12	1348.0
13	1449.0
14	1673.0
15	2010.0
16	2439.5
17	3000.0
18	3851.0
19	5239.5
20	7192.0
21	10012.5
22	14058.0
23	19343.0
24	26210.5
25	35535.5
26	47136.0
27	61029.5
28	76502.0
29	93108.5
30	109993.5
31	127424.0
32	145542.0
33	163530.5
34	183913.0
35	205972.5
36	225304.5
37	240298.5
38	258851.0
39	281564.0
40	297215.0
41	312132.0
42	334380.0
43	361843.5
44	395749.0
45	427689.5
46	463920.5
47	511981.0
48	551088.5
49	584589.5
50	627251.0
51	671587.5
52	710321.0
53	737380.5
54	754522.5
55	763574.5
56	747389.5
57	720658.0
58	692008.5
59	644647.0
60	581477.5
61	514193.5
62	452346.0
63	392807.5
64	330598.0
65	275650.0
66	231265.5
67	193046.0
68	160804.5
69	131012.5
70	103913.0
71	78537.0
72	58699.5
73	45990.5
74	36177.5
75	27804.5
76	20732.0
77	15050.5
78	10775.0
79	7561.5
80	5935.5
81	4837.0
82	3987.5
83	3154.5
84	2222.0
85	1557.5
86	1070.0
87	720.5
88	520.5
89	385.5
90	293.5
91	202.5
92	132.0
93	96.0
94	61.5
95	42.5
96	29.5
97	15.5
98	12.0
99	8.5
100	6.0
>>END_MODULE
>>Per base N content	pass
#Base	N-Count
1	0.036563469013942
2	0.05070425972183677
3	0.03734043553635381
4	0.03573470472336942
5	0.04472449515305262
6	0.033789410763553206
7	0.03766273276046537
8	0.043907241477626875
9	0.03454911136324474
10-14	0.03101765463619377
15-19	0.04805336505351918
20-24	0.04646029591719632
25-29	0.02804676486679398
30-34	0.05408953163652286
35-39	0.053991691407774704
40-44	0.08961704528724913
45-49	0.06554029158460078
50-54	0.06276738439572667
55-59	0.07051057520500693
60-64	0.061546108128646776
65-69	0.0634465106893903
70-74	0.0607679905447203
75-79	0.05682330273389771
80-84	0.06203761139541691
85-89	0.06005893665167486
90-94	0.05305242521179244
95-99	0.04993074638396902
100	0.05017477142508207
>>END_MODULE
>>Sequence Length Distribution	pass
#Length	Count
100	1.7375266E7
>>END_MODULE
>>Sequence Duplication Levels	warn
#Total Duplicate Percentage	49.55868220453634
#Duplication Level	Relative count
1	100.0
2	26.21965317919075
3	11.050173410404625
4	6.547976878612717
5	4.250635838150289
6	3.1528323699421965
7	2.5969942196531792
8	2.087398843930636
9	1.7683236994219653
10++	27.297109826589594
>>END_MODULE
>>Overrepresented sequences	pass
>>END_MODULE
>>Kmer Content	warn
#Sequence	Count	Obs/Exp Overall	Obs/Exp Max	Max Obs/Exp Position
TTTTT	8219360	5.464954	7.9265265	2
AAAAA	7208185	4.990598	7.5801444	2
CTCCT	4209595	2.5797813	5.887199	1
CTCCA	3934270	2.4306495	5.542818	1
GAAGA	3741480	2.33776	5.4756436	2
CTGGA	3829650	2.2913022	6.4545007	1
GGAGA	3470915	2.0602288	5.2187686	1
GAAAA	3053375	2.0082679	5.3949842	2
GTTTT	2907085	1.8511295	7.556914	1
GGAAG	2890390	1.7156469	5.3016562	1
GGAAA	2559485	1.5992231	6.047043	1
GTGGA	2666280	1.5698624	5.0433345	1
CTGGG	2598465	1.4769137	5.362503	1
GTTTG	2267935	1.3830575	5.040427	1
>>END_MODULE
