##FastQC	0.10.1
>>Basic Statistics	pass
#Measure	Value	
Filename	F_notatus_NA_FW_3_R1.fastq.gz	
File type	Conventional base calls	
Encoding	Sanger / Illumina 1.9	
Total Sequences	18730504	
Filtered Sequences	0	
Sequence length	100	
%GC	48	
>>END_MODULE
>>Per base sequence quality	pass
#Base	Mean	Median	Lower Quartile	Upper Quartile	10th Percentile	90th Percentile
1	30.945214875157657	33.0	31.0	34.0	27.0	34.0
2	31.267526704033163	34.0	31.0	34.0	28.0	34.0
3	30.990348524524485	34.0	31.0	34.0	27.0	34.0
4	34.490298445786614	37.0	35.0	37.0	30.0	37.0
5	32.95591907190538	37.0	35.0	37.0	24.0	37.0
6	33.37531766363575	37.0	35.0	37.0	21.0	37.0
7	34.008624701182626	37.0	35.0	37.0	30.0	37.0
8	34.14484484774142	37.0	35.0	37.0	30.0	37.0
9	35.75566877431595	39.0	37.0	39.0	30.0	39.0
10-14	35.876886356074564	39.2	37.0	39.4	30.0	39.4
15-19	36.70211478559253	40.0	37.0	41.0	30.0	41.0
20-24	36.50357844081505	40.0	37.0	41.0	29.4	41.0
25-29	36.21241226610881	40.0	36.2	41.0	27.8	41.0
30-34	35.83856171729282	40.0	36.0	41.0	26.8	41.0
35-39	35.49424094514488	40.0	35.0	41.0	25.2	41.0
40-44	35.26939299657927	39.6	35.0	41.0	24.6	41.0
45-49	34.85004925654964	39.0	34.8	41.0	23.6	41.0
50-54	34.27648831019176	38.4	34.0	40.6	22.2	41.0
55-59	33.55775952424985	37.2	33.2	40.0	19.4	41.0
60-64	32.78068976681034	35.8	33.0	39.4	16.4	41.0
65-69	32.00729433655389	35.0	32.0	38.4	11.2	40.4
70-74	31.14276477557678	35.0	31.4	36.6	4.0	39.4
75-79	30.043596029236586	34.6	30.4	35.2	2.0	37.4
80-84	29.95480717443588	35.0	31.0	35.0	2.0	36.6
85-89	29.484740421293527	35.0	31.0	35.0	2.0	35.8
90-94	29.046009664235406	34.0	30.0	35.0	2.0	35.0
95-99	28.578283147105918	34.0	30.0	35.0	2.0	35.0
100	27.54858502472758	34.0	27.0	35.0	2.0	35.0
>>END_MODULE
>>Per sequence quality scores	pass
#Quality	Count
2	424493.0
3	145439.0
4	75433.0
5	58370.0
6	59970.0
7	59501.0
8	60826.0
9	66328.0
10	73236.0
11	78114.0
12	80072.0
13	83455.0
14	83879.0
15	81247.0
16	79367.0
17	77817.0
18	76987.0
19	76220.0
20	77095.0
21	80169.0
22	88359.0
23	102038.0
24	123445.0
25	150984.0
26	185408.0
27	230682.0
28	271193.0
29	300027.0
30	360241.0
31	438636.0
32	545339.0
33	709223.0
34	981380.0
35	1485529.0
36	2561188.0
37	4114967.0
38	3460714.0
39	722031.0
40	1102.0
>>END_MODULE
>>Per base sequence content	fail
#Base	G	A	T	C
1	34.70976918094084	15.66473382543705	8.09043328226899	41.53506371135312
2	22.402089938224112	18.193083942908437	41.12071234129108	18.284113777576366
3	23.4902143216813	22.549519972889772	25.22572590575608	28.73453979967285
4	24.751539813243134	29.126682672811555	20.725816574747995	25.395960939197316
5	27.954176398768745	30.7376074575882	22.40888392153682	18.89933222210624
6	22.319517434546846	33.280095221874156	24.08030067569354	20.32008666788546
7	19.542059463301793	19.64105671419717	38.87449622716531	21.94238759533573
8	19.77297286902659	22.095555340700948	31.276231032329505	26.855240757942962
9	22.302565370523816	20.288435196249246	32.18424381571858	25.22475561750836
10-14	23.56447358824343	26.980262778145054	26.050081480042557	23.40518215356896
15-19	23.921449775448565	25.623085769387327	26.50419981195079	23.951264643213317
20-24	23.724417214883033	26.015629726952653	26.458601046570852	23.801352011593462
25-29	23.884826228271358	25.966245190363374	26.154946411311908	23.99398217005336
30-34	23.728261898735408	25.977114672634862	26.143069068143916	24.15155436048582
35-39	23.606568861889336	26.205856868908505	26.259537726308345	23.928036542893814
40-44	23.929380524957587	25.95776043658497	26.14754798984652	23.96531104861092
45-49	23.92408570392835	25.957590863522555	26.06694452520347	24.051378907345622
50-54	24.06061355492601	25.855650137758907	25.924345104160206	24.15939120315488
55-59	23.869354026054438	25.737129282607686	26.12490850808204	24.268608183255836
60-64	24.001937128163075	25.663772435792158	26.099973317076124	24.234317118968637
65-69	23.972554060394394	26.446830566095198	25.60726474489422	23.973350628616192
70-74	23.949086099985955	26.49496262836356	25.57507006541147	23.980881206239015
75-79	23.983338175728026	26.209557991217142	25.630819836659757	24.176283996395075
80-84	24.015886030425072	26.125927441225244	25.658695649225756	24.19949087912393
85-89	24.172793568043456	26.056428129541892	25.512957853968864	24.257820448445784
90-94	24.031420921094956	25.96163894468014	25.572335751455928	24.43460438276898
95-99	24.076378403192656	26.063705840975636	25.62128912704713	24.238626628784576
100	24.395865871969786	25.774225336854805	25.20275731691189	24.627151474263517
>>END_MODULE
>>Per base GC content	fail
#Base	%GC
1	76.24483289229396
2	40.68620371580048
3	52.224754121354145
4	50.14750075244044
5	46.853508620874976
6	42.6396041024323
7	41.48444705863753
8	46.62821362696955
9	47.52732098803217
10-14	46.96965574181239
15-19	47.872714418661886
20-24	47.52576922647649
25-29	47.878808398324715
30-34	47.87981625922122
35-39	47.53460540478315
40-44	47.89469157356851
45-49	47.97546461127397
50-54	48.22000475808089
55-59	48.13796220931027
60-64	48.23625424713172
65-69	47.94590468901058
70-74	47.929967306224974
75-79	48.1596221721231
80-84	48.21537690954899
85-89	48.430614016489244
90-94	48.46602530386394
95-99	48.31500503197723
100	49.0230173462333
>>END_MODULE
>>Per sequence GC content	fail
#GC Content	Count
0	19536.0
1	13513.5
2	6604.0
3	5749.0
4	5552.5
5	5293.5
6	5375.5
7	5497.5
8	5600.5
9	5777.5
10	5986.5
11	6016.5
12	6208.0
13	6581.5
14	6831.0
15	7215.5
16	7782.0
17	8678.0
18	10019.5
19	12114.5
20	15524.5
21	20285.5
22	26738.0
23	36077.5
24	48392.5
25	62949.5
26	81190.5
27	100703.0
28	122072.5
29	149891.5
30	181346.0
31	213412.0
32	247434.0
33	275890.0
34	304447.0
35	332529.0
36	350975.0
37	374107.5
38	398296.0
39	419124.5
40	436856.0
41	449242.0
42	468888.5
43	495216.5
44	516296.0
45	532957.0
46	555112.5
47	579451.5
48	605880.0
49	636674.0
50	664374.0
51	687971.0
52	715610.0
53	730506.5
54	720978.5
55	713330.5
56	702182.5
57	665385.5
58	616239.0
59	559955.0
60	492909.5
61	423734.0
62	357946.5
63	301833.5
64	250567.5
65	202141.0
66	163239.0
67	133403.0
68	110124.5
69	85787.5
70	61641.5
71	44640.0
72	33124.5
73	25701.5
74	19967.0
75	15941.0
76	12317.5
77	8659.0
78	6144.5
79	4496.5
80	3552.5
81	3262.0
82	2777.5
83	2084.5
84	1421.0
85	823.0
86	530.5
87	357.0
88	228.5
89	156.0
90	99.0
91	66.0
92	53.5
93	38.5
94	26.5
95	21.0
96	14.5
97	8.5
98	5.5
99	2.0
100	0.5
>>END_MODULE
>>Per base N content	pass
#Base	N-Count
1	0.016822825482966184
2	0.002034115045702988
3	0.005557778904401078
4	0.007725366065963842
5	3.64105525403908
6	0.03777260878831664
7	0.04683269601287825
8	0.052502591494601535
9	0.046581768435061864
10-14	0.05191211085403788
15-19	0.029993853876008888
20-24	0.02550385189848602
25-29	0.025717407283861664
30-34	0.04920422856747474
35-39	0.04669602056623783
40-44	0.03816021181277343
45-49	0.02876591041009895
50-54	0.014870929260632815
55-59	0.005236378049410737
60-64	0.0049245871867622994
65-69	8.328660029650031E-4
70-74	0.003083739764824267
75-79	0.004218786638095804
80-84	0.005564185565962347
85-89	0.002280771515811854
90-94	0.009394301402674481
95-99	0.017474169408361887
100	0.004522035285329215
>>END_MODULE
>>Sequence Length Distribution	pass
#Length	Count
100	1.8730504E7
>>END_MODULE
>>Sequence Duplication Levels	fail
#Total Duplicate Percentage	53.65489062733569
#Duplication Level	Relative count
1	100.0
2	26.81041139271437
3	11.84916577885076
4	7.0872144735170215
5	4.718945176960444
6	3.7180752802728936
7	2.7338213877295696
8	2.3066923400220896
9	2.0760231060198806
10++	34.182052760700216
>>END_MODULE
>>Overrepresented sequences	warn
#Sequence	Count	Percentage	Possible Source
GATCGGAAGAGCACACGTCTGAACTCCAGTCACGAATTCGTATCTCGTAT	120961	0.6457968242605752	TruSeq Adapter, Index 7 (97% over 35bp)
TTTTTTTTTTTTTTTTTTTTTTTTTTTTTTTTTTTTTTTTTTTTTTTTTT	38135	0.2035983655325025	No Hit
>>END_MODULE
>>Kmer Content	fail
#Sequence	Count	Obs/Exp Overall	Obs/Exp Max	Max Obs/Exp Position
TTTTT	16007190	7.4375715	13.51216	2
AAAAA	11381840	5.508721	10.478449	65-69
CTCCT	4251155	2.470075	9.350994	1
TCCTC	4181525	2.4296174	5.7345247	2
CTCCA	4098715	2.4010177	8.099043	1
GAAGA	4035015	2.276422	10.589165	6
CTGGA	3700875	2.213021	7.0586247	1
CTCTG	3740515	2.1958432	6.019049	1
CTTCA	3681620	2.0018165	5.289256	1
CTGAA	3499820	1.9383947	5.5479817	1
CTTTT	3656175	1.8302289	5.743551	1
GGAAG	2952240	1.7982248	10.631992	5
GTTTT	3496375	1.7683291	7.425203	1
CTCAG	2866775	1.6967115	6.562989	1
GGAAA	2868030	1.6180477	5.730646	1
AAGAG	2803990	1.5819185	9.9913225	7
CTGGG	2418580	1.5614436	5.8212514	1
GAGCA	2575065	1.5524362	11.651356	9
AGAGC	2564675	1.5461724	11.297252	8
CTCCC	2206635	1.3813257	5.2643933	1
TCGGA	1135175	0.6788033	9.786988	3
CGGAA	1017880	0.613652	9.860522	4
GATCG	1023715	0.61215335	9.552508	1
ATCGG	961035	0.5746724	9.501485	2
>>END_MODULE
