##FastQC	0.10.1
>>Basic Statistics	pass
#Measure	Value	
Filename	F_grandis_NA_transfer_3_R1.fastq.gz	
File type	Conventional base calls	
Encoding	Sanger / Illumina 1.9	
Total Sequences	20081935	
Filtered Sequences	0	
Sequence length	100	
%GC	52	
>>END_MODULE
>>Per base sequence quality	pass
#Base	Mean	Median	Lower Quartile	Upper Quartile	10th Percentile	90th Percentile
1	30.901911543882598	33.0	31.0	34.0	27.0	34.0
2	31.19818324280006	34.0	31.0	34.0	27.0	34.0
3	30.940482826978574	34.0	31.0	34.0	27.0	34.0
4	34.43911047416496	37.0	35.0	37.0	30.0	37.0
5	32.92826234125347	37.0	35.0	37.0	24.0	37.0
6	33.31745875086241	37.0	35.0	37.0	21.0	37.0
7	33.92562778437436	37.0	35.0	37.0	29.0	37.0
8	34.04775859497603	37.0	35.0	37.0	30.0	37.0
9	35.63475501738254	39.0	37.0	39.0	30.0	39.0
10-14	35.74664059016226	39.2	36.6	39.4	30.0	39.4
15-19	36.532738832189224	40.0	37.0	41.0	29.4	41.0
20-24	36.293408926978394	40.0	36.6	41.0	28.4	41.0
25-29	35.91934397755993	40.0	36.0	41.0	27.0	41.0
30-34	35.43987843800908	39.6	35.0	41.0	25.4	41.0
35-39	34.98425336004723	39.0	35.0	41.0	24.2	41.0
40-44	34.653774081033525	38.8	34.4	41.0	23.0	41.0
45-49	34.0572290966981	38.0	33.6	40.4	21.4	41.0
50-54	33.331338110595425	36.8	33.0	40.0	19.0	41.0
55-59	32.5072600025844	35.4	32.4	39.4	14.0	41.0
60-64	31.656757080430747	35.0	31.4	38.2	8.4	40.4
65-69	30.908560564507354	35.0	31.0	36.6	3.8	39.4
70-74	30.164395980765796	35.0	30.4	35.4	2.0	38.2
75-79	29.197984038888684	34.0	29.4	35.0	2.0	36.2
80-84	29.210845309478394	34.0	30.0	35.0	2.0	35.8
85-89	28.784818783648085	34.0	29.4	35.0	2.0	35.0
90-94	28.32188705919026	34.0	29.0	35.0	2.0	35.0
95-99	27.788655555353603	34.0	29.0	35.0	2.0	35.0
100	26.605019834991	33.0	25.0	35.0	2.0	35.0
>>END_MODULE
>>Per sequence quality scores	pass
#Quality	Count
2	474162.0
3	166800.0
4	90544.0
5	72590.0
6	70670.0
7	74103.0
8	76923.0
9	81787.0
10	86386.0
11	89838.0
12	91301.0
13	93846.0
14	94647.0
15	95505.0
16	93314.0
17	93079.0
18	92806.0
19	91796.0
20	92608.0
21	95685.0
22	105568.0
23	122703.0
24	147251.0
25	180415.0
26	221022.0
27	269807.0
28	324454.0
29	376971.0
30	452563.0
31	548040.0
32	683432.0
33	897832.0
34	1266281.0
35	1933396.0
36	3182574.0
37	4237713.0
38	2541056.0
39	372059.0
40	408.0
>>END_MODULE
>>Per base sequence content	fail
#Base	G	A	T	C
1	36.875014287685836	12.131685871225605	9.266453898226056	41.726845942862504
2	27.99234319954764	18.914458310997265	29.09785352136382	23.99534496809127
3	27.59214031087059	23.62474264096582	20.190229559477824	28.592887488685765
4	30.029165872771536	29.92930689643461	16.677280708403124	23.36424652239073
5	30.228077673967856	30.76065670580956	19.083958901330277	19.927306718892307
6	23.411723675749155	33.23081035512301	21.394084017997432	21.963381951130405
7	22.31637061403727	17.589256694239612	35.38146937784808	24.71290331387504
8	23.190165617776504	19.719184912323446	27.52485088720339	29.56579858269666
9	23.990306906446232	18.466313705023147	29.304739095942317	28.2386402925883
10-14	26.05195636356911	24.711847383495545	23.141183626918053	26.09501262601729
15-19	26.25468285572631	23.475072932090452	24.062449811913694	26.207794400269545
20-24	25.98496234938986	24.002390601581435	23.960743153372	26.051903895656704
25-29	26.08055199224645	23.935064627542797	23.795306514653277	26.189076865557475
30-34	25.891576659907567	24.066012112093105	23.8392971028608	26.203114125138526
35-39	26.04692398369881	24.017119989014116	23.693690229640122	26.24226579764695
40-44	26.318210722563112	23.788888376895017	23.494431236386326	26.398469664155545
45-49	26.218045526624028	23.797757963572824	23.534887149770533	26.449309360032615
50-54	26.315723261281427	23.859163117829105	23.422820971934442	26.402292648955033
55-59	26.558391047886847	23.35343323662896	23.457551942151987	26.6306237733322
60-64	26.625571263188213	23.378959890036448	23.421034528562814	26.574434318212525
65-69	26.532401643656307	23.671502742199177	23.23308012783657	26.563015486307943
70-74	26.799512749278374	23.748541729677118	23.00935344664113	26.442592074403375
75-79	26.740659830235032	23.45316639437388	23.274823400438155	26.531350374952932
80-84	26.698126115752917	23.364520682178014	23.239230074239742	26.698123127829327
85-89	26.708232029045725	23.571498621701306	23.011262477543877	26.70900687170909
90-94	26.62515828118515	23.463521612595386	23.20082554223171	26.71049456398775
95-99	26.40678913979405	23.491211678637843	23.16425429273824	26.93774488882987
100	26.787297688818374	22.92948533120994	22.781420511954792	27.50179646801689
>>END_MODULE
>>Per base GC content	fail
#Base	%GC
1	78.60186023054834
2	51.987688167638915
3	56.18502779955635
4	53.393412395162265
5	50.15538439286016
6	45.37510562687956
7	47.029273927912314
8	52.75596420047316
9	52.228947199034536
10-14	52.146968989586405
15-19	52.46247725599586
20-24	52.03686624504657
25-29	52.26962885780393
30-34	52.0946907850461
35-39	52.28918978134577
40-44	52.716680386718664
45-49	52.667354886656646
50-54	52.71801591023646
55-59	53.18901482121905
60-64	53.200005581400745
65-69	53.095417129964254
70-74	53.24210482368176
75-79	53.27201020518796
80-84	53.39624924358224
85-89	53.41723890075482
90-94	53.3356528451729
95-99	53.344534028623926
100	54.28909415683527
>>END_MODULE
>>Per sequence GC content	warn
#GC Content	Count
0	1364.0
1	1053.5
2	669.5
3	617.0
4	645.5
5	638.5
6	646.0
7	695.5
8	765.5
9	855.5
10	974.5
11	1115.0
12	1255.5
13	1433.5
14	1684.0
15	2070.0
16	2613.5
17	3244.5
18	4185.0
19	5578.5
20	7530.0
21	10345.5
22	14398.5
23	19616.5
24	26187.0
25	34666.0
26	45408.0
27	56653.0
28	69404.5
29	85783.5
30	101722.5
31	117098.5
32	134438.5
33	153879.0
34	170539.5
35	184535.5
36	201035.0
37	216530.5
38	234181.0
39	255216.0
40	273285.5
41	292960.5
42	320763.5
43	361830.0
44	421263.0
45	469348.5
46	516667.0
47	560861.0
48	592012.0
49	625394.5
50	669800.0
51	741639.0
52	792842.5
53	816617.0
54	828723.5
55	845024.5
56	860636.5
57	846436.0
58	813861.0
59	759246.0
60	691955.0
61	626932.5
62	553134.0
63	487608.0
64	426985.0
65	373792.5
66	333204.0
67	294665.0
68	276998.0
69	239301.5
70	181875.0
71	134856.5
72	98582.5
73	84196.5
74	82143.5
75	91561.5
76	84479.5
77	67906.5
78	52468.0
79	33981.5
80	36104.0
81	42030.5
82	50325.5
83	54836.0
84	39595.0
85	21289.5
86	10895.5
87	6371.5
88	5311.5
89	5165.5
90	4157.0
91	2849.5
92	2484.5
93	1861.0
94	967.5
95	480.0
96	335.5
97	228.0
98	117.5
99	58.0
100	29.5
>>END_MODULE
>>Per base N content	pass
#Base	N-Count
1	0.017209496993193137
2	0.0021910239227444965
3	0.0051738042175716635
4	0.008052012916086025
5	3.5690485005553496
6	0.03852218424170778
7	0.04781909711389864
8	0.053381310117775006
9	0.04730121873215903
10-14	0.052398337112434634
15-19	0.030895429150627166
20-24	0.02646557714682375
25-29	0.026128956198693
30-34	0.050431395181789004
35-39	0.04796549734873656
40-44	0.03938863461115674
45-49	0.02982780294827167
50-54	0.015002538351010496
55-59	0.005025412142803968
60-64	0.00475253007242579
65-69	8.455360501863988E-4
70-74	0.003038551812860663
75-79	0.004255566009948742
80-84	0.005478555726826125
85-89	0.0021850484029551933
90-94	0.009201304555562001
95-99	0.01762081193869017
100	0.004307353848122704
>>END_MODULE
>>Sequence Length Distribution	pass
#Length	Count
100	2.0081935E7
>>END_MODULE
>>Sequence Duplication Levels	fail
#Total Duplicate Percentage	58.070157711052204
#Duplication Level	Relative count
1	100.0
2	24.808134361560136
3	10.230980275841613
4	5.8903677888180335
5	4.004152454397152
6	2.866861930891295
7	2.399710811211627
8	2.0076375500519057
9	1.650786000296604
10++	31.518797271244253
>>END_MODULE
>>Overrepresented sequences	warn
#Sequence	Count	Percentage	Possible Source
GATCGGAAGAGCACACGTCTGAACTCCAGTCACGAGATTCCATCTCGTAT	45657	0.22735358918351245	TruSeq Adapter, Index 7 (97% over 38bp)
>>END_MODULE
>>Kmer Content	fail
#Sequence	Count	Obs/Exp Overall	Obs/Exp Max	Max Obs/Exp Position
AAAAA	7698985	5.431975	10.150086	2
TTTTT	7130125	5.2774854	7.77709	2
AAGAA	3724730	2.34656	6.1193447	2
GAAGA	3994200	2.246877	5.721752	2
GAAAA	3347780	2.1090837	6.676126	1
AGAAA	3211090	2.0229697	5.590725	2
TTTAA	2696390	1.9578992	5.1862574	7
CTGGA	3862295	1.956061	5.2906785	1
CTTTT	2964360	1.9378763	5.003681	1
AAAAT	2704755	1.9266968	5.79639	3
GGAGA	3793310	1.9053746	5.003762	2
AAAAG	2974970	1.8742152	5.3795786	3
AAAAC	2935820	1.8470559	5.0625544	3
GTTTT	2770825	1.8138045	7.0133805	1
GGAAA	2743310	1.5432076	7.0640116	1
GATCT	2426500	1.389523	5.0962276	5
AAGAT	2121455	1.3493724	5.0312934	3
GGGAA	2631035	1.3215654	5.0838585	1
GAGCA	2509200	1.2586677	5.0484133	9
>>END_MODULE
