##FastQC	0.10.1
>>Basic Statistics	pass
#Measure	Value	
Filename	F_catanatus_NA_FW_2_R1.fastq.gz	
File type	Conventional base calls	
Encoding	Sanger / Illumina 1.9	
Total Sequences	36860538	
Filtered Sequences	0	
Sequence length	100	
%GC	50	
>>END_MODULE
>>Per base sequence quality	pass
#Base	Mean	Median	Lower Quartile	Upper Quartile	10th Percentile	90th Percentile
1	30.068731606684633	31.0	30.0	34.0	25.0	34.0
2	30.32577077415419	31.0	30.0	34.0	26.0	34.0
3	28.919389022482527	31.0	30.0	34.0	16.0	34.0
4	32.61809833052355	37.0	33.0	37.0	19.0	37.0
5	33.32305903945298	37.0	33.0	37.0	28.0	37.0
6	30.69069623997349	37.0	32.0	37.0	10.0	37.0
7	31.523783347926177	36.0	32.0	37.0	17.0	37.0
8	32.67741393248248	37.0	32.0	37.0	25.0	37.0
9	34.38779697138441	38.0	35.0	39.0	27.0	39.0
10-14	34.0215357627173	38.8	34.2	39.4	21.2	39.4
15-19	35.194779728933966	39.4	34.4	41.0	25.0	41.0
20-24	35.162706393487795	40.0	34.8	41.0	24.8	41.0
25-29	34.799953429871266	39.0	34.0	41.0	22.8	41.0
30-34	34.37942250327437	39.0	33.6	41.0	19.4	41.0
35-39	34.066737745390476	39.0	33.0	41.0	17.2	41.0
40-44	33.797274852580834	38.6	33.0	41.0	14.8	41.0
45-49	33.3578779235398	38.0	32.8	40.0	10.2	41.0
50-54	32.671826944034294	37.2	32.0	40.0	5.0	41.0
55-59	31.978708151248362	35.8	31.2	39.8	2.0	41.0
60-64	31.16041059954144	35.0	30.6	38.8	2.0	40.6
65-69	30.437133500330354	35.0	30.0	37.2	2.0	39.8
70-74	29.662567312500972	34.8	29.6	35.8	2.0	38.8
75-79	28.658858457247693	33.8	28.4	35.0	2.0	36.8
80-84	28.57582323405046	34.0	29.0	35.0	2.0	36.0
85-89	28.11896720009893	34.0	28.8	35.0	2.0	35.2
90-94	27.709483545790896	34.0	27.8	35.0	2.0	35.0
95-99	27.159485360739986	34.0	27.0	35.0	2.0	35.0
100	26.101864546849534	33.0	24.0	35.0	2.0	35.0
>>END_MODULE
>>Per sequence quality scores	pass
#Quality	Count
2	1389137.0
3	408924.0
4	205595.0
5	146669.0
6	142119.0
7	147970.0
8	153476.0
9	163798.0
10	175672.0
11	182967.0
12	185413.0
13	189567.0
14	191371.0
15	192419.0
16	190423.0
17	185414.0
18	180852.0
19	175177.0
20	172060.0
21	176454.0
22	194444.0
23	226766.0
24	273572.0
25	341434.0
26	442751.0
27	589968.0
28	737517.0
29	772139.0
30	927372.0
31	1078538.0
32	1255307.0
33	1645907.0
34	2287224.0
35	3316372.0
36	5217904.0
37	6997195.0
38	4816780.0
39	782978.0
40	893.0
>>END_MODULE
>>Per base sequence content	fail
#Base	G	A	T	C
1	41.70012794726753	13.415868565689095	7.391953379302589	37.49205010774078
2	25.949376120659085	19.1481566590855	29.334963695325605	25.56750352492981
3	26.36724334632473	22.49080433605231	20.322575988947737	30.819376328675226
4	30.490765710696305	26.412253116234176	18.647347572122655	24.449633600946864
5	30.034677012979046	27.342770058916383	21.658183620670453	20.964369307434122
6	24.409033079410648	32.92980214368651	22.58326255228004	20.077902224622804
7	22.930951381586485	20.99509907269713	34.036509584090794	22.03743996162559
8	22.697885397079922	22.142498458027408	29.43314406311786	25.72647208177481
9	21.989428059908096	20.628548037511976	32.36341293731834	25.018610965261594
10-14	25.16963702217172	25.844280525018963	24.99409668373706	23.99198576907226
15-19	25.171940814284778	24.717501722559902	25.41731303535529	24.69324442780004
20-24	25.043213961766753	25.22286358999134	25.299960714481546	24.433961733760363
25-29	24.991324513249257	25.084727869406763	25.221684619195933	24.702262998148043
30-34	24.86706734296057	25.30938589836344	25.158471984819702	24.66507477385629
35-39	24.89356766728794	25.22617116655618	25.086210749933336	24.794050416222536
40-44	24.986375651054413	25.288272759929924	24.973602442309154	24.75174914670651
45-49	24.95867087583727	25.107886783160914	24.974068678890475	24.959373662111332
50-54	24.87060176401455	25.378555788332406	24.976946256983172	24.773896190669877
55-59	25.0248570077369	25.07330973093475	24.900955728554298	25.00087753277405
60-64	24.934849839193795	25.183342545056853	24.923914495389393	24.957893120359955
65-69	24.879840952420682	25.19028854102048	24.99334614092234	24.936524365636494
70-74	25.03038912683784	25.213150644668918	24.810771339564322	24.94568888892892
75-79	24.92070492048929	25.049062056797926	24.935597334814553	25.094635687898233
80-84	24.92000069149172	25.231708598010417	24.829374798267438	25.018915912230426
85-89	25.02307758830442	25.152110561200562	24.77881484176153	25.045997008733483
90-94	24.919572444002448	25.190503481403297	24.71670151366505	25.173222560929204
95-99	24.84909705926146	25.305714986020895	24.790944041312272	25.054243913405372
100	25.27287354918361	24.991380912649152	24.235636324168855	25.500109213998385
>>END_MODULE
>>Per base GC content	fail
#Base	%GC
1	79.19217805500831
2	51.5168796455889
3	57.18661967499995
4	54.940399311643176
5	50.999046320413164
6	44.48693530403345
7	44.968391343212076
8	48.42435747885473
9	47.00803902516969
10-14	49.16162279124398
15-19	49.86518524208481
20-24	49.477175695527116
25-29	49.693587511397304
30-34	49.53214211681686
35-39	49.68761808351048
40-44	49.73812479776092
45-49	49.91804453794861
50-54	49.644497954684425
55-59	50.02573454051096
60-64	49.89274295955376
65-69	49.81636531805718
70-74	49.97607801576676
75-79	50.01534060838752
80-84	49.93891660372214
85-89	50.0690745970379
90-94	50.092795004931645
95-99	49.90334097266683
100	50.77298276318199
>>END_MODULE
>>Per sequence GC content	warn
#GC Content	Count
0	3122.0
1	2978.0
2	2700.5
3	2483.5
4	2142.0
5	1744.0
6	1661.5
7	1794.5
8	1966.0
9	2134.0
10	2361.5
11	2640.0
12	3018.5
13	3507.5
14	4075.0
15	4867.0
16	5948.0
17	7771.0
18	10260.5
19	13432.0
20	18518.5
21	25653.5
22	35946.0
23	48798.0
24	64192.0
25	85360.0
26	111567.0
27	141623.5
28	178032.0
29	218913.5
30	264129.0
31	316724.5
32	371161.0
33	419255.0
34	464071.0
35	505941.0
36	545900.5
37	590310.5
38	635376.5
39	683728.0
40	733096.5
41	779956.0
42	827707.0
43	880154.5
44	938041.5
45	996305.5
46	1062529.0
47	1128686.0
48	1190842.0
49	1253231.0
50	1315229.5
51	1383545.0
52	1449503.0
53	1496602.0
54	1514338.0
55	1513401.0
56	1482760.5
57	1429532.5
58	1359174.0
59	1251332.0
60	1125595.5
61	989478.0
62	864810.5
63	752580.5
64	637168.0
65	535556.5
66	449706.5
67	373997.5
68	306995.0
69	240598.0
70	180914.5
71	136717.5
72	103967.5
73	81937.5
74	66502.5
75	54271.0
76	41455.5
77	29793.5
78	21056.0
79	15301.5
80	12581.5
81	11391.5
82	10086.5
83	8348.0
84	6039.0
85	3739.0
86	2541.0
87	1850.0
88	1239.0
89	946.5
90	813.0
91	663.0
92	545.0
93	421.5
94	281.5
95	182.0
96	104.5
97	60.0
98	44.5
99	27.5
100	13.0
>>END_MODULE
>>Per base N content	pass
#Base	N-Count
1	0.029793379575740322
2	0.004470905986233842
3	3.393385088410809
4	0.007894621614041553
5	0.01747397175808991
6	2.358261835462087
7	0.029790666647350618
8	0.03156220888582798
9	0.030639813233328282
10-14	0.9762955711606813
15-19	0.02202518042465902
20-24	0.01694278037938567
25-29	0.015044273092270112
30-34	0.03753607719995839
35-39	0.038694497622362434
40-44	0.027047353459680918
45-49	0.01961067415782157
50-54	0.015694833320121372
55-59	0.004112256853114841
60-64	0.005620645037790821
65-69	0.001967415668214067
70-74	0.0030856847504504683
75-79	0.004081329469472204
80-84	0.0029690288296931534
85-89	0.002623944338522677
90-94	0.010051399683857029
95-99	0.02199750855508403
100	0.017058893714465045
>>END_MODULE
>>Sequence Length Distribution	pass
#Length	Count
100	3.6860538E7
>>END_MODULE
>>Sequence Duplication Levels	fail
#Total Duplicate Percentage	58.34541783957462
#Duplication Level	Relative count
1	100.0
2	39.91717578529415
3	19.20998441357498
4	10.209677235855604
5	6.579291670933024
6	4.634970476808082
7	3.452905104838618
8	2.782802598495967
9	2.2560496945288233
10++	38.49619440936551
>>END_MODULE
>>Overrepresented sequences	pass
>>END_MODULE
>>Kmer Content	warn
#Sequence	Count	Obs/Exp Overall	Obs/Exp Max	Max Obs/Exp Position
TTTTT	16766465	4.986284	6.3623905	10-14
AAAAA	15938340	4.6438847	6.6912346	2
CTGGA	7771995	2.2431993	5.1432333	1
GAAAA	6742285	1.9488037	5.0674324	1
GTTTT	6157405	1.8091576	5.7225175	1
GGGGG	5913640	1.6554127	5.0334396	1
GGAAA	5527265	1.5848709	5.2853136	1
>>END_MODULE
