##FastQC	0.10.1
>>Basic Statistics	pass
#Measure	Value	
Filename	F_notatus_NA_FW_2_R2.fastq.gz	
File type	Conventional base calls	
Encoding	Sanger / Illumina 1.9	
Total Sequences	12113660	
Filtered Sequences	0	
Sequence length	100	
%GC	49	
>>END_MODULE
>>Per base sequence quality	pass
#Base	Mean	Median	Lower Quartile	Upper Quartile	10th Percentile	90th Percentile
1	29.7124532965264	31.0	30.0	34.0	25.0	34.0
2	29.739487240024896	31.0	30.0	34.0	25.0	34.0
3	29.775626936863013	31.0	30.0	34.0	25.0	34.0
4	33.09158099203709	37.0	35.0	37.0	26.0	37.0
5	33.03118314365766	37.0	35.0	37.0	26.0	37.0
6	32.919084488090306	37.0	35.0	37.0	25.0	37.0
7	32.96402639664643	37.0	35.0	37.0	26.0	37.0
8	32.91442330393952	37.0	35.0	37.0	26.0	37.0
9	34.31034559332192	39.0	35.0	39.0	25.0	39.0
10-14	34.38354431278408	39.2	35.2	39.4	25.0	39.4
15-19	35.0929355785122	40.0	35.4	41.0	23.6	41.0
20-24	34.80662912777806	39.0	34.8	41.0	20.0	41.0
25-29	34.58432069250746	39.0	34.0	41.0	18.8	41.0
30-34	34.276175590201476	39.0	34.0	41.0	16.6	41.0
35-39	33.87656488625238	38.8	33.2	40.8	14.2	41.0
40-44	33.43281695210201	38.0	33.0	40.0	8.8	41.0
45-49	32.979080492600914	38.0	32.2	40.0	6.0	41.0
50-54	32.2627119136578	37.0	31.4	39.6	2.0	40.6
55-59	32.24353470379721	36.6	31.8	40.0	2.0	41.0
60-64	31.471415872659463	35.4	31.0	39.2	2.0	41.0
65-69	30.71307779812212	35.0	30.4	38.0	2.0	40.2
70-74	29.96354632703906	35.0	30.0	36.6	2.0	39.2
75-79	29.23368319731609	34.6	29.2	35.4	2.0	37.8
80-84	28.571989869288057	34.0	29.0	35.0	2.0	36.4
85-89	28.039945565584638	34.0	28.8	35.0	2.0	35.6
90-94	27.54605057431032	34.0	27.2	35.0	2.0	35.0
95-99	26.947698862276145	34.0	26.4	35.0	2.0	35.0
100	25.74432467148657	33.0	23.0	35.0	2.0	35.0
>>END_MODULE
>>Per sequence quality scores	pass
#Quality	Count
2	603447.0
3	87968.0
4	59603.0
5	47070.0
6	44314.0
7	44957.0
8	47782.0
9	52110.0
10	56208.0
11	57570.0
12	55671.0
13	54094.0
14	55087.0
15	54951.0
16	55743.0
17	54802.0
18	54211.0
19	54880.0
20	57137.0
21	60425.0
22	67305.0
23	79285.0
24	95026.0
25	115000.0
26	136742.0
27	162192.0
28	192616.0
29	228440.0
30	272066.0
31	330276.0
32	412783.0
33	528798.0
34	712263.0
35	1021732.0
36	1627947.0
37	2323453.0
38	1804237.0
39	345097.0
40	372.0
>>END_MODULE
>>Per base sequence content	fail
#Base	G	A	T	C
1	36.584584454620305	14.212108470458439	7.7521988209359325	41.451108253985325
2	25.47519707503934	17.581176678156858	37.76680998295469	19.17681626384911
3	25.857251800518483	22.59028031816091	23.32963333327001	28.222834548050596
4	27.476942101606394	29.202348854596398	19.483432705494216	23.83727633830299
5	29.318889138780506	30.417169696297435	21.620121989142078	18.64381917577998
6	22.52249677673534	33.6967727707852	23.093904581454645	20.686825871024812
7	20.836003184163626	18.958881241235744	37.59262296882787	22.612492605772758
8	20.935213760596852	21.370195944736146	30.20674558105209	27.487844713614912
9	22.256028057145123	20.353638309963394	31.598062893996058	25.79227073889542
10-14	24.43764097326541	26.487674840957126	25.33317214748914	23.741512038288324
15-19	24.634159302066074	25.20598673176815	25.86533158777503	24.29452237839074
20-24	24.488471746096476	25.689720949990154	25.736433452911438	24.085373851001933
25-29	24.553184129859467	25.755685155212348	25.526548472774994	24.16458224215319
30-34	24.414144905068206	25.665773951611232	25.671558482207224	24.24852266111334
35-39	24.466009064619417	25.722347854064058	25.589190269318472	24.22245281199805
40-44	24.64238716078235	25.63686838119004	25.47425932833977	24.246485129687834
45-49	24.595028669796104	25.63426014323969	25.421409465296108	24.3493017216681
50-54	24.47472492136451	25.73039157272753	25.54187587271466	24.253007633193306
55-59	24.710355800986513	25.544833020201267	25.382656823379325	24.3621543554329
60-64	24.595042956651476	25.51247136000166	25.405698954427525	24.48678672891934
65-69	24.519480575270457	25.579868640278846	25.514791847449303	24.385858937001395
70-74	24.643974338485904	25.601067840317803	25.403112016423563	24.351845804772726
75-79	24.610348958002128	25.516500147941194	25.401719124786187	24.47143176927048
80-84	24.616241628220465	25.60341239875846	25.38185810749739	24.398487865523684
85-89	24.801588612946755	25.485434663383543	25.263269625875377	24.44970709779432
90-94	24.675468972613253	25.44562916933054	25.29329300285761	24.58560885519859
95-99	24.719557739879246	25.529453310411547	25.37641285964729	24.374576090061915
100	25.23471564313838	25.150724585001395	24.790109096676872	24.824450675183357
>>END_MODULE
>>Per base GC content	fail
#Base	%GC
1	78.03569270860564
2	44.65201333888845
3	54.080086348569075
4	51.31421843990939
5	47.96270831456049
6	43.20932264776015
7	43.44849578993639
8	48.423058474211764
9	48.04829879604055
10-14	48.17915301155373
15-19	48.92868168045682
20-24	48.57384559709841
25-29	48.717766372012655
30-34	48.66266756618155
35-39	48.68846187661747
40-44	48.88887229047018
45-49	48.944330391464206
50-54	48.72773255455782
55-59	49.072510156419405
60-64	49.08182968557082
65-69	48.90533951227185
70-74	48.995820143258626
75-79	49.08178072727261
80-84	49.01472949374415
85-89	49.251295710741076
90-94	49.261077827811846
95-99	49.094133829941164
100	50.059166318321736
>>END_MODULE
>>Per sequence GC content	warn
#GC Content	Count
0	3264.0
1	2278.5
2	1209.5
3	1056.0
4	917.0
5	810.0
6	762.0
7	784.5
8	792.0
9	771.0
10	817.0
11	900.5
12	987.0
13	1095.5
14	1240.5
15	1424.0
16	1726.5
17	2155.0
18	2793.5
19	3799.0
20	5417.0
21	7802.5
22	11101.5
23	15731.5
24	22297.0
25	30001.5
26	40015.0
27	52001.0
28	64402.0
29	79475.5
30	97019.0
31	115448.5
32	136535.5
33	154807.0
34	172000.0
35	190305.0
36	204397.0
37	219871.5
38	236178.5
39	252401.5
40	266466.0
41	277232.0
42	293483.5
43	314094.5
44	332344.0
45	348634.0
46	366837.5
47	386945.0
48	412522.5
49	439356.5
50	458157.5
51	472871.0
52	492368.5
53	501748.5
54	495044.0
55	487176.5
56	474301.0
57	446928.0
58	412344.5
59	375323.5
60	331321.0
61	285841.5
62	244040.5
63	207741.5
64	174547.5
65	144000.0
66	117786.5
67	96660.0
68	78835.5
69	61396.0
70	45865.5
71	33823.0
72	24932.0
73	19012.0
74	14668.0
75	11377.0
76	8717.5
77	6211.5
78	4276.5
79	3116.5
80	2429.5
81	2090.5
82	1732.5
83	1364.0
84	918.5
85	530.5
86	367.0
87	243.0
88	155.0
89	104.0
90	65.5
91	45.5
92	33.5
93	23.0
94	17.5
95	12.5
96	7.5
97	7.0
98	3.5
99	1.0
100	1.0
>>END_MODULE
>>Per base N content	pass
#Base	N-Count
1	0.04887870387645022
2	0.058644538479699776
3	0.05327044014773405
4	0.052106464932976486
5	0.051091082298826286
6	0.05258526324826683
7	0.05152860489728125
8	0.04414850672711633
9	0.0572906949674995
10-14	0.04185192584239611
15-19	0.04681822009202834
20-24	0.0493723614498013
25-29	0.03040204199226328
30-34	0.04543465806370659
35-39	0.04127076374935403
40-44	0.08888147760462156
45-49	0.06828819696111661
50-54	0.06284310439619405
55-59	0.08283375957390253
60-64	0.08076502064611357
65-69	0.07333869367309302
70-74	0.06628715020893768
75-79	0.06748249496849013
80-84	0.08321514719746137
85-89	0.07772382582968318
90-94	0.05465235114738237
95-99	0.07012248981728066
100	0.07264526163025874
>>END_MODULE
>>Sequence Length Distribution	pass
#Length	Count
100	1.211366E7
>>END_MODULE
>>Sequence Duplication Levels	warn
#Total Duplicate Percentage	44.34460320498159
#Duplication Level	Relative count
1	100.0
2	21.67072045626101
3	8.821605300679359
4	4.948419022058207
5	3.3632475048226116
6	2.51698398054181
7	2.0204646481590203
8	1.6715591713494926
9	1.4149123542732533
10++	21.315105258743603
>>END_MODULE
>>Overrepresented sequences	pass
>>END_MODULE
>>Kmer Content	warn
#Sequence	Count	Obs/Exp Overall	Obs/Exp Max	Max Obs/Exp Position
TTTTT	5560345	4.4367633	7.4822106	2
AAAAA	4933790	4.012791	6.383023	2
CTCCT	2795840	2.5457473	7.1973996	1
CTCCA	2638090	2.411309	6.8113227	1
TCCAG	2552560	2.3063166	5.0122333	7
CTGGA	2550515	2.2779837	7.376171	1
CTCTG	2509625	2.2588716	5.327695	1
GAAGA	2555765	2.2011592	5.761362	2
CTTCA	2431855	2.127101	5.198752	1
GGAGA	2276475	2.017556	5.2441907	1
GAAAA	2345420	1.9629931	5.415615	2
CTTTT	2245290	1.8721893	5.3584967	1
CTGAA	2156895	1.8720586	5.2265806	1
GTTTT	2191105	1.8060105	7.81345	1
CTTTG	2015505	1.7360162	5.2582808	1
CTCAG	1920510	1.7352401	5.7561245	1
GGAAG	1932115	1.7123625	5.561479	1
GGAAA	1917020	1.6510382	6.43865	1
CTGGG	1701050	1.5634072	6.0783877	1
GGGAG	1570695	1.4324744	5.1185613	1
GTTTG	1624425	1.3830864	5.251784	1
>>END_MODULE
