##FastQC	0.10.1
>>Basic Statistics	pass
#Measure	Value	
Filename	F_sciadicus_NA_BW_1_R2.fastq.gz	
File type	Conventional base calls	
Encoding	Sanger / Illumina 1.9	
Total Sequences	26751294	
Filtered Sequences	0	
Sequence length	100	
%GC	49	
>>END_MODULE
>>Per base sequence quality	fail
#Base	Mean	Median	Lower Quartile	Upper Quartile	10th Percentile	90th Percentile
1	28.440558127767577	31.0	30.0	34.0	16.0	34.0
2	28.340401028825	31.0	28.0	34.0	16.0	34.0
3	28.414662632768344	31.0	28.0	34.0	16.0	34.0
4	31.65577709997879	35.0	32.0	37.0	16.0	37.0
5	31.586936803879468	35.0	32.0	37.0	16.0	37.0
6	31.474960687882987	35.0	32.0	37.0	15.0	37.0
7	31.459495193017577	35.0	32.0	37.0	13.0	37.0
8	31.37724548950791	35.0	32.0	37.0	11.0	37.0
9	32.64525618835485	37.0	32.0	39.0	11.0	39.0
10-14	32.70184108477145	37.2	32.0	39.4	10.0	39.4
15-19	33.253298939483074	38.2	32.0	41.0	8.8	41.0
20-24	32.98607206066369	38.0	32.0	40.6	4.0	41.0
25-29	32.709807181663805	38.0	31.8	40.0	2.0	41.0
30-34	32.33202032021329	38.0	31.0	40.0	2.0	41.0
35-39	31.894660004110456	38.0	30.0	40.0	2.0	41.0
40-44	31.42145077542791	37.6	30.0	40.0	2.0	41.0
45-49	30.989764390462756	37.0	29.4	40.0	2.0	41.0
50-54	30.16013013800379	35.8	28.2	39.2	2.0	40.4
55-59	30.136828558648414	35.4	28.4	39.4	2.0	41.0
60-64	29.363667783696748	35.0	27.6	38.6	2.0	40.6
65-69	28.5115007146944	34.4	26.2	37.2	2.0	39.8
70-74	27.79789823251167	34.0	26.0	35.8	2.0	38.8
75-79	27.04193323881828	34.0	24.8	35.0	2.0	37.2
80-84	26.38618148340787	33.2	23.6	35.0	2.0	36.0
85-89	25.816225039431735	33.0	21.2	35.0	2.0	35.0
90-94	25.271361998413987	33.0	18.0	35.0	2.0	35.0
95-99	24.56275706139673	33.0	3.6	35.0	2.0	35.0
100	23.19049717744495	31.0	2.0	34.0	2.0	35.0
>>END_MODULE
>>Per sequence quality scores	pass
#Quality	Count
2	1995720.0
3	270158.0
4	171724.0
5	137215.0
6	132224.0
7	135449.0
8	145006.0
9	158337.0
10	169288.0
11	173075.0
12	164733.0
13	160811.0
14	162046.0
15	163753.0
16	164078.0
17	163695.0
18	162672.0
19	163078.0
20	165573.0
21	174407.0
22	193401.0
23	224307.0
24	268836.0
25	321890.0
26	381775.0
27	443976.0
28	516034.0
29	599884.0
30	700189.0
31	831616.0
32	1009481.0
33	1259494.0
34	1637471.0
35	2248779.0
36	3285306.0
37	4252287.0
38	2949067.0
39	493832.0
40	627.0
>>END_MODULE
>>Per base sequence content	fail
#Base	G	A	T	C
1	37.42022780666422	13.974939561817756	7.7163588206989875	40.88847381081903
2	26.811945544843212	17.491633362307986	36.03153494044951	19.664886152399287
3	27.476359740194013	22.292206063533673	21.27834163220705	28.953092564065265
4	29.349363142811562	28.209014030446156	18.3578634722327	24.083759354509578
5	30.586070626651786	29.12021152406427	21.312553672570782	18.981164176713158
6	23.64998703097219	32.80973688280815	22.812145950776333	20.72813013544332
7	21.457000615309912	19.282330911972462	36.59873674664972	22.661931726067902
8	21.687082829066856	21.38390030255802	29.998522492830947	26.93049437554418
9	22.436086234109997	20.23261059728337	31.731699797885998	25.599603370720637
10-14	24.643035496720927	26.400209905112153	25.39038039422344	23.56637420394348
15-19	24.857083098992703	25.112415251702764	25.809263069546656	24.22123857975788
20-24	24.705380793486114	25.58467627785408	25.658106657748387	24.05183627091142
25-29	24.674653371488724	25.576567529338735	25.594404208436135	24.15437489073641
30-34	24.590326299549396	25.60810849325629	25.568158517911492	24.23340668928282
35-39	24.59631765002798	25.647675041945178	25.52478883132715	24.231218476699695
40-44	24.738201725635953	25.573473385024837	25.399609515183414	24.2887153741558
45-49	24.70677726823913	25.52415234933005	25.405180107704776	24.363890274726042
50-54	24.601426255857174	25.61958465125183	25.46718946235133	24.311799630539667
55-59	24.73223710181573	25.485032684561702	25.375147197247284	24.40758301637529
60-64	24.678630811003877	25.435107052205275	25.366180838998908	24.520081297791936
65-69	24.6406623934288	25.51497583234531	25.430505176020073	24.413856598205815
70-74	24.793178055307976	25.45886696073894	25.289013585360724	24.45894139859236
75-79	24.728047447798023	25.37291727284703	25.31889440659748	24.580140872757468
80-84	24.74239232501094	25.46956262787819	25.302382992356748	24.485662054754123
85-89	24.858509298603686	25.4246217106678	25.215681302294477	24.501187688434033
90-94	24.773896264828785	25.36276688452947	25.204370208144717	24.65896664249703
95-99	24.812892211812375	25.44848042318347	25.25108754897827	24.487539816025887
100	25.363561676139994	25.06956953814383	24.708125435598443	24.858743350117727
>>END_MODULE
>>Per base GC content	fail
#Base	%GC
1	78.30870161748325
2	46.476831697242496
3	56.42945230425928
4	53.433122497321136
5	49.56723480336495
6	44.378117166415514
7	44.118932341377814
8	48.61757720461103
9	48.03568960483064
10-14	48.20940970066441
15-19	49.078321678750584
20-24	48.75721706439754
25-29	48.82902826222513
30-34	48.82373298883221
35-39	48.82753612672767
40-44	49.02691709979175
45-49	49.070667542965175
50-54	48.91322588639684
55-59	49.13982011819102
60-64	49.19871210879581
65-69	49.054518991634616
70-74	49.252119453900335
75-79	49.30818832055549
80-84	49.22805437976506
85-89	49.35969698703772
90-94	49.43286290732581
95-99	49.30043202783826
100	50.22230502625773
>>END_MODULE
>>Per sequence GC content	warn
#GC Content	Count
0	20176.0
1	15910.0
2	10891.5
3	10004.0
4	8413.0
5	5987.0
6	4770.5
7	4378.5
8	4203.5
9	4191.5
10	4241.5
11	4270.5
12	4311.0
13	4511.5
14	4816.5
15	5154.0
16	5804.5
17	6815.5
18	8209.0
19	10588.0
20	14054.5
21	19109.5
22	26721.0
23	37392.5
24	50957.5
25	65732.5
26	83326.0
27	106587.0
28	135422.5
29	167278.0
30	200818.5
31	239295.5
32	279779.0
33	317907.0
34	354464.0
35	387179.5
36	420927.0
37	456062.0
38	485268.5
39	513093.5
40	541381.5
41	576907.0
42	620241.0
43	667168.0
44	721580.5
45	774285.5
46	817766.0
47	863878.0
48	921722.0
49	971564.5
50	1012695.0
51	1056851.5
52	1089559.5
53	1102189.5
54	1095203.5
55	1078419.0
56	1051428.5
57	998373.0
58	929300.5
59	844948.5
60	753314.0
61	666345.0
62	577088.0
63	489811.5
64	410347.0
65	341346.5
66	281294.5
67	227614.5
68	183338.5
69	145961.5
70	110294.0
71	82369.0
72	61507.0
73	46132.5
74	35443.5
75	26658.5
76	19892.5
77	15243.5
78	11108.0
79	7723.5
80	5748.0
81	4569.0
82	3686.0
83	2731.5
84	1909.0
85	1388.5
86	1063.0
87	817.5
88	605.5
89	464.5
90	343.0
91	235.5
92	161.0
93	109.0
94	74.0
95	52.5
96	38.0
97	26.5
98	19.0
99	11.0
100	8.0
>>END_MODULE
>>Per base N content	pass
#Base	N-Count
1	0.03089943985513374
2	0.28075651218965336
3	0.06483798503354642
4	0.03905605463421694
5	0.04775843740493451
6	0.03985601593702346
7	0.04456980660449547
8	0.03852897732722761
9	0.03719446244357376
10-14	0.04903388972511012
15-19	0.04517239427745065
20-24	0.08031536717438789
25-29	0.03651785965942433
30-34	0.057408811700847065
35-39	0.042135531836329114
40-44	0.04608599494289884
45-49	0.04089073223897132
50-54	0.04190825311104577
55-59	0.04486960518620146
60-64	0.04584899706160008
65-69	0.040685134707876186
70-74	0.03559977322966133
75-79	0.040242539295482306
80-84	0.04989814698309548
85-89	0.05414317527967058
90-94	0.039554722100545864
95-99	0.04156434451357755
100	0.04030833050543275
>>END_MODULE
>>Sequence Length Distribution	pass
#Length	Count
100	2.6751294E7
>>END_MODULE
>>Sequence Duplication Levels	warn
#Total Duplicate Percentage	48.33706711695938
#Duplication Level	Relative count
1	100.0
2	25.627002182088304
3	11.753563303774548
4	6.957611773991364
5	4.775523469056131
6	3.390129532475974
7	2.7327173963508056
8	2.24430103533126
9	1.8738102975997029
10++	26.354983982543292
>>END_MODULE
>>Overrepresented sequences	pass
>>END_MODULE
>>Kmer Content	warn
#Sequence	Count	Obs/Exp Overall	Obs/Exp Max	Max Obs/Exp Position
TTTTT	18074020	6.688184	8.99407	10-14
AAAAA	12461465	4.702314	6.717705	2
CTCCT	6021675	2.4979217	6.350381	1
GGAGG	6067515	2.430835	5.113167	1
CTCCA	5703195	2.375076	6.3077383	1
CTGGA	5708855	2.2878788	7.557784	1
GAAGA	5746980	2.2345152	5.476421	2
GGAGA	5145145	2.030681	5.140495	1
GAAAA	5240970	2.007496	5.4110923	2
CTTTT	4975930	1.9127744	5.6815057	1
GGGGG	4579180	1.8622282	5.667455	1
GTTTT	4894875	1.8458371	6.951327	1
GGAAG	4260985	1.6817216	5.274167	1
CTCAG	4097205	1.6738223	5.03805	1
GGAAA	4234425	1.6464101	6.215445	1
CTGGG	3960705	1.611228	6.7075057	1
GTGGA	3908430	1.536557	5.1662087	1
GGGAG	3716710	1.4890295	5.506547	1
GGGGA	3339005	1.3377092	5.0757756	1
>>END_MODULE
