##FastQC	0.10.1
>>Basic Statistics	pass
#Measure	Value	
Filename	F_chrysotus_NA_transfer_2_R1.fastq.gz	
File type	Conventional base calls	
Encoding	Sanger / Illumina 1.9	
Total Sequences	19880476	
Filtered Sequences	0	
Sequence length	100	
%GC	49	
>>END_MODULE
>>Per base sequence quality	pass
#Base	Mean	Median	Lower Quartile	Upper Quartile	10th Percentile	90th Percentile
1	30.121934756491747	31.0	30.0	34.0	25.0	34.0
2	30.389612049530403	31.0	30.0	34.0	26.0	34.0
3	28.95054308558809	31.0	30.0	34.0	16.0	34.0
4	32.655584906518335	37.0	33.0	37.0	19.0	37.0
5	33.38491533100113	37.0	33.0	37.0	28.0	37.0
6	30.735917741607395	37.0	32.0	37.0	10.0	37.0
7	31.583729182339496	37.0	32.0	37.0	17.0	37.0
8	32.749305499526265	37.0	32.0	37.0	26.0	37.0
9	34.4635843226289	38.0	35.0	39.0	27.0	39.0
10-14	34.08737723382479	38.8	34.2	39.4	21.2	39.4
15-19	35.27746767230322	39.4	34.4	41.0	25.6	41.0
20-24	35.26602761422815	40.0	35.0	41.0	25.0	41.0
25-29	34.924383249173715	39.2	34.2	41.0	23.6	41.0
30-34	34.52456457279997	39.0	33.6	41.0	20.8	41.0
35-39	34.23316306913376	39.0	33.0	41.0	18.8	41.0
40-44	33.98798786306726	38.8	33.0	41.0	16.6	41.0
45-49	33.57719936886823	38.0	33.0	40.2	13.8	41.0
50-54	32.91774653685354	37.4	32.2	40.0	8.0	41.0
55-59	32.24184223758023	36.2	31.4	39.8	3.6	41.0
60-64	31.430460568449167	35.0	31.0	39.0	2.0	40.8
65-69	30.700822092992144	35.0	30.2	37.4	2.0	40.0
70-74	29.9087757355508	35.0	30.0	36.2	2.0	39.0
75-79	28.883796373889634	33.8	28.6	35.0	2.0	37.2
80-84	28.790290051405208	34.0	29.0	35.0	2.0	36.2
85-89	28.324978868715213	34.0	29.0	35.0	2.0	35.4
90-94	27.914215695841488	34.0	28.6	35.0	2.0	35.0
95-99	27.367646418526398	34.0	27.4	35.0	2.0	35.0
100	26.33006372684437	33.0	25.0	35.0	2.0	35.0
>>END_MODULE
>>Per sequence quality scores	pass
#Quality	Count
2	705644.0
3	218748.0
4	108806.0
5	76407.0
6	73760.0
7	76526.0
8	79934.0
9	84237.0
10	90957.0
11	94466.0
12	97078.0
13	99233.0
14	100890.0
15	101804.0
16	100634.0
17	98693.0
18	95424.0
19	92311.0
20	90999.0
21	92989.0
22	101951.0
23	118822.0
24	144704.0
25	182930.0
26	235498.0
27	316977.0
28	400319.0
29	412128.0
30	495576.0
31	577820.0
32	668632.0
33	873308.0
34	1209286.0
35	1753542.0
36	2779993.0
37	3830063.0
38	2740768.0
39	458031.0
40	588.0
>>END_MODULE
>>Per base sequence content	fail
#Base	G	A	T	C
1	39.11481241590793	15.167775583876523	7.126353466926674	38.59105853328887
2	24.109944771974824	19.171395010790217	35.79715286755793	20.921507349677036
3	24.68168647051424	23.02835501871231	22.42718384878991	29.862774661983543
4	27.520993798168377	28.16399001839432	19.82829992264185	24.486716260795454
5	28.654824657674975	28.97684364144066	22.2670784439311	20.10125325695327
6	23.116113718423275	34.161055426859576	22.69840880356796	20.024422051149184
7	21.657668407852345	20.43815750128643	35.72289210275681	22.181281988104416
8	21.58772430691004	21.95128369597529	30.081906652258805	26.379085344855866
9	22.290399784166443	20.83241130099191	31.808394987485016	25.06879392735663
10-14	24.667331914614106	26.48427669729032	25.17342361712849	23.674967770967083
15-19	24.78637591471603	25.18634827968726	25.66966343988329	24.357612365713422
20-24	24.590885115995267	25.642884540341214	25.581719033674343	24.184511309989173
25-29	24.654193681602273	25.50677985247667	25.47716865474719	24.36185781117387
30-34	24.48761531499699	25.694297247133246	25.40916513889528	24.408922298974485
35-39	24.511081004532663	25.606035450813135	25.44308333497627	24.43980020967793
40-44	24.56529882984723	25.68988731735495	25.343144936159888	24.40166891663793
45-49	24.580346706788013	25.544902365814025	25.331729453470547	24.54302147392741
50-54	24.50610702875785	25.737657958093564	25.31695455105249	24.439280462096093
55-59	24.6179836538249	25.5446886470361	25.265429340999084	24.57189835813991
60-64	24.5571975956011	25.557619963246708	25.275172289720583	24.61001015143161
65-69	24.526347753778577	25.626053114982934	25.285313878968964	24.56228525226953
70-74	24.658911532819843	25.616430786037565	25.18529822712438	24.539359454018207
75-79	24.545669008621708	25.497409698977425	25.265838317766686	24.69108297463418
80-84	24.5595983007446	25.60653376081621	25.209878995714035	24.623988942725155
85-89	24.617780196609694	25.56670480931241	25.1598322598171	24.655682734260797
90-94	24.536050029635096	25.549406297007543	25.15688892971477	24.75765474364259
95-99	24.484296742104384	25.63209652670451	25.22287742514151	24.660729306049593
100	24.836817637676116	25.411577554856756	24.727017338385405	25.024587469081723
>>END_MODULE
>>Per base GC content	fail
#Base	%GC
1	77.70587094919681
2	45.03145212165186
3	54.54446113249778
4	52.00771005896383
5	48.75607791462824
6	43.140535769572466
7	43.838950395956765
8	47.96680965176591
9	47.359193711523076
10-14	48.34229968558119
15-19	49.143988280429454
20-24	48.77539642598444
25-29	49.01605149277614
30-34	48.896537613971475
35-39	48.9508812142106
40-44	48.96696774648516
45-49	49.123368180715424
50-54	48.945387490853946
55-59	49.18988201196481
60-64	49.16720774703271
65-69	49.088633006048106
70-74	49.198270986838054
75-79	49.236751983255886
80-84	49.18358724346976
85-89	49.27346293087049
90-94	49.29370477327769
95-99	49.14502604815397
100	49.861405106757836
>>END_MODULE
>>Per sequence GC content	warn
#GC Content	Count
0	695.0
1	809.0
2	896.0
3	929.0
4	910.0
5	804.0
6	788.0
7	858.5
8	978.0
9	1113.5
10	1230.5
11	1388.5
12	1544.0
13	1739.0
14	1995.0
15	2408.5
16	3088.0
17	3979.5
18	5233.0
19	7210.5
20	10158.0
21	14323.0
22	20442.5
23	28648.0
24	39041.0
25	52077.5
26	67928.0
27	87822.0
28	109932.5
29	133734.5
30	161309.0
31	190113.0
32	218656.0
33	248341.5
34	276902.0
35	303684.0
36	329118.0
37	354034.5
38	380889.5
39	407139.5
40	425682.5
41	446158.0
42	476345.0
43	504555.5
44	535435.5
45	568943.0
46	603735.5
47	639453.5
48	677470.5
49	713244.0
50	741293.5
51	770627.5
52	798825.5
53	814938.5
54	814726.0
55	800124.0
56	773313.0
57	732482.5
58	677780.0
59	617379.0
60	551583.0
61	483819.5
62	416351.5
63	353716.0
64	299140.5
65	250996.5
66	207192.5
67	167658.0
68	133691.5
69	103668.5
70	79502.5
71	59292.5
72	42508.0
73	31543.5
74	24554.5
75	18698.5
76	13489.5
77	9566.5
78	7064.5
79	5216.5
80	4193.0
81	3529.0
82	2459.5
83	1634.5
84	1296.5
85	1028.5
86	665.5
87	415.5
88	272.0
89	190.5
90	141.5
91	112.0
92	77.0
93	53.0
94	44.0
95	27.5
96	13.0
97	7.0
98	3.5
99	1.0
100	1.0
>>END_MODULE
>>Per base N content	pass
#Base	N-Count
1	0.028585834665125723
2	0.004501904280360289
3	3.472924893750029
4	0.007595391579155348
5	0.01703681541629084
6	2.422547629141274
7	0.028696495999391565
8	0.03090469262405991
9	0.02968741794713567
10-14	0.9838044119265554
15-19	0.021391841925716467
20-24	0.016396991701808347
25-29	0.014388991490948204
30-34	0.03672950285496183
35-39	0.03783309816123115
40-44	0.026454094962313778
45-49	0.019324486999204648
50-54	0.015351745099061008
55-59	0.0041055355012626455
60-64	0.005595439465332722
65-69	0.002040192599010205
70-74	0.0030391626437918286
75-79	0.004111571574040782
80-84	0.0028600924847071063
85-89	0.0027192507865505837
90-94	0.010150662388566552
95-99	0.021763060401571874
100	0.01750964111724488
>>END_MODULE
>>Sequence Length Distribution	pass
#Length	Count
100	1.9880476E7
>>END_MODULE
>>Sequence Duplication Levels	warn
#Total Duplicate Percentage	46.276659578247035
#Duplication Level	Relative count
1	100.0
2	28.93840971434188
3	11.962436448439469
4	6.417255644808206
5	4.0744480284496545
6	2.9861415155874442
7	2.2230760295576184
8	1.8486914409785824
9	1.4457142346560397
10++	18.807687840095785
>>END_MODULE
>>Overrepresented sequences	pass
>>END_MODULE
>>Kmer Content	warn
#Sequence	Count	Obs/Exp Overall	Obs/Exp Max	Max Obs/Exp Position
TTTTT	9021420	4.573605	6.9651384	2
AAAAA	8911035	4.4082274	6.9356346	2
CTCCT	4382305	2.4339318	5.8039436	1
CTCCA	4186135	2.3136065	5.7033215	1
CTGGA	4132250	2.256281	5.98215	1
GAAAA	3868370	1.9704527	5.122514	1
GTTTT	3550280	1.8442459	7.21338	1
GGAAA	3065825	1.6080052	5.862657	1
CTGGG	2761360	1.5525005	5.081452	1
>>END_MODULE
