##FastQC	0.10.1
>>Basic Statistics	pass
#Measure	Value	
Filename	A_xenica_NA_transfer_3_R2.fastq.gz	
File type	Conventional base calls	
Encoding	Sanger / Illumina 1.9	
Total Sequences	11488889	
Filtered Sequences	0	
Sequence length	100	
%GC	50	
>>END_MODULE
>>Per base sequence quality	pass
#Base	Mean	Median	Lower Quartile	Upper Quartile	10th Percentile	90th Percentile
1	29.92156500075856	31.0	31.0	34.0	26.0	34.0
2	29.926972747321347	31.0	31.0	34.0	25.0	34.0
3	29.996648239877675	31.0	31.0	34.0	25.0	34.0
4	33.313560519211215	37.0	35.0	37.0	27.0	37.0
5	33.235730800428136	37.0	35.0	37.0	27.0	37.0
6	33.15034064651508	37.0	35.0	37.0	26.0	37.0
7	33.13656324819571	37.0	35.0	37.0	26.0	37.0
8	33.08216155626536	37.0	35.0	37.0	26.0	37.0
9	34.53208660994113	39.0	35.0	39.0	27.0	39.0
10-14	34.637474154376456	39.2	35.2	39.4	25.8	39.4
15-19	35.37450985904729	40.0	36.0	41.0	24.8	41.0
20-24	35.08098008432321	40.0	35.2	41.0	23.0	41.0
25-29	34.77422516659357	39.0	35.0	41.0	20.4	41.0
30-34	33.92260673769239	39.0	33.6	41.0	15.2	41.0
35-39	33.764403625102474	38.2	33.0	40.4	14.0	41.0
40-44	33.39886156093944	38.0	33.0	40.0	8.6	41.0
45-49	33.02325326669968	38.0	33.0	40.0	4.8	41.0
50-54	32.166363570924915	37.0	31.4	39.6	2.0	40.6
55-59	32.04445092993761	36.2	32.0	39.8	2.0	41.0
60-64	31.281446047568217	35.0	31.0	38.8	2.0	41.0
65-69	30.483829045610936	35.0	30.2	37.2	2.0	40.0
70-74	29.78485444502075	35.0	30.0	36.2	2.0	39.0
75-79	29.097468014531255	34.6	29.4	35.0	2.0	37.2
80-84	28.500471264018653	34.0	29.0	35.0	2.0	36.0
85-89	28.004354572491735	34.0	28.8	35.0	2.0	35.2
90-94	27.512658203939473	34.0	27.2	35.0	2.0	35.0
95-99	26.921397969812404	34.0	26.4	35.0	2.0	35.0
100	25.637139065404845	33.0	23.0	35.0	2.0	35.0
>>END_MODULE
>>Per sequence quality scores	pass
#Quality	Count
2	558559.0
3	82770.0
4	52900.0
5	44776.0
6	45498.0
7	46405.0
8	47646.0
9	51331.0
10	55227.0
11	55577.0
12	52524.0
13	51374.0
14	50610.0
15	51256.0
16	51505.0
17	50830.0
18	51311.0
19	51959.0
20	53903.0
21	57103.0
22	64008.0
23	74202.0
24	89029.0
25	107349.0
26	127050.0
27	150140.0
28	177781.0
29	211984.0
30	253876.0
31	311640.0
32	393150.0
33	512734.0
34	709622.0
35	1041499.0
36	1670653.0
37	2238840.0
38	1533390.0
39	258481.0
40	397.0
>>END_MODULE
>>Per base sequence content	fail
#Base	G	A	T	C
1	43.425155538210404	10.953942438998311	8.558326164961626	37.06257585782966
2	29.23829446780257	18.23461653114655	25.963029739182886	26.564059261867996
3	30.33337083351764	20.85606999693845	18.638990601850093	30.171568567693814
4	34.201299502488084	24.334730079518142	18.05658193456269	23.407388483431085
5	32.42680886685617	25.447029393142124	21.65723620326121	20.468925536740493
6	27.24020185421957	29.800681322424467	22.806181498136134	20.152935325219833
7	23.88108346647134	20.966675966299803	33.41628989220437	21.735950675024494
8	23.799601515911498	22.288174706013486	29.067811960095856	24.844411817979157
9	22.448092343898267	20.796358849609074	32.397919601362574	24.357629205130085
10-14	25.58030414634822	25.334700485657518	25.390231616307663	23.6947637516866
15-19	25.47835075606893	24.15222919286463	25.740508644022338	24.628911407044104
20-24	25.314338266925912	24.9111957516081	25.56479209376759	24.2096738876984
25-29	25.420781939798072	24.625858035187967	25.339118450143044	24.614241574870917
30-34	25.42205816513038	24.94346999839337	25.30122452466028	24.33324731181597
35-39	25.20683413169796	24.83989656090041	25.21366197898953	24.739607328412106
40-44	25.310639314857525	24.924675679135103	25.142869568862857	24.621815437144516
45-49	25.292788055670883	24.756998099032916	25.05401832625219	24.896195519044007
50-54	25.149811530702294	25.10511660406073	25.11265575919771	24.632416106039262
55-59	25.356950923458417	24.76257406911205	24.966663989089422	24.913811018340116
60-64	25.23427213009662	24.93524891349045	24.994266905730093	24.836212050682835
65-69	25.22057653984986	24.853744902360468	25.05731689899633	24.868361658793344
70-74	25.376877528888603	24.91620429362122	24.883658517326683	24.823259660163497
75-79	25.23786193131946	24.779019963833868	25.01159367459147	24.971524430255197
80-84	25.286560900772642	24.877853726871205	24.853163618304578	24.982421754051575
85-89	25.366943699907026	24.795854299531214	24.841058111659564	24.996143888902196
90-94	25.29303760765561	24.78532974570993	24.812750394344913	25.108882252289543
95-99	25.236283248927787	24.926921552855365	24.90737254246393	24.929422655752916
100	25.875123400324235	24.40079867964266	24.31670009593352	25.407377824099587
>>END_MODULE
>>Per base GC content	fail
#Base	%GC
1	80.48773139604006
2	55.802353729670564
3	60.50493940121145
4	57.60868798591917
5	52.89573440359666
6	47.39313717943941
7	45.617034141495836
8	48.64401333389065
9	46.80572154902835
10-14	49.27506789803482
15-19	50.107262163113035
20-24	49.52401215462431
25-29	50.035023514668985
30-34	49.75530547694635
35-39	49.946441460110066
40-44	49.932454752002045
45-49	50.1889835747149
50-54	49.78222763674155
55-59	50.270761941798526
60-64	50.07048418077945
65-69	50.0889381986432
70-74	50.2001371890521
75-79	50.20938636157466
80-84	50.268982654824214
85-89	50.36308758880922
90-94	50.40191985994515
95-99	50.1657059046807
100	51.282501224423825
>>END_MODULE
>>Per sequence GC content	warn
#GC Content	Count
0	10531.0
1	7109.5
2	3512.0
3	3184.5
4	2716.5
5	2218.0
6	1994.5
7	1923.5
8	1911.0
9	1907.0
10	1931.0
11	2051.5
12	2156.0
13	2279.0
14	2405.5
15	2596.0
16	2911.5
17	3352.0
18	4107.5
19	5155.5
20	6547.5
21	8414.0
22	11049.5
23	14932.5
24	19783.0
25	25886.5
26	33400.5
27	42091.5
28	51723.0
29	61985.0
30	73257.0
31	86771.5
32	100815.0
33	115212.0
34	129084.0
35	142798.5
36	157317.0
37	171030.5
38	184642.5
39	201103.5
40	217431.0
41	230976.0
42	245035.0
43	262981.0
44	284310.5
45	299550.0
46	316346.0
47	340264.0
48	366881.5
49	388640.5
50	405258.0
51	425967.0
52	447100.0
53	463526.0
54	469964.5
55	468399.5
56	463965.0
57	454078.0
58	433935.5
59	402562.5
60	361485.5
61	321067.0
62	287517.0
63	255250.5
64	222394.5
65	189356.5
66	158092.5
67	130675.5
68	107730.0
69	85818.0
70	65548.5
71	49699.5
72	37769.0
73	29504.5
74	23728.0
75	19093.5
76	14631.5
77	11147.5
78	8354.0
79	5951.5
80	4368.5
81	3280.5
82	2884.0
83	2679.0
84	1860.5
85	1022.5
86	616.5
87	447.0
88	334.0
89	227.5
90	167.5
91	125.0
92	94.0
93	65.0
94	52.0
95	39.5
96	29.0
97	29.5
98	21.0
99	16.0
100	10.0
>>END_MODULE
>>Per base N content	pass
#Base	N-Count
1	0.0384023207117764
2	0.05302514455488255
3	0.03917698221298857
4	0.03777562826135756
5	0.046653771308957724
6	0.03625241744436734
7	0.03973404216891642
8	0.04673210786526008
9	0.036269825567990084
10-14	0.03307195325849174
15-19	0.05056189506226407
20-24	0.04921798791858813
25-29	0.030138684428059146
30-34	0.05649458359289571
35-39	0.056574660961560344
40-44	0.09276266834852352
45-49	0.0677646028262611
50-54	0.06524912896277438
55-59	0.07277640161724949
60-64	0.06358839396916446
65-69	0.06567736880389392
70-74	0.06279806515669183
75-79	0.05888994140338548
80-84	0.06413152742619413
85-89	0.06192069572610546
90-94	0.05484777509818399
95-99	0.051830947274362216
100	0.05167601497411978
>>END_MODULE
>>Sequence Length Distribution	pass
#Length	Count
100	1.1488889E7
>>END_MODULE
>>Sequence Duplication Levels	fail
#Total Duplicate Percentage	53.07057528707671
#Duplication Level	Relative count
1	100.0
2	42.243158096043324
3	17.564996829422956
4	8.472989703173596
5	4.825316302805206
6	3.2853217380801403
7	2.534448571227265
8	1.934555263661161
9	1.5903211844873226
10++	18.855371360127226
>>END_MODULE
>>Overrepresented sequences	warn
#Sequence	Count	Percentage	Possible Source
TTTTTTTTTTTTTTTTTTTTTTTTTTTTTTTTTTTTTTTTTTTTTTTTTT	21251	0.18497001755348144	No Hit
>>END_MODULE
>>Kmer Content	fail
#Sequence	Count	Obs/Exp Overall	Obs/Exp Max	Max Obs/Exp Position
TTTTT	8384195	7.845817	11.208237	6
AAAAA	5053420	5.1643	7.02247	2
GGAGG	2824040	2.3869772	5.170493	1
GAAAA	2092350	2.0391455	5.158244	1
GGGGG	2457480	1.9808667	7.3819294	1
GCCAG	1639065	1.4921628	5.1474056	1
GGCGG	1458570	1.2201519	5.8755856	1
GCCGG	1214845	1.0546995	5.56579	1
CGGGG	1229410	1.0284504	5.252983	1
>>END_MODULE
