##FastQC	0.10.1
>>Basic Statistics	pass
#Measure	Value	
Filename	F_heteroclitus_MDPP_FW_3_R1.fastq.gz	
File type	Conventional base calls	
Encoding	Sanger / Illumina 1.9	
Total Sequences	17375266	
Filtered Sequences	0	
Sequence length	100	
%GC	50	
>>END_MODULE
>>Per base sequence quality	pass
#Base	Mean	Median	Lower Quartile	Upper Quartile	10th Percentile	90th Percentile
1	31.028123252904443	33.0	31.0	34.0	27.0	34.0
2	31.325380975462476	34.0	31.0	34.0	28.0	34.0
3	31.065228008595668	34.0	31.0	34.0	27.0	34.0
4	34.59208210107402	37.0	35.0	37.0	31.0	37.0
5	33.07450343494022	37.0	35.0	37.0	26.0	37.0
6	33.47670942131188	37.0	35.0	37.0	23.0	37.0
7	34.10110884057833	37.0	35.0	37.0	30.0	37.0
8	34.22761452975742	37.0	35.0	37.0	30.0	37.0
9	35.84201887902033	39.0	37.0	39.0	30.0	39.0
10-14	35.96897165200233	39.2	37.0	39.4	30.0	39.4
15-19	36.79934231798236	40.0	37.0	41.0	30.0	41.0
20-24	36.60563068214323	40.0	37.0	41.0	30.0	41.0
25-29	36.3039578904864	40.0	36.4	41.0	28.8	41.0
30-34	35.91643208224841	40.0	36.0	41.0	27.0	41.0
35-39	35.5756557856438	39.6	35.0	41.0	26.0	41.0
40-44	35.342007874872245	39.0	35.0	41.0	25.6	41.0
45-49	34.84091178805551	38.8	34.6	41.0	24.2	41.0
50-54	34.172524691132786	37.8	33.8	40.0	22.8	41.0
55-59	33.390151621275905	36.6	33.0	40.0	20.8	41.0
60-64	32.56254396335573	35.2	32.4	39.0	18.6	41.0
65-69	31.814158586118914	35.0	32.0	37.4	16.0	40.0
70-74	31.056138616813115	35.0	31.2	36.2	9.8	39.0
75-79	30.058664149371868	34.2	30.4	35.0	5.4	37.0
80-84	30.044681974940698	35.0	31.0	35.0	2.0	36.0
85-89	29.626472711266693	34.6	31.0	35.0	2.0	35.2
90-94	29.206134156449746	34.0	30.0	35.0	2.0	35.0
95-99	28.727778130130496	34.0	30.0	35.0	2.0	35.0
100	27.613897594431073	34.0	27.0	35.0	2.0	35.0
>>END_MODULE
>>Per sequence quality scores	pass
#Quality	Count
2	356448.0
3	129842.0
4	69207.0
5	53981.0
6	51797.0
7	53098.0
8	54787.0
9	59079.0
10	64389.0
11	68148.0
12	69000.0
13	70357.0
14	71177.0
15	71702.0
16	70588.0
17	69766.0
18	68773.0
19	67603.0
20	67793.0
21	70332.0
22	77926.0
23	91617.0
24	110639.0
25	135574.0
26	167412.0
27	207091.0
28	251556.0
29	295360.0
30	359529.0
31	439548.0
32	549213.0
33	720811.0
34	1009341.0
35	1529172.0
36	2659088.0
37	3909696.0
38	2745951.0
39	457269.0
40	606.0
>>END_MODULE
>>Per base sequence content	fail
#Base	G	A	T	C
1	38.990942345582056	14.375584120622593	7.464333384679536	39.16914014911582
2	26.17657833327914	18.16944505276147	34.42181952754247	21.232157086416926
3	25.69857009886069	22.405232127271766	21.841878613229113	30.054319160638432
4	28.691753426500956	27.631244280579416	18.75596404012244	24.921038252797196
5	29.9435701637305	28.771738038598993	21.12359636400076	20.16109543366974
6	24.19955812197579	31.84432775617877	22.543016435296952	21.41309768654849
7	22.216024000017963	19.18073065869169	35.43049234734845	23.1727529939419
8	22.1379709657553	21.127176625420468	29.087371361757956	27.647481047066275
9	22.869009988278382	19.98497500180946	30.935281665742213	26.210733344169938
10-14	25.354079743003027	25.696605173690013	24.533701974947558	24.415613108359405
15-19	25.499424097257457	24.52568363652098	24.94237806186027	25.032514204361295
20-24	25.311010191682758	24.923127884125556	24.880935076257288	24.884926847934395
25-29	25.32263291690028	24.825537890010498	24.768956610956504	25.08287258213272
30-34	25.165372154386905	24.9780714354179	24.773397155086812	25.083159255108384
35-39	25.198185580090687	24.93506249425203	24.797624866260765	25.069127059396518
40-44	25.278233534311457	24.97301186275866	24.66155017944208	25.0872044234878
45-49	25.31346321823746	24.818901831052248	24.641334705505567	25.226300245204726
50-54	25.26090427443699	24.930921325140904	24.673676825175235	25.134497575246872
55-59	25.38637149693937	24.70878348528608	24.556778169693004	25.348066848081547
60-64	25.357419544126607	24.735044935738877	24.573467499033466	25.334068021101046
65-69	25.313488733154234	24.87907606834547	24.548040999731917	25.259394198768376
70-74	25.48008638150499	24.816795796481024	24.458636722563952	25.244481099450027
75-79	25.37561639637376	24.649774787634023	24.539818459825895	25.43479035616632
80-84	25.39339974607147	24.782269684917367	24.525211251794715	25.299119317216444
85-89	25.496909308292924	24.69947189508201	24.430249904218048	25.373368892407022
90-94	25.359049890833894	24.70244738110423	24.415911754744528	25.522590973317342
95-99	25.33206657228127	24.818528236227266	24.468765553604236	25.380639637887224
100	25.825071101564014	24.436094120317648	23.991458258055136	25.747376520063202
>>END_MODULE
>>Per base GC content	fail
#Base	%GC
1	78.16008249469787
2	47.408735419696065
3	55.75288925949911
4	53.61279167929814
5	50.10466559740024
6	45.61265580852428
7	45.38877699395986
8	49.78545201282157
9	49.079743332448324
10-14	49.76969285136243
15-19	50.53193830161875
20-24	50.19593703961716
25-29	50.405505499033
30-34	50.24853140949529
35-39	50.2673126394872
40-44	50.36543795779925
45-49	50.53976346344219
50-54	50.395401849683864
55-59	50.73443834502092
60-64	50.69148756522765
65-69	50.572882931922614
70-74	50.72456748095502
75-79	50.81040675254008
80-84	50.69251906328791
85-89	50.87027820069995
90-94	50.881640864151244
95-99	50.7127062101685
100	51.57244762162721
>>END_MODULE
>>Per sequence GC content	warn
#GC Content	Count
0	831.0
1	779.0
2	698.0
3	691.0
4	654.5
5	612.0
6	618.0
7	661.0
8	741.0
9	845.5
10	964.5
11	1071.0
12	1223.5
13	1363.5
14	1643.0
15	2072.0
16	2553.5
17	3265.5
18	4193.0
19	5644.5
20	7820.5
21	10722.0
22	14853.5
23	20573.5
24	27908.0
25	37829.5
26	50300.5
27	65009.5
28	81236.5
29	98704.5
30	116694.0
31	135038.0
32	154091.0
33	173196.5
34	193508.0
35	215903.5
36	236135.5
37	251526.0
38	270730.0
39	293814.5
40	308787.0
41	324056.0
42	346666.5
43	372441.0
44	406213.5
45	438518.0
46	473126.0
47	517816.0
48	552307.0
49	582290.5
50	621770.0
51	662242.0
52	697367.0
53	722871.0
54	740192.0
55	750933.0
56	736339.0
57	711136.0
58	685368.0
59	638445.5
60	574629.0
61	506385.5
62	445301.0
63	387465.0
64	324223.0
65	268331.5
66	224545.0
67	187284.0
68	155364.0
69	126549.5
70	100135.0
71	74420.5
72	54720.5
73	42556.0
74	33098.0
75	24928.0
76	18596.0
77	13377.5
78	9318.0
79	6476.5
80	5172.5
81	4333.0
82	3571.0
83	2812.5
84	1998.0
85	1345.0
86	890.0
87	580.5
88	432.5
89	356.5
90	274.5
91	188.0
92	136.0
93	99.0
94	65.0
95	44.5
96	29.0
97	20.0
98	14.5
99	6.5
100	2.5
>>END_MODULE
>>Per base N content	pass
#Base	N-Count
1	0.017254412105115396
2	0.002135219109739097
3	0.005283372352400245
4	0.007752399301397745
5	3.5710359772333846
6	0.03839941212986322
7	0.047648191400350356
8	0.05306969113451271
9	0.04724531987021091
10-14	0.051927838111946026
15-19	0.030613632044539634
20-24	0.026088809230316243
25-29	0.025914998941598936
30-34	0.0497730509564573
35-39	0.0475434448025141
40-44	0.03861235851007979
45-49	0.02904243307699577
50-54	0.015025957012686884
55-59	0.005027836696140364
60-64	0.0046641012575001735
65-69	7.366793693978556E-4
70-74	0.0030399534602808384
75-79	0.004210583020714619
80-84	0.005343227551163821
85-89	0.0022169444772816714
90-94	0.009495106434629547
95-99	0.01776548341763516
100	0.004742373440498695
>>END_MODULE
>>Sequence Length Distribution	pass
#Length	Count
100	1.7375266E7
>>END_MODULE
>>Sequence Duplication Levels	fail
#Total Duplicate Percentage	50.45500599548247
#Duplication Level	Relative count
1	100.0
2	27.0942383820191
3	11.410667717303616
4	6.577737753513067
5	4.389223466726703
6	3.3686047166094446
7	2.640663402187576
8	2.148177332507833
9	1.8639425151498095
10++	28.12048554436127
>>END_MODULE
>>Overrepresented sequences	warn
#Sequence	Count	Percentage	Possible Source
GATCGGAAGAGCACACGTCTGAACTCCAGTCACATTCAGAAATCTCGTAT	18465	0.10627175434321408	TruSeq Adapter, Index 8 (97% over 36bp)
>>END_MODULE
>>Kmer Content	warn
#Sequence	Count	Obs/Exp Overall	Obs/Exp Max	Max Obs/Exp Position
AAAAA	7783435	5.143976	7.4649453	2
TTTTT	7678520	5.1000977	7.406372	2
CTCCT	4158560	2.5581574	5.606629	1
CTCCA	3942420	2.422772	5.5472875	1
GAAGA	3792785	2.3455496	5.322854	2
CTGGA	3822010	2.3085642	6.083671	1
GGAGA	3465045	2.0728822	5.035379	1
GAAAA	3117665	1.9931339	5.381874	2
GTTTT	2860920	1.8363329	7.432999	1
GGAAG	2873410	1.7189504	5.0365677	1
GGAAA	2537485	1.5692419	6.1246147	1
>>END_MODULE
