##FastQC	0.10.1
>>Basic Statistics	pass
#Measure	Value	
Filename	F_zebrinus_NA_FW_2_R2.fastq.gz	
File type	Conventional base calls	
Encoding	Sanger / Illumina 1.9	
Total Sequences	13600787	
Filtered Sequences	0	
Sequence length	100	
%GC	49	
>>END_MODULE
>>Per base sequence quality	pass
#Base	Mean	Median	Lower Quartile	Upper Quartile	10th Percentile	90th Percentile
1	30.120204882261593	31.0	31.0	34.0	26.0	34.0
2	30.14699965524054	31.0	31.0	34.0	26.0	34.0
3	30.200465973035236	31.0	31.0	34.0	26.0	34.0
4	33.582178663631744	37.0	35.0	37.0	28.0	37.0
5	33.51601528646835	37.0	35.0	37.0	28.0	37.0
6	33.40801697725286	37.0	35.0	37.0	27.0	37.0
7	33.442348299403555	37.0	35.0	37.0	28.0	37.0
8	33.40500707789924	37.0	35.0	37.0	28.0	37.0
9	34.8335998497734	39.0	35.0	39.0	27.0	39.0
10-14	34.91982906577391	39.2	35.2	39.4	27.0	39.4
15-19	35.62967312112159	40.0	36.0	41.0	26.6	41.0
20-24	35.2892917740716	39.2	35.2	41.0	25.0	41.0
25-29	35.026973542045766	39.0	35.0	41.0	23.8	41.0
30-34	34.672203895259884	39.0	34.4	41.0	22.2	41.0
35-39	34.21750425177602	38.6	33.8	40.4	19.0	41.0
40-44	33.71437983699032	38.0	33.0	40.0	15.4	41.0
45-49	33.207737052274986	38.0	32.8	40.0	10.2	41.0
50-54	32.46973905260042	37.0	32.0	39.6	7.8	40.6
55-59	32.41526210211218	36.4	32.0	40.0	3.8	41.0
60-64	31.608106413253882	35.2	31.0	39.0	2.0	41.0
65-69	30.829713677598214	35.0	30.8	37.6	2.0	40.0
70-74	30.060912578073605	35.0	30.0	36.4	2.0	39.2
75-79	29.320801112465034	34.2	29.4	35.2	2.0	37.6
80-84	28.652384615684372	34.0	29.0	35.0	2.0	36.2
85-89	28.098701758949687	34.0	28.8	35.0	2.0	35.4
90-94	27.56557991827973	34.0	27.2	35.0	2.0	35.0
95-99	26.90635736005571	34.0	26.4	35.0	2.0	35.0
100	25.595224305769953	33.0	23.0	35.0	2.0	35.0
>>END_MODULE
>>Per sequence quality scores	pass
#Quality	Count
2	545710.0
3	82935.0
4	60559.0
5	50053.0
6	50035.0
7	50276.0
8	53289.0
9	58037.0
10	61091.0
11	64032.0
12	62051.0
13	61594.0
14	61777.0
15	63496.0
16	64585.0
17	63693.0
18	64723.0
19	65340.0
20	68187.0
21	72709.0
22	79821.0
23	91926.0
24	110148.0
25	132021.0
26	156741.0
27	187006.0
28	221814.0
29	265780.0
30	320358.0
31	391871.0
32	494604.0
33	638704.0
34	870189.0
35	1252284.0
36	1923652.0
37	2575628.0
38	1840085.0
39	323613.0
40	370.0
>>END_MODULE
>>Per base sequence content	fail
#Base	G	A	T	C
1	36.69586955742994	13.127302933816221	8.200472721840203	41.97635478691364
2	25.286009938007183	17.99856712730505	35.16952852544394	21.545894409243832
3	26.638581531485805	22.63142563323962	21.45680788678851	29.273184948486065
4	28.919308725146692	29.156538429483454	18.430269068505247	23.49388377686461
5	29.76538119349551	30.195206113013214	21.112948849929808	18.92646384356147
6	23.012399150243333	33.341267926393655	23.186396243181058	20.459936680181954
7	20.96403993772557	19.113755285621234	37.17741481676819	22.744789959884997
8	21.31454439069742	21.197572594338528	30.19653806732112	27.29134494764293
9	22.274704338443957	20.22782824304867	31.62255071912367	25.8749166993837
10-14	24.574349802946784	26.291028395048126	25.135476061385877	23.999145740619216
15-19	24.771613594401515	24.897910000508123	25.827402473168178	24.503073931922188
20-24	24.639856968914675	25.48787489222907	25.626127682430504	24.246140456425753
25-29	24.636117132248355	25.58508369603446	25.514514710736513	24.26428446098067
30-34	24.4903755165403	25.48970895882608	25.53971733769002	24.480198186943596
35-39	24.56220039766237	25.492773709446393	25.477386667077774	24.467639225813468
40-44	24.815640445763	25.427693045494514	25.375136526042176	24.38152998270031
45-49	24.724649457574436	25.408474755016826	25.34996487538461	24.51691091202413
50-54	24.645892943176058	25.51825607830031	25.363948626315686	24.471902352207945
55-59	24.990175535870932	25.20721955619574	25.197257859354234	24.605347048579098
60-64	24.870335651411278	25.249830078549873	25.187521377226563	24.69231289281229
65-69	24.74342503663549	25.3064013450592	25.25788022032149	24.692293397983825
70-74	24.972471788678217	25.40185655960409	25.05974659949303	24.56592505222466
75-79	24.868801944902188	25.30829574885194	25.112459154420165	24.710443151825707
80-84	24.882754028229453	25.264727652860092	25.148017373384125	24.704500945526334
85-89	25.000941823447896	25.345619773394922	24.96512751524253	24.688310887914653
90-94	24.932177851193288	25.29654479425099	24.977036073961965	24.794241280593752
95-99	24.89272885901859	25.32797454513312	25.047888488367715	24.73140810748058
100	25.403057142838225	24.800784508372963	24.601640754409456	25.194517594379356
>>END_MODULE
>>Per base GC content	fail
#Base	%GC
1	78.67222434434358
2	46.83190434725101
3	55.91176647997187
4	52.413192502011306
5	48.69184503705698
6	43.472335830425294
7	43.70882989761057
8	48.605889338340354
9	48.14962103782766
10-14	48.573495543566
15-19	49.2746875263237
20-24	48.88599742534043
25-29	48.90040159322903
30-34	48.9705737034839
35-39	49.02983962347584
40-44	49.19717042846331
45-49	49.24156036959857
50-54	49.117795295384
55-59	49.59552258445003
60-64	49.56264854422356
65-69	49.43571843461931
70-74	49.53839684090288
75-79	49.579245096727895
80-84	49.58725497375578
85-89	49.68925271136255
90-94	49.72641913178704
95-99	49.624136966499165
100	50.59757473721758
>>END_MODULE
>>Per sequence GC content	warn
#GC Content	Count
0	19462.0
1	12114.5
2	4370.0
3	3755.5
4	3183.0
5	2619.5
6	2362.5
7	2304.5
8	2239.0
9	2217.5
10	2286.0
11	2304.0
12	2357.0
13	2485.5
14	2617.0
15	2874.5
16	3265.0
17	3722.0
18	4437.0
19	5584.5
20	7451.5
21	10225.5
22	14021.0
23	19243.0
24	25878.5
25	34545.5
26	45663.0
27	58606.0
28	72500.5
29	87296.5
30	103659.0
31	123871.5
32	145198.5
33	165951.5
34	184885.5
35	203644.0
36	220330.0
37	233250.5
38	246260.0
39	261483.0
40	274886.0
41	288845.0
42	308640.0
43	330404.0
44	356663.5
45	380895.0
46	408737.5
47	435777.0
48	457783.0
49	475928.0
50	496497.5
51	525451.5
52	547648.0
53	552378.0
54	542770.5
55	529885.0
56	518386.0
57	497464.5
58	468604.0
59	434884.5
60	387204.0
61	329858.0
62	276736.5
63	236175.5
64	200017.0
65	166760.0
66	144979.0
67	122531.0
68	101343.0
69	85296.5
70	67721.5
71	51656.0
72	38678.5
73	32921.5
74	30133.0
75	29333.0
76	24183.0
77	18661.5
78	14100.0
79	10106.0
80	11387.5
81	12673.0
82	10463.5
83	7298.0
84	5950.0
85	4655.0
86	2711.0
87	1536.5
88	904.5
89	569.5
90	342.5
91	206.5
92	127.5
93	79.0
94	56.5
95	37.5
96	25.0
97	15.5
98	14.0
99	11.5
100	5.0
>>END_MODULE
>>Per base N content	pass
#Base	N-Count
1	0.04337984265175243
2	0.052320501747435647
3	0.04710756811352167
4	0.04682082000107788
5	0.04545325208019212
6	0.04637231654315298
7	0.04501210113797091
8	0.03824778669057901
9	0.05109998414062363
10-14	0.036147908205606046
15-19	0.0413637828458015
20-24	0.043968043908047386
25-29	0.02643670546417645
30-34	0.043123975105264126
35-39	0.03626113694744282
40-44	0.08813901724951652
45-49	0.06539621567487233
50-54	0.06207581958308737
55-59	0.07891308054453025
60-64	0.07639116765816566
65-69	0.07053562415174945
70-74	0.0628566567508189
75-79	0.06426833976592679
80-84	0.08011154060423122
85-89	0.0744765725689256
90-94	0.053618956020706744
95-99	0.0669608310166169
100	0.07058415075539379
>>END_MODULE
>>Sequence Length Distribution	pass
#Length	Count
100	1.3600787E7
>>END_MODULE
>>Sequence Duplication Levels	warn
#Total Duplicate Percentage	48.88259846171347
#Duplication Level	Relative count
1	100.0
2	22.217277061204925
3	8.841377303422718
4	4.916250845194587
5	3.3277129676386763
6	2.404204147658704
7	1.9839605604389021
8	1.6159264616517028
9	1.405376721415305
10++	24.46656453007181
>>END_MODULE
>>Overrepresented sequences	warn
#Sequence	Count	Percentage	Possible Source
TTTTTTTTTTTTTTTTTTTTTTTTTTTTTTTTTTTTTTTTTTTTTTTTTT	28910	0.2125612289935869	No Hit
>>END_MODULE
>>Kmer Content	warn
#Sequence	Count	Obs/Exp Overall	Obs/Exp Max	Max Obs/Exp Position
TTTTT	9403105	7.007335	9.86972	2
AAAAA	6515380	4.928366	7.1950593	2
CTCCA	2773225	2.231494	5.9183555	1
CTCCT	2748035	2.2046342	5.2955146	1
GAAGA	2837365	2.195002	5.0534415	2
CTGGA	2602780	2.051361	6.7099004	1
GAAAA	2615305	2.0006163	5.19413	2
CTTTT	2471630	1.8877418	5.3382993	1
CTGAA	2362255	1.8409975	5.1969614	1
GTTTT	2384745	1.8025951	6.85134	1
GGAAA	2114995	1.6361725	6.271704	1
CTCAG	1989035	1.5839813	5.1063714	1
CTGGG	1889030	1.5056423	5.793525	1
>>END_MODULE
