##FastQC	0.10.1
>>Basic Statistics	pass
#Measure	Value	
Filename	L_goodei_NA_BW_3_R1.fastq.gz	
File type	Conventional base calls	
Encoding	Sanger / Illumina 1.9	
Total Sequences	13495232	
Filtered Sequences	0	
Sequence length	100	
%GC	50	
>>END_MODULE
>>Per base sequence quality	pass
#Base	Mean	Median	Lower Quartile	Upper Quartile	10th Percentile	90th Percentile
1	30.01265565497503	31.0	30.0	34.0	25.0	34.0
2	30.28863601603885	31.0	30.0	34.0	26.0	34.0
3	28.880776929214704	31.0	30.0	34.0	16.0	34.0
4	32.56719543613626	37.0	33.0	37.0	19.0	37.0
5	33.26417485820177	37.0	33.0	37.0	27.0	37.0
6	30.684566741794434	37.0	32.0	37.0	10.0	37.0
7	31.519481843661524	36.0	32.0	37.0	17.0	37.0
8	32.63884199990041	36.0	32.0	37.0	25.0	37.0
9	34.320817233820065	38.0	34.0	39.0	27.0	39.0
10-14	33.94487813177276	38.8	34.2	39.4	21.0	39.4
15-19	35.07843054495099	39.2	34.4	41.0	25.0	41.0
20-24	35.018531330176465	39.4	34.2	41.0	24.2	41.0
25-29	34.63134499651433	39.0	34.0	41.0	21.2	41.0
30-34	34.17770698569687	39.0	33.2	41.0	17.6	41.0
35-39	33.796622540464654	38.2	33.0	40.8	15.6	41.0
40-44	33.45759112551751	38.0	33.0	40.0	11.8	41.0
45-49	32.95327846160777	37.6	32.2	40.0	7.6	41.0
50-54	32.231390508884914	36.6	31.4	40.0	2.0	41.0
55-59	31.51373122003386	35.2	30.8	39.4	2.0	41.0
60-64	30.68616038612749	35.0	30.0	38.4	2.0	40.4
65-69	29.966270887377114	35.0	29.6	36.8	2.0	39.6
70-74	29.205041202700336	34.2	29.0	35.6	2.0	38.8
75-79	28.221673506613296	33.6	27.6	35.0	2.0	36.4
80-84	28.144604538847496	34.0	28.0	35.0	2.0	36.0
85-89	27.665522741661647	34.0	27.2	35.0	2.0	35.0
90-94	27.21956947461148	34.0	27.0	35.0	2.0	35.0
95-99	26.6264259258381	33.4	25.4	35.0	2.0	35.0
100	25.51942960298867	33.0	23.0	35.0	2.0	35.0
>>END_MODULE
>>Per sequence quality scores	pass
#Quality	Count
2	510878.0
3	154374.0
4	79069.0
5	57994.0
6	57417.0
7	59695.0
8	62129.0
9	66048.0
10	69373.0
11	72049.0
12	73607.0
13	75235.0
14	76398.0
15	76189.0
16	75183.0
17	73166.0
18	71974.0
19	69821.0
20	69080.0
21	70572.0
22	76804.0
23	89231.0
24	108617.0
25	135613.0
26	174660.0
27	229571.0
28	280128.0
29	300427.0
30	355435.0
31	410312.0
32	482988.0
33	628066.0
34	867085.0
35	1268738.0
36	1926302.0
37	2410522.0
38	1567296.0
39	262918.0
40	268.0
>>END_MODULE
>>Per base sequence content	fail
#Base	G	A	T	C
1	34.77889236011486	14.576589452168992	7.5590938358384445	43.085424351877705
2	24.89989927124491	17.844084514337784	35.34447744762983	21.911538766787476
3	24.7012023053744	22.587806993279774	21.88513331587395	30.82585738547187
4	27.286232741377646	28.867149338341513	18.486094430072423	25.36052349020842
5	28.7832490778664	29.96793200687206	21.047443272543553	20.201375642717984
6	22.19676033569434	34.71028801651921	22.25999698078398	20.832954667002472
7	21.082173368950766	18.729756632256695	37.01416936602944	23.1739006327631
8	21.318335884803087	20.797926486390807	29.934792423672906	27.948945205133203
9	22.602683473498153	19.981117813016684	31.143563475028056	26.272635238457102
10-14	24.642919822781874	26.26444883430048	24.63033167582415	24.462299667093497
15-19	25.088143894463936	24.769960040762516	25.15988164242518	24.982014422348367
20-24	24.777473845785973	25.14214480370714	25.127706131865736	24.952675218641158
25-29	24.84952542574414	25.139846265489773	25.06329220494296	24.947336103823126
30-34	24.68651423331984	25.130824990572044	25.002211605822417	25.1804491702857
35-39	24.852371450367773	25.13479392729184	24.89551428392503	25.11732033841535
40-44	25.09001525177209	25.04811938912565	24.710258949548187	25.151606409554073
45-49	25.035304728837005	25.040912277454215	24.66253392952312	25.261249064185666
50-54	25.036055448284316	25.191691959088086	24.583932725825093	25.188319866802505
55-59	25.26587061986779	24.800214662307024	24.522886197261084	25.4110285205641
60-64	25.276221138992096	24.73039859703391	24.586740024773658	25.40664023920034
65-69	25.182450077433245	24.835483999856773	24.53272547467135	25.449340448038633
70-74	25.374897236582	24.886520627445556	24.50299008552267	25.235592050449775
75-79	25.347356611352378	24.744795829178926	24.53000047055493	25.377847088913764
80-84	25.277528588287897	24.709475354397846	24.58017280947371	25.432823247840545
85-89	25.295922356158012	24.874668126260996	24.352516454523176	25.47689306305782
90-94	25.212729592622807	24.796171487614544	24.406309953622042	25.584788966140604
95-99	25.070756878248663	24.865960900893587	24.465737282268826	25.59754493858893
100	25.33248676734201	24.40250433133824	23.982514415127966	26.282494486191784
>>END_MODULE
>>Per base GC content	fail
#Base	%GC
1	77.86431671199256
2	46.811438038032385
3	55.52705969084627
4	52.64675623158607
5	48.984624720584385
6	43.02971500269681
7	44.25607400171386
8	49.26728108993629
9	48.87531871195526
10-14	49.10521948987537
15-19	50.07015831681231
20-24	49.73014906442713
25-29	49.796861529567266
30-34	49.86696340360554
35-39	49.96969178878312
40-44	50.241621661326164
45-49	50.29655379302267
50-54	50.224375315086824
55-59	50.6768991404319
60-64	50.682861378192435
65-69	50.63179052547188
70-74	50.61048928703178
75-79	50.72520370026614
80-84	50.71035183612844
85-89	50.77281541921583
90-94	50.79751855876341
95-99	50.66830181683759
100	51.614981253533784
>>END_MODULE
>>Per sequence GC content	warn
#GC Content	Count
0	9222.0
1	6213.5
2	2699.5
3	2148.5
4	1910.0
5	1696.5
6	1652.5
7	1626.0
8	1678.5
9	1717.5
10	1702.5
11	1752.5
12	1806.0
13	1979.0
14	2223.5
15	2405.5
16	2669.5
17	3160.0
18	3994.5
19	5281.5
20	7217.0
21	10116.0
22	13935.0
23	18939.0
24	25700.0
25	34887.5
26	45986.5
27	58052.0
28	71305.5
29	86490.0
30	102479.5
31	119102.0
32	137609.5
33	154670.5
34	170489.0
35	186598.0
36	200079.5
37	212690.0
38	226130.0
39	239090.5
40	252287.5
41	269518.0
42	286439.5
43	306137.0
44	338444.5
45	368593.0
46	394893.0
47	418567.0
48	431902.5
49	447970.0
50	470310.0
51	500814.5
52	526127.0
53	522780.0
54	503015.5
55	506687.5
56	507858.5
57	476312.5
58	442866.5
59	417013.0
60	392634.5
61	356399.5
62	307879.0
63	267056.0
64	243499.5
65	221333.0
66	189278.5
67	163159.5
68	145454.0
69	119450.0
70	93221.0
71	74707.5
72	59168.5
73	50936.0
74	50026.0
75	44701.5
76	35864.5
77	26227.0
78	18761.0
79	16444.0
80	14283.0
81	13895.5
82	12040.0
83	6885.5
84	3315.0
85	1987.5
86	1218.0
87	775.0
88	492.0
89	334.0
90	238.5
91	164.0
92	115.0
93	81.5
94	58.0
95	46.0
96	35.5
97	19.5
98	8.5
99	4.0
100	2.5
>>END_MODULE
>>Per base N content	pass
#Base	N-Count
1	0.027276300251822275
2	0.004260764098016247
3	3.346544913047808
4	0.007669375376429245
5	0.017332047348278267
6	2.319352494273533
7	0.03026995015721108
8	0.031974255796417585
9	0.031196203221997225
10-14	0.9653661382034782
15-19	0.022471640354163602
20-24	0.017051948421486936
25-29	0.01498455158088427
30-34	0.03730354542997112
35-39	0.03822387047514263
40-44	0.027305940349895426
45-49	0.020045598326875746
50-54	0.015750748116075367
55-59	0.004060693436022441
60-64	0.005455260050364455
65-69	0.001873254198223491
70-74	0.002968455822026624
75-79	0.0039050829211383694
80-84	0.0027417090717669766
85-89	0.0025253363558329343
90-94	0.010108755447850025
95-99	0.02204334093700649
100	0.01696154612236381
>>END_MODULE
>>Sequence Length Distribution	pass
#Length	Count
100	1.3495232E7
>>END_MODULE
>>Sequence Duplication Levels	warn
#Total Duplicate Percentage	45.26602015265074
#Duplication Level	Relative count
1	100.0
2	17.745409382467614
3	7.054144132813483
4	4.07731731857628
5	2.783454911331908
6	2.113727832976984
7	1.6766758898251792
8	1.3897622940510628
9	1.1602314174317696
10++	19.212206011822413
>>END_MODULE
>>Overrepresented sequences	pass
>>END_MODULE
>>Kmer Content	warn
#Sequence	Count	Obs/Exp Overall	Obs/Exp Max	Max Obs/Exp Position
TTTTT	7920205	6.675033	9.387491	2
AAAAA	6596915	5.4341397	8.07923	2
AAGAA	2778460	2.2628484	5.045581	2
CTCCT	2815240	2.190188	6.5363955	1
GAAGA	2711010	2.1829498	5.008454	2
CTCCA	2745485	2.1261783	6.392855	1
GAAAA	2526300	2.0574827	5.6267195	2
CTGGA	2549960	2.0175915	5.7674537	1
CTTTT	2318105	1.9022448	5.2114844	1
GTTTT	2239045	1.8571874	7.0689883	1
GGAAA	1979870	1.5942239	6.174023	1
CTGGG	1782645	1.3945242	5.0458355	1
>>END_MODULE
