##FastQC	0.10.1
>>Basic Statistics	pass
#Measure	Value	
Filename	F_rathbuni_NA_BW_3_R1.fastq.gz	
File type	Conventional base calls	
Encoding	Sanger / Illumina 1.9	
Total Sequences	12687300	
Filtered Sequences	0	
Sequence length	100	
%GC	49	
>>END_MODULE
>>Per base sequence quality	pass
#Base	Mean	Median	Lower Quartile	Upper Quartile	10th Percentile	90th Percentile
1	30.96781915774042	33.0	31.0	34.0	27.0	34.0
2	31.27794187888676	34.0	31.0	34.0	28.0	34.0
3	31.011149101857765	34.0	31.0	34.0	27.0	34.0
4	34.53223924712114	37.0	35.0	37.0	31.0	37.0
5	33.031543275559024	37.0	35.0	37.0	25.0	37.0
6	33.442187699510534	37.0	35.0	37.0	23.0	37.0
7	34.063798680570336	37.0	35.0	37.0	30.0	37.0
8	34.18862476649878	37.0	35.0	37.0	30.0	37.0
9	35.79259866165378	39.0	37.0	39.0	30.0	39.0
10-14	35.91664727719846	39.2	37.0	39.4	30.0	39.4
15-19	36.75444903170888	40.0	37.0	41.0	30.0	41.0
20-24	36.583251219723664	40.0	37.0	41.0	29.8	41.0
25-29	36.30103390004177	40.0	36.4	41.0	28.6	41.0
30-34	35.94604062330047	40.0	36.0	41.0	27.0	41.0
35-39	35.64422468137428	40.0	35.2	41.0	26.2	41.0
40-44	35.45529020358941	39.6	35.0	41.0	25.8	41.0
45-49	35.01972988736769	39.0	34.8	41.0	24.4	41.0
50-54	34.42404525785628	38.2	34.0	40.4	23.4	41.0
55-59	33.70603628825676	37.2	33.2	40.0	21.6	41.0
60-64	32.91016172077589	35.8	33.0	39.4	19.2	41.0
65-69	32.157149480188856	35.0	32.0	38.2	17.8	40.4
70-74	31.365974935565486	35.0	31.8	36.6	11.8	39.2
75-79	30.31559890599261	34.6	30.4	35.2	7.2	37.4
80-84	30.246499917240072	35.0	31.0	35.0	2.8	36.4
85-89	29.78865730297227	34.8	31.0	35.0	2.0	35.6
90-94	29.35582442284805	34.0	30.6	35.0	2.0	35.0
95-99	28.880707510660265	34.0	30.0	35.0	2.0	35.0
100	27.798742443230633	34.0	28.0	35.0	2.0	35.0
>>END_MODULE
>>Per sequence quality scores	pass
#Quality	Count
2	267296.0
3	96095.0
4	49742.0
5	38495.0
6	36207.0
7	36767.0
8	37786.0
9	41148.0
10	44789.0
11	47195.0
12	48601.0
13	50021.0
14	50542.0
15	50663.0
16	51314.0
17	50166.0
18	49258.0
19	48190.0
20	48006.0
21	50313.0
22	55645.0
23	64143.0
24	78072.0
25	96756.0
26	118948.0
27	146908.0
28	178433.0
29	209435.0
30	255289.0
31	312565.0
32	389405.0
33	507401.0
34	699597.0
35	1048202.0
36	1803515.0
37	2840030.0
38	2275693.0
39	414204.0
40	465.0
>>END_MODULE
>>Per base sequence content	fail
#Base	G	A	T	C
1	36.67683023927464	15.227511302172331	7.894784556330809	40.20087390222222
2	25.165220278202842	18.167507185700767	37.14214753020453	19.52512500589186
3	24.816846525333602	22.957487206214292	23.599556950830433	28.626109317621673
4	26.415792906299163	29.564790640399913	19.596331617421363	24.42308483587956
5	28.393611498687974	31.110928828796002	21.431835936765975	19.06362373575005
6	22.58190547184519	33.82668035273211	22.761925382768016	20.82948879265469
7	20.775815013608202	19.045332970805408	37.47284391958504	22.706008096001348
8	21.175741732950115	21.47852608724385	29.861193147791727	27.48453903201431
9	22.448158037031117	20.477174190840817	31.07711279325803	25.997554978870035
10-14	24.425857426813383	26.569425446015053	25.177577758044244	23.827139369127316
15-19	24.653135703948244	25.342892176264353	25.637034032819585	24.36693808696782
20-24	24.418783598668455	25.675251518749846	25.612572478011796	24.293392404569893
25-29	24.530078180008864	25.76562503128933	25.36052367056623	24.343773118135573
30-34	24.327373255120495	25.753263647635116	25.490937225951438	24.42842587129295
35-39	24.359829182535005	25.774383616214624	25.484854469810042	24.380932731440332
40-44	24.495293597499877	25.71271304907425	25.35525499655301	24.436738356872866
45-49	24.519854662083826	25.672697972057495	25.30886435929387	24.498583006564807
50-54	24.453934615736745	25.774512224652828	25.368604884960995	24.40294827464943
55-59	24.5842403230607	25.57682181971356	25.297473187575985	24.54146466964975
60-64	24.52485399765048	25.573955939960147	25.274435483882407	24.626754578506965
65-69	24.527629450441452	25.725526893305744	25.2706472287978	24.476196427455005
70-74	24.645180911313236	25.659479642652393	25.19570108752875	24.499638358505624
75-79	24.617662292883004	25.510165635585064	25.228704888025472	24.643467183506463
80-84	24.547618278527132	25.614500328764834	25.260843040089664	24.577038352618363
85-89	24.70180399826033	25.534241415064002	25.15761990782413	24.606334678851542
90-94	24.54011789009608	25.49289929510998	25.201035449701852	24.765947365092096
95-99	24.56786636498989	25.612795674945875	25.222692747799858	24.596645212264377
100	24.89694330427457	25.356518863131218	24.728530794360648	25.018007038233563
>>END_MODULE
>>Per base GC content	fail
#Base	%GC
1	76.87770414149686
2	44.6903452840947
3	53.44295584295528
4	50.838877742178724
5	47.45723523443802
6	43.41139426449988
7	43.48182310960955
8	48.660280764964426
9	48.445713015901156
10-14	48.2529967959407
15-19	49.02007379091607
20-24	48.71217600323835
25-29	48.87385129814444
30-34	48.75579912641344
35-39	48.740761913975334
40-44	48.93203195437274
45-49	49.01843766864863
50-54	48.856882890386174
55-59	49.12570499271045
60-64	49.15160857615744
65-69	49.00382587789645
70-74	49.14481926981885
75-79	49.26112947638946
80-84	49.1246566311455
85-89	49.30813867711187
90-94	49.30606525518817
95-99	49.16451157725427
100	49.914950342508135
>>END_MODULE
>>Per sequence GC content	warn
#GC Content	Count
0	405.0
1	409.0
2	424.5
3	452.5
4	458.0
5	458.5
6	486.0
7	574.0
8	687.0
9	753.0
10	840.0
11	946.0
12	1062.5
13	1264.0
14	1460.0
15	1701.0
16	2107.5
17	2679.5
18	3416.0
19	4589.0
20	6522.5
21	9240.5
22	12934.5
23	18165.5
24	25009.5
25	34041.0
26	46068.0
27	59191.0
28	71977.5
29	86152.5
30	102400.5
31	120947.0
32	139990.0
33	157985.0
34	175103.0
35	191601.0
36	207768.0
37	221311.5
38	234561.0
39	248935.0
40	261589.5
41	277766.5
42	297020.0
43	315840.5
44	338392.5
45	362881.5
46	387356.0
47	412234.5
48	435858.0
49	460542.0
50	484237.0
51	508706.0
52	534624.5
53	544757.5
54	539011.0
55	523105.0
56	502887.5
57	482100.0
58	446888.0
59	397154.5
60	347379.5
61	298213.0
62	252533.5
63	215102.5
64	180510.5
65	148188.0
66	119759.0
67	97239.5
68	79059.0
69	61726.0
70	45483.5
71	33027.0
72	23853.5
73	18636.0
74	15465.0
75	11859.5
76	8527.5
77	5941.0
78	4153.5
79	2821.0
80	2183.5
81	1873.0
82	1554.0
83	1242.0
84	950.5
85	673.5
86	435.0
87	282.0
88	218.0
89	175.5
90	122.0
91	85.5
92	69.5
93	48.5
94	32.0
95	22.0
96	12.5
97	6.5
98	4.0
99	3.0
100	2.0
>>END_MODULE
>>Per base N content	pass
#Base	N-Count
1	0.016772678190001025
2	0.0023488054984117978
3	0.0052966352178950606
4	0.007456275172810605
5	3.52662899119592
6	0.037943455266289915
7	0.047117984125858145
8	0.05247767452491862
9	0.0474411419293309
10-14	0.051810865984094324
15-19	0.030707873227558267
20-24	0.026130067074948964
25-29	0.0257312430540777
30-34	0.050297541636124314
35-39	0.04745375296556399
40-44	0.03875371434426553
45-49	0.029596525659517786
50-54	0.015305068848375935
55-59	0.0050759420838161
60-64	0.004891505678907254
65-69	9.489804765395317E-4
70-74	0.0033592647765876113
75-79	0.004394946127229592
80-84	0.0057080702749994095
85-89	0.00230309049206687
90-94	0.009294333703782524
95-99	0.018040087331425914
100	0.004681847201532241
>>END_MODULE
>>Sequence Length Distribution	pass
#Length	Count
100	1.26873E7
>>END_MODULE
>>Sequence Duplication Levels	warn
#Total Duplicate Percentage	47.610351061321296
#Duplication Level	Relative count
1	100.0
2	23.90832391979667
3	9.585039536853996
4	5.5378071166337195
5	3.6977548715052246
6	2.851419090652358
7	2.371328720700367
8	1.8921208698107879
9	1.6864939282688507
10++	24.973524428127647
>>END_MODULE
>>Overrepresented sequences	pass
>>END_MODULE
>>Kmer Content	warn
#Sequence	Count	Obs/Exp Overall	Obs/Exp Max	Max Obs/Exp Position
AAAAA	5887835	4.504572	6.5208707	2
TTTTT	5707945	4.4893966	7.1161613	2
CTCCT	2981585	2.5776944	7.1368337	1
CTCCA	2835530	2.4379032	6.6987066	1
TCCAG	2779525	2.3852959	5.1291666	7
CTGGA	2743050	2.349605	6.8132644	1
CTCTG	2718860	2.346176	5.231233	1
GAAGA	2749575	2.2569947	5.6096497	2
CTTCA	2600395	2.1663542	5.225744	1
GGAGA	2462080	2.0933928	5.395917	1
GAAAA	2443855	1.9366754	5.417637	2
GTTTT	2213005	1.7929664	7.474369	1
CTCAG	2061225	1.7688746	5.2859035	1
GGAAG	1967900	1.6732146	5.2819185	1
GGAAA	1940435	1.5928105	6.2882867	1
CTGGG	1713035	1.5198858	5.254867	1
GTTTG	1681265	1.4031606	5.255458	1
GGGAG	1568240	1.3811622	5.0258965	1
>>END_MODULE
