##FastQC	0.10.1
>>Basic Statistics	pass
#Measure	Value	
Filename	F_rathbuni_NA_FW_2_R2.fastq.gz	
File type	Conventional base calls	
Encoding	Sanger / Illumina 1.9	
Total Sequences	52821614	
Filtered Sequences	0	
Sequence length	100	
%GC	48	
>>END_MODULE
>>Per base sequence quality	pass
#Base	Mean	Median	Lower Quartile	Upper Quartile	10th Percentile	90th Percentile
1	29.304538138497623	31.0	30.0	34.0	23.0	34.0
2	29.325905963418688	31.0	30.0	34.0	22.0	34.0
3	29.364457606312445	31.0	30.0	34.0	22.0	34.0
4	32.643794375537254	37.0	35.0	37.0	24.0	37.0
5	32.5747559512286	37.0	35.0	37.0	23.0	37.0
6	32.46495226366994	37.0	33.0	37.0	22.0	37.0
7	32.50687012327946	37.0	35.0	37.0	23.0	37.0
8	32.453013779548655	37.0	35.0	37.0	22.0	37.0
9	33.810809624257224	39.0	35.0	39.0	22.0	39.0
10-14	33.86750533597857	38.2	34.0	39.4	18.8	39.4
15-19	34.54550340699548	39.0	34.0	41.0	17.4	41.0
20-24	34.243354915281465	39.0	34.0	41.0	16.4	41.0
25-29	33.99453344988663	39.0	34.0	41.0	11.8	41.0
30-34	33.66702351048948	39.0	33.0	41.0	8.8	41.0
35-39	33.249016889184794	38.0	33.0	40.2	6.2	41.0
40-44	32.79259433458432	38.0	32.0	40.0	2.0	41.0
45-49	32.32976133595615	38.0	31.6	40.0	2.0	41.0
50-54	31.617369711572998	37.0	30.8	39.6	2.0	40.6
55-59	31.584789378075424	36.4	31.0	40.0	2.0	41.0
60-64	30.81421176566093	35.2	30.0	39.0	2.0	41.0
65-69	30.05451091668649	35.0	29.2	37.8	2.0	40.2
70-74	29.299818188062183	35.0	29.0	36.4	2.0	39.2
75-79	28.56061886333121	34.0	28.8	35.4	2.0	37.6
80-84	27.885085722674056	34.0	27.4	35.0	2.0	36.4
85-89	27.332092082608455	34.0	26.6	35.0	2.0	35.6
90-94	26.81499826188575	34.0	25.4	35.0	2.0	35.0
95-99	26.184522362379916	33.8	24.2	35.0	2.0	35.0
100	24.941871087089464	32.0	18.0	35.0	2.0	35.0
>>END_MODULE
>>Per sequence quality scores	pass
#Quality	Count
2	3169147.0
3	431791.0
4	283365.0
5	224180.0
6	211322.0
7	216296.0
8	229359.0
9	248491.0
10	266965.0
11	272501.0
12	262254.0
13	257940.0
14	258724.0
15	263902.0
16	265517.0
17	261342.0
18	260846.0
19	264053.0
20	269885.0
21	287072.0
22	317656.0
23	368668.0
24	439873.0
25	526717.0
26	623489.0
27	733530.0
28	864091.0
29	1017861.0
30	1208125.0
31	1457952.0
32	1808742.0
33	2313727.0
34	3094984.0
35	4420993.0
36	6922252.0
37	9673133.0
38	7422518.0
39	1400781.0
40	1570.0
>>END_MODULE
>>Per base sequence content	fail
#Base	G	A	T	C
1	36.044226324854044	14.085128047712042	7.654390270452495	42.21625535698142
2	24.384412283686295	17.585017183216397	39.15873532118347	18.871835211913833
3	25.390922085619653	22.80263207816807	23.695321838245054	28.111123997967226
4	27.17729409596648	29.29464823408191	19.940520044163982	23.58753762578763
5	28.91947591465399	30.605183816507093	21.962681861165482	18.51265840767344
6	22.3526541484219	33.90109720984279	23.349133859714474	20.397114782020832
7	20.739131635522266	19.34918900882316	37.55794126804818	22.353738087606388
8	20.75574001425267	21.624900977089187	30.62405386656944	26.995305142088704
9	21.710277267204916	20.503419032287248	32.247476320305054	25.538827380202783
10-14	24.23464900534614	26.581543616000374	25.6315213539908	23.552286024662685
15-19	24.375592964355373	25.359386100324556	26.172140101813035	24.092880833507035
20-24	24.22116972969228	25.917626866121036	26.005674498101488	23.855528906085198
25-29	24.314641069631104	25.993207996417272	25.724616986811416	23.96753394714021
30-34	24.14883629400725	25.947715923482512	25.878315684746024	24.025132097764214
35-39	24.174315019370045	25.913828069840193	25.8698185534177	24.042038357372054
40-44	24.334604773726376	25.890431955526704	25.738384541534714	24.036578729212206
45-49	24.351380310121424	25.850942922788928	25.659456140739227	24.13822062635042
50-54	24.20343437138868	25.99507890921422	25.76270869586911	24.038778023527986
55-59	24.428309810959817	25.757498569554027	25.650943821488077	24.163247797998082
60-64	24.318383271894824	25.78963710387121	25.612560956682767	24.2794186675512
65-69	24.302695466418367	25.84145747851802	25.73905290645723	24.11679414860638
70-74	24.47092040615018	25.883931395759085	25.558523756213425	24.086624441877312
75-79	24.44680464379168	25.721951125155606	25.590166065922237	24.24107816513048
80-84	24.399156632610584	25.82959365952528	25.588330648797232	24.182919059066908
85-89	24.564521588775563	25.74348954117569	25.48926550070411	24.20272336934464
90-94	24.467616027182398	25.695571393212568	25.493856906263808	24.342955673341226
95-99	24.485987434101116	25.7903252798713	25.548894431991453	24.174792854036127
100	24.994153629191874	25.424641289176535	24.962418488290595	24.618786593340996
>>END_MODULE
>>Per base GC content	fail
#Base	%GC
1	78.26048168183546
2	43.25624749560013
3	53.502046083586876
4	50.76483172175411
5	47.43213432232743
6	42.749768930442734
7	43.09286972312866
8	47.75104515634137
9	47.249104647407705
10-14	47.78693503000883
15-19	48.46847379786241
20-24	48.076698635777475
25-29	48.28217501677132
30-34	48.17396839177147
35-39	48.2163533767421
40-44	48.37118350293858
45-49	48.489600936471845
50-54	48.24221239491667
55-59	48.5915576089579
60-64	48.59780193944602
65-69	48.41948961502475
70-74	48.5575448480275
75-79	48.68788280892216
80-84	48.58207569167749
85-89	48.7672449581202
90-94	48.810571700523624
95-99	48.66078028813724
100	49.61294022253287
>>END_MODULE
>>Per sequence GC content	warn
#GC Content	Count
0	20430.0
1	14360.0
2	7978.0
3	7291.5
4	6289.5
5	5301.0
6	4950.5
7	4958.0
8	4971.5
9	5098.5
10	5426.5
11	5761.0
12	6099.0
13	6674.0
14	7435.5
15	8604.5
16	10298.5
17	12774.5
18	16546.5
19	22148.5
20	30872.0
21	43308.0
22	61504.0
23	86518.5
24	118915.5
25	162756.0
26	220157.5
27	281217.0
28	339749.5
29	408885.5
30	485371.5
31	568755.0
32	660007.0
33	741236.0
34	813104.0
35	888687.5
36	959277.5
37	1017525.0
38	1073445.0
39	1127551.0
40	1172540.0
41	1233118.5
42	1301625.5
43	1357377.0
44	1437013.0
45	1526513.0
46	1609183.0
47	1691363.0
48	1760677.5
49	1831394.0
50	1915465.5
51	2007103.0
52	2097964.0
53	2140386.0
54	2110421.0
55	2040638.5
56	1962001.5
57	1881013.5
58	1754274.5
59	1573385.5
60	1392241.5
61	1208059.0
62	1030639.5
63	880197.0
64	739523.0
65	610398.5
66	496512.5
67	403955.0
68	330566.0
69	260291.0
70	193323.0
71	142133.5
72	104127.5
73	81210.0
74	67778.5
75	55157.0
76	42424.5
77	31093.0
78	21982.5
79	14704.5
80	11003.0
81	9121.5
82	7686.0
83	6315.0
84	4629.5
85	3276.0
86	2275.0
87	1502.0
88	1134.0
89	934.0
90	653.0
91	392.0
92	301.5
93	241.0
94	145.5
95	74.5
96	48.0
97	27.5
98	24.0
99	17.5
100	9.5
>>END_MODULE
>>Per base N content	pass
#Base	N-Count
1	0.0505910326784032
2	0.06062101775231632
3	0.054532600991707675
4	0.05370339497766956
5	0.05257317582154911
6	0.055032396397429274
7	0.05313733881740153
8	0.04636170337392568
9	0.059138670014892016
10-14	0.04381918356375858
15-19	0.04895798905349617
20-24	0.05156146875784599
25-29	0.03249806035839798
30-34	0.048900815488144685
35-39	0.043606013250560655
40-44	0.09450184539987741
45-49	0.07317004739764295
50-54	0.06753788326119683
55-59	0.08730327702595381
60-64	0.08518671920929943
65-69	0.07828878534457505
70-74	0.07060935320908596
75-79	0.07182097843507773
80-84	0.08805486329895183
85-89	0.08239278716473905
90-94	0.059547972161547356
95-99	0.07470578237158751
100	0.077632993191007
>>END_MODULE
>>Sequence Length Distribution	pass
#Length	Count
100	5.2821614E7
>>END_MODULE
>>Sequence Duplication Levels	fail
#Total Duplicate Percentage	69.00351437252348
#Duplication Level	Relative count
1	100.0
2	48.62980696841027
3	29.096274881802028
4	17.071701749631103
5	11.38163640196344
6	7.927545397054838
7	6.183937121691209
8	4.949257686632336
9	3.9163429397416207
10++	71.98482247718854
>>END_MODULE
>>Overrepresented sequences	pass
>>END_MODULE
>>Kmer Content	warn
#Sequence	Count	Obs/Exp Overall	Obs/Exp Max	Max Obs/Exp Position
TTTTT	29818045	5.2043476	8.277875	2
AAAAA	24712145	4.412921	6.342805	2
CTCCT	11779960	2.4792192	7.689442	1
CTCCA	11033825	2.3328292	7.340958	1
CTGGA	10900370	2.2574623	7.7410583	1
CTTCT	11407175	2.2555609	5.0940204	1
CTCTG	10783700	2.2462091	5.811714	1
GAAGA	11084690	2.176605	5.4730196	2
CTTCA	10450310	2.0758278	5.6956944	1
GGAGA	9722390	2.001932	5.037801	1
GAAAA	10451755	1.9571544	5.1286507	2
CTTTT	10048185	1.8666778	6.034827	1
GTTTT	9913645	1.8227468	7.648941	1
CTGAA	9146875	1.8064746	5.524589	1
CTCAG	8136160	1.7025018	6.4095197	1
CTTTG	8690305	1.7006803	5.5366573	1
GGAAG	8127895	1.6736102	5.1633925	1
GGAAA	8332040	1.6360908	6.205794	1
CTGGG	7254980	1.5755627	6.3031526	1
GTTTG	7100260	1.375223	5.078379	1
>>END_MODULE
