##FastQC	0.10.1
>>Basic Statistics	pass
#Measure	Value	
Filename	F_heteroclitus_MDPP_transfer_2_R1.fastq.gz	
File type	Conventional base calls	
Encoding	Sanger / Illumina 1.9	
Total Sequences	14218511	
Filtered Sequences	0	
Sequence length	100	
%GC	49	
>>END_MODULE
>>Per base sequence quality	pass
#Base	Mean	Median	Lower Quartile	Upper Quartile	10th Percentile	90th Percentile
1	30.363246123310663	31.0	30.0	34.0	26.0	34.0
2	30.6435283553953	31.0	30.0	34.0	27.0	34.0
3	29.168219091295846	31.0	30.0	34.0	16.0	34.0
4	32.894194335820394	37.0	33.0	37.0	19.0	37.0
5	33.655333318657625	37.0	35.0	37.0	28.0	37.0
6	30.97323411713083	37.0	32.0	37.0	10.0	37.0
7	31.841771687626082	37.0	32.0	37.0	17.0	37.0
8	33.04641554942005	37.0	33.0	37.0	27.0	37.0
9	34.790003397683485	39.0	35.0	39.0	28.0	39.0
10-14	34.411845501965715	39.0	34.2	39.4	21.6	39.4
15-19	35.62989303169649	40.0	35.4	41.0	27.0	41.0
20-24	35.61819196116949	40.0	35.2	41.0	26.8	41.0
25-29	35.27333053369652	39.6	34.8	41.0	25.2	41.0
30-34	34.86568360076522	39.0	34.0	41.0	23.6	41.0
35-39	34.56203589813307	39.0	33.8	41.0	22.8	41.0
40-44	34.30457606988523	39.0	33.0	41.0	21.2	41.0
45-49	33.88350972897232	38.2	33.0	40.4	19.0	41.0
50-54	33.21377546495551	37.4	32.4	40.0	14.0	41.0
55-59	32.52696859748535	36.4	31.8	40.0	8.6	41.0
60-64	31.712759036442	35.0	31.0	39.0	3.8	40.8
65-69	30.986738920833556	35.0	30.8	37.4	2.0	40.0
70-74	30.19415471845118	35.0	30.0	36.2	2.0	39.0
75-79	29.147870406401903	34.0	29.0	35.0	2.0	37.2
80-84	29.05434982608235	34.0	29.2	35.0	2.0	36.2
85-89	28.58637152652623	34.0	29.0	35.0	2.0	35.4
90-94	28.173791320342893	34.0	29.0	35.0	2.0	35.0
95-99	27.62482876019859	34.0	28.2	35.0	2.0	35.0
100	26.593478599833695	33.0	25.0	35.0	2.0	35.0
>>END_MODULE
>>Per sequence quality scores	pass
#Quality	Count
2	413118.0
3	138720.0
4	71928.0
5	51862.0
6	51189.0
7	53192.0
8	55306.0
9	59842.0
10	64371.0
11	67656.0
12	70042.0
13	71608.0
14	72563.0
15	73379.0
16	72388.0
17	70932.0
18	68661.0
19	66842.0
20	66047.0
21	67414.0
22	73176.0
23	85011.0
24	104303.0
25	130983.0
26	170088.0
27	229885.0
28	289392.0
29	297452.0
30	355331.0
31	414662.0
32	478096.0
33	623955.0
34	859885.0
35	1249627.0
36	1989735.0
37	2755889.0
38	2013125.0
39	370313.0
40	543.0
>>END_MODULE
>>Per base sequence content	fail
#Base	G	A	T	C
1	36.52506510863234	15.829739598535872	7.261725691997528	40.38346960083426
2	24.307998530024598	18.116708310108542	38.92104508920957	18.654248070657285
3	24.396845042334338	23.205637872320576	23.36229241014158	29.03522467520351
4	26.566926568523204	28.987140984389708	19.6713707088024	24.774561738284685
5	28.512912521021903	30.017844526398335	21.99547499726367	19.47376795531609
6	22.12715320091848	34.95912661281998	22.56828756662877	20.34543261963277
7	21.1204286899195	19.278917891416285	36.87597216076294	22.72468125790128
8	21.020210387833316	21.54797043102948	30.153905682511713	27.277913498625495
9	22.416503333957117	20.477749934221357	31.332970788654276	25.772775943167254
10-14	24.443279012905535	26.555877742206306	25.24723072085113	23.753612524037027
15-19	24.669875597365838	25.377916483621615	25.65732629830675	24.294881620705798
20-24	24.46838425509644	25.686841180671088	25.58796684363533	24.25680772059714
25-29	24.527465996735167	25.692533943615665	25.432751943339138	24.347248116310034
30-34	24.375322873892525	25.72607252668766	25.449117734006805	24.44948686541301
35-39	24.351190167624733	25.774930401438525	25.512298940068828	24.36158049086791
40-44	24.49573493184468	25.697357834625844	25.38727312982299	24.419634103706485
45-49	24.490945453359583	25.643030227161155	25.35282626093852	24.51319805854074
50-54	24.42814647302624	25.73170891776528	25.416582978176898	24.423561631031586
55-59	24.53755844452817	25.555690033674672	25.305462264877104	24.601289256920055
60-64	24.508415570496265	25.547760724404263	25.290390720866146	24.65343298423333
65-69	24.443072936695206	25.713617197364304	25.307200184056367	24.53610968188413
70-74	24.651112831423152	25.580867655635714	25.256272775383003	24.511746737558127
75-79	24.539066391980775	25.478789222374527	25.301698832960085	24.680445552684613
80-84	24.518379294804653	25.590057156171365	25.356121492825356	24.53544205619863
85-89	24.619448288479273	25.56420521416686	25.215108756821763	24.6012377405321
90-94	24.44944327605489	25.541560515154288	25.200527533744577	24.808468675046246
95-99	24.4544100350685	25.66983469387244	25.256899296713776	24.618855974345287
100	24.86999345456515	25.362212968964933	24.77182248330492	24.995971093164997
>>END_MODULE
>>Per base GC content	fail
#Base	%GC
1	76.90853470946661
2	42.96224660068189
3	53.43206971753784
4	51.34148830680789
5	47.986680476337995
6	42.47258582055126
7	43.845109947820774
8	48.29812388645881
9	48.18927927712437
10-14	48.19689153694256
15-19	48.96475721807164
20-24	48.725191975693576
25-29	48.8747141130452
30-34	48.824809739305536
35-39	48.712770658492644
40-44	48.915369035551166
45-49	49.00414351190033
50-54	48.85170810405782
55-59	49.13884770144822
60-64	49.161848554729595
65-69	48.97918261857934
70-74	49.162859568981276
75-79	49.21951194466539
80-84	49.053821351003286
85-89	49.220686029011375
90-94	49.25791195110114
95-99	49.073266009413786
100	49.865964547730144
>>END_MODULE
>>Per sequence GC content	warn
#GC Content	Count
0	566.0
1	611.5
2	689.0
3	719.5
4	715.0
5	703.0
6	740.5
7	823.0
8	904.5
9	1048.5
10	1179.5
11	1315.0
12	1498.5
13	1721.0
14	2009.0
15	2394.5
16	2983.0
17	3781.5
18	4967.0
19	6694.0
20	9164.0
21	12950.0
22	18212.0
23	24550.0
24	32922.0
25	43746.0
26	56320.0
27	72317.0
28	91528.0
29	111044.0
30	130505.0
31	149586.5
32	167109.5
33	184676.0
34	204391.5
35	224947.5
36	242733.5
37	254947.5
38	268044.5
39	285512.5
40	297734.5
41	308367.5
42	324482.0
43	345285.0
44	371035.5
45	393542.5
46	417754.5
47	449302.5
48	475161.5
49	496571.5
50	520247.0
51	541966.5
52	558240.5
53	569346.5
54	571456.5
55	567250.5
56	550442.5
57	523132.0
58	493844.5
59	450837.5
60	399871.0
61	349951.0
62	301232.5
63	255627.5
64	211407.0
65	174512.5
66	144490.5
67	118587.0
68	97799.0
69	79578.0
70	61375.5
71	43810.5
72	31769.0
73	24784.5
74	19603.5
75	14816.5
76	11076.5
77	8026.5
78	5568.5
79	3630.5
80	2967.5
81	2577.0
82	2219.0
83	1905.5
84	1356.0
85	909.5
86	610.5
87	408.0
88	295.0
89	224.0
90	171.0
91	123.5
92	92.0
93	63.0
94	36.5
95	21.5
96	14.0
97	7.0
98	2.5
99	1.0
100	0.5
>>END_MODULE
>>Per base N content	pass
#Base	N-Count
1	0.02946862720013368
2	0.004121387956868339
3	3.5105715359364984
4	0.0076871621789370214
5	0.016787974493250382
6	2.5042565990208114
7	0.02842069749779003
8	0.030143803384194028
9	0.02933499858037174
10-14	0.9899067490259703
15-19	0.02093046170587061
20-24	0.016064973329485765
25-29	0.014436110785440192
30-34	0.03618100376333359
35-39	0.03717829525187272
40-44	0.02591973238266651
45-49	0.018619389892514063
50-54	0.014766665792219734
55-59	0.004111541637517459
60-64	0.005416882260034121
65-69	0.0018131293776120438
70-74	0.002944049485913117
75-79	0.004036990933860796
80-84	0.0029102906767101
85-89	0.002655692990637346
90-94	0.009923683288636903
95-99	0.021230071137547383
100	0.017554580785568895
>>END_MODULE
>>Sequence Length Distribution	pass
#Length	Count
100	1.4218511E7
>>END_MODULE
>>Sequence Duplication Levels	warn
#Total Duplicate Percentage	44.80157777079831
#Duplication Level	Relative count
1	100.0
2	20.517283217163563
3	8.500615016442277
4	4.887498012701972
5	3.3235990594850597
6	2.499393351128367
7	2.014074253821888
8	1.6986168405726765
9	1.4367118794400422
10++	22.473621233547263
>>END_MODULE
>>Overrepresented sequences	pass
>>END_MODULE
>>Kmer Content	warn
#Sequence	Count	Obs/Exp Overall	Obs/Exp Max	Max Obs/Exp Position
TTTTT	7493715	5.2182083	7.986212	2
AAAAA	7270325	4.9956074	6.9952536	2
CTCCT	3252725	2.5066173	7.2300224	1
CTCCA	3087935	2.3732903	6.6364517	1
CTGGA	2956590	2.2696147	6.5798264	1
GAAGA	3068545	2.2651944	5.7168207	2
CTCTG	2935555	2.2608411	5.5659037	1
CTTCA	2866745	2.1300983	5.0869474	1
GGAGA	2682540	2.0525248	5.044285	1
GAAAA	2723870	1.939948	5.074972	2
CTTTT	2560970	1.8445946	5.3298583	1
GTTTT	2538580	1.8273699	7.81835	1
GGAAG	2242420	1.7157705	5.33869	1
CTCAG	2213955	1.700555	5.49669	1
GGAAA	2106815	1.5552471	5.8989844	1
CTGGG	1876280	1.4928905	5.340467	1
GTTTG	1854500	1.379983	5.0089154	1
>>END_MODULE
