##FastQC	0.10.1
>>Basic Statistics	pass
#Measure	Value	
Filename	F_heteroclitus_MDPL_BW_3_R1.fastq.gz	
File type	Conventional base calls	
Encoding	Sanger / Illumina 1.9	
Total Sequences	3650639	
Filtered Sequences	0	
Sequence length	100	
%GC	51	
>>END_MODULE
>>Per base sequence quality	pass
#Base	Mean	Median	Lower Quartile	Upper Quartile	10th Percentile	90th Percentile
1	30.90943311568194	33.0	31.0	34.0	27.0	34.0
2	31.204007846297593	34.0	31.0	34.0	27.0	34.0
3	30.952816479525914	34.0	31.0	34.0	27.0	34.0
4	34.46420914256381	37.0	35.0	37.0	30.0	37.0
5	32.962055957874774	37.0	35.0	37.0	25.0	37.0
6	33.35898455037597	37.0	35.0	37.0	22.0	37.0
7	33.972293343713254	37.0	35.0	37.0	30.0	37.0
8	34.09316642921965	37.0	35.0	37.0	30.0	37.0
9	35.678056636112196	39.0	37.0	39.0	30.0	39.0
10-14	35.803982206950614	39.2	36.6	39.4	30.0	39.4
15-19	36.59966499015652	40.0	37.0	41.0	30.0	41.0
20-24	36.376557309555935	40.0	36.6	41.0	28.8	41.0
25-29	36.02383752543047	40.0	36.0	41.0	27.4	41.0
30-34	35.57686350252654	39.8	35.2	41.0	26.0	41.0
35-39	35.158559528893434	39.0	35.0	41.0	24.8	41.0
40-44	34.85983390852944	39.0	34.6	41.0	23.8	41.0
45-49	34.30375208285454	38.2	33.8	40.6	22.6	41.0
50-54	33.61503183415287	37.2	33.0	40.0	20.4	41.0
55-59	32.837339545213865	35.8	32.6	39.6	17.4	41.0
60-64	32.02076584400704	35.0	32.0	38.8	13.0	40.6
65-69	31.29349793282765	35.0	31.0	37.2	7.6	39.8
70-74	30.558482008218288	35.0	31.0	35.8	2.8	38.8
75-79	29.576384408318653	34.0	29.6	35.0	2.0	36.8
80-84	29.565373952340945	34.6	30.0	35.0	2.0	36.0
85-89	29.117754672538148	34.0	30.0	35.0	2.0	35.2
90-94	28.650315848814415	34.0	29.4	35.0	2.0	35.0
95-99	28.126633830406128	34.0	29.0	35.0	2.0	35.0
100	26.957657549815252	33.0	25.0	35.0	2.0	35.0
>>END_MODULE
>>Per sequence quality scores	pass
#Quality	Count
2	83571.0
3	28325.0
4	15191.0
5	12248.0
6	12068.0
7	12170.0
8	12734.0
9	13775.0
10	14872.0
11	15486.0
12	15608.0
13	15958.0
14	16210.0
15	16366.0
16	16348.0
17	15992.0
18	15979.0
19	15742.0
20	16012.0
21	16577.0
22	18662.0
23	21463.0
24	25345.0
25	31579.0
26	38322.0
27	47020.0
28	57001.0
29	67516.0
30	81798.0
31	98751.0
32	123998.0
33	162306.0
34	228172.0
35	344756.0
36	560215.0
37	762906.0
38	511746.0
39	87731.0
40	120.0
>>END_MODULE
>>Per base sequence content	fail
#Base	G	A	T	C
1	37.782822537693235	11.917122010130434	10.797064760689887	39.502990691486445
2	28.34704445669217	20.15480347694219	26.11834774023959	25.37980432612604
3	29.00937633202099	24.970633902283215	19.61367693128662	26.406312834409178
4	31.053861166113478	31.114403339078905	16.849434629246307	20.98230086556131
5	29.393766891018597	31.883766499013454	19.48194532266852	19.24052128729943
6	22.539732822680776	34.63681088417776	22.258546903734995	20.564909389406463
7	22.107285132655278	18.2502406233625	36.182080082086	23.46039416189622
8	23.258819847143297	20.35223477421487	28.254645695965024	28.134299682676804
9	22.825775962430196	19.167044864079138	30.625686510520467	27.381492662970196
10-14	25.44752132254599	25.577923216908943	23.86736718630095	25.10718827424412
15-19	25.432603186158538	24.622927544151946	24.819890928943135	25.124578340746385
20-24	25.258344131579353	24.956190521282657	24.687174182585654	25.09829116455234
25-29	25.290607525537943	24.932951057135	24.557079130438737	25.21936228688832
30-34	25.113429768917676	24.967419225551044	24.685368601254293	25.233782404276983
35-39	25.259981674436055	24.904432628010507	24.499136970846873	25.336448726706557
40-44	25.520323720809714	24.726630517557922	24.397294259105223	25.355751502527145
45-49	25.406290874871022	24.734767503569206	24.433125066720503	25.425816554839265
50-54	25.49227693554957	24.83438991303094	24.348345718268718	25.324987433150774
55-59	25.77310595690399	24.33626371928561	24.24899260734952	25.641637716460874
60-64	25.703143820353624	24.50686478840228	24.30361969340162	25.486371697842475
65-69	25.65260038128414	24.58952896320802	24.232344899653505	25.525525755854332
70-74	25.928151881341194	24.592402097884857	24.042953715812537	25.436492304961412
75-79	25.8128811726639	24.4035534851297	24.303254296930195	25.480311045276206
80-84	25.68322168904346	24.449159866788406	24.23810545214773	25.6295129920204
85-89	25.782384929857262	24.57106259977932	24.02785767428304	25.618694796080376
90-94	25.68715437639681	24.469474446659795	24.2300137578261	25.613357419117293
95-99	25.484539869521782	24.531720455236492	24.156700105857865	25.827039569383857
100	25.812858188902677	24.03227189388363	23.85604863794736	26.29882127926633
>>END_MODULE
>>Per base GC content	fail
#Base	%GC
1	77.28581322917968
2	53.726848782818216
3	55.41568916643017
4	52.03616203167479
5	48.63428817831802
6	43.10464221208724
7	45.567679294551496
8	51.39311952982011
9	50.20726862540039
10-14	50.554709596790104
15-19	50.55718152690493
20-24	50.35663529613169
25-29	50.509969812426256
30-34	50.34721217319466
35-39	50.59643040114261
40-44	50.876075223336855
45-49	50.83210742971029
50-54	50.81726436870034
55-59	51.41474367336487
60-64	51.189515518196096
65-69	51.17812613713848
70-74	51.36464418630261
75-79	51.29319221794011
80-84	51.312734681063866
85-89	51.401079725937635
90-94	51.300511795514105
95-99	51.31157943890564
100	52.111679468169
>>END_MODULE
>>Per sequence GC content	warn
#GC Content	Count
0	608.0
1	419.0
2	205.5
3	180.0
4	175.5
5	181.0
6	202.0
7	227.5
8	226.5
9	225.5
10	257.0
11	289.0
12	307.5
13	348.5
14	432.0
15	517.0
16	622.0
17	783.5
18	1039.0
19	1379.5
20	1890.5
21	2663.0
22	3689.5
23	4975.0
24	6656.0
25	9002.0
26	11960.0
27	15198.5
28	18789.0
29	22663.0
30	26913.0
31	31327.5
32	35579.0
33	40053.5
34	43879.0
35	47692.5
36	51512.0
37	55355.5
38	59120.0
39	61438.0
40	63379.0
41	65967.0
42	69984.0
43	77191.5
44	87130.0
45	94080.0
46	102039.0
47	109727.5
48	114140.5
49	118700.5
50	123589.5
51	132021.5
52	137904.0
53	139042.5
54	138537.5
55	140641.0
56	141932.5
57	136369.0
58	129362.5
59	120126.0
60	108857.0
61	98753.0
62	87008.5
63	75910.5
64	65683.5
65	56894.5
66	50701.5
67	44638.0
68	41955.5
69	37094.5
70	29039.5
71	21769.5
72	15766.0
73	13603.0
74	13294.5
75	13877.5
76	12635.5
77	10647.0
78	8056.0
79	5028.0
80	5277.0
81	5828.0
82	6872.5
83	7442.0
84	5352.5
85	3028.5
86	1596.5
87	923.0
88	690.0
89	578.5
90	428.5
91	301.5
92	230.0
93	158.5
94	85.0
95	39.5
96	24.5
97	15.5
98	7.0
99	3.0
100	1.0
>>END_MODULE
>>Per base N content	pass
#Base	N-Count
1	0.017722924671543804
2	0.0020544348537338258
3	0.004684111466513123
4	0.007971207232487244
5	3.568608125865088
6	0.03977385876828687
7	0.04884076458943215
8	0.054593182179886866
9	0.04796420571850572
10-14	0.05256613979086949
15-19	0.030904178693100033
20-24	0.026630954197333672
25-29	0.02716236801283282
30-34	0.05098833382320191
35-39	0.04786011435258321
40-44	0.03890825688324701
45-49	0.02975369517500909
50-54	0.015323344762382696
55-59	0.004810116804208797
60-64	0.004645762015910091
65-69	7.724675050039186E-4
70-74	0.002876208795227356
75-79	0.004404708326405322
80-84	0.005642847731588908
85-89	0.002273574571465434
90-94	0.009669540044907207
95-99	0.01781605905157974
100	0.004273224495766358
>>END_MODULE
>>Sequence Length Distribution	pass
#Length	Count
100	3650639.0
>>END_MODULE
>>Sequence Duplication Levels	warn
#Total Duplicate Percentage	40.190705919492316
#Duplication Level	Relative count
1	100.0
2	13.668475686502727
3	4.70300044661587
4	2.6580411157276456
5	1.7458620362976898
6	1.3499979699278648
7	1.000825562668327
8	0.8593972039139791
9	0.6584200625262218
10++	8.694122264477798
>>END_MODULE
>>Overrepresented sequences	pass
>>END_MODULE
>>Kmer Content	warn
#Sequence	Count	Obs/Exp Overall	Obs/Exp Max	Max Obs/Exp Position
TTTTT	1705560	5.812845	7.7021084	2
AAAAA	1679460	5.3337927	10.149671	2
AAGAA	728640	2.2143908	5.4820046	2
GAAGA	725705	2.1104555	5.169259	2
GAAAA	681695	2.0717213	7.01141	1
AGAAA	654580	1.9893169	5.4034963	2
AAAAT	605190	1.9493476	5.983524	3
CTGGA	662500	1.888954	5.1630335	1
AAAAG	616845	1.8746375	5.289144	3
GTTTT	576325	1.8532455	6.207835	1
GGAGA	662575	1.8438513	5.213379	2
GGAAA	533685	1.5520332	7.0777526	1
GGGAG	520760	1.3867662	5.6317215	1
GGGAA	481085	1.3387907	5.45808	1
>>END_MODULE
