##FastQC	0.10.1
>>Basic Statistics	pass
#Measure	Value	
Filename	A_xenica_NA_BW_2_R2.fastq.gz	
File type	Conventional base calls	
Encoding	Sanger / Illumina 1.9	
Total Sequences	14459574	
Filtered Sequences	0	
Sequence length	100	
%GC	48	
>>END_MODULE
>>Per base sequence quality	pass
#Base	Mean	Median	Lower Quartile	Upper Quartile	10th Percentile	90th Percentile
1	29.57800527180123	31.0	30.0	34.0	25.0	34.0
2	29.602231158400656	31.0	30.0	34.0	24.0	34.0
3	29.647431245208193	31.0	30.0	34.0	24.0	34.0
4	32.949167243792935	37.0	35.0	37.0	26.0	37.0
5	32.88817775682742	37.0	35.0	37.0	25.0	37.0
6	32.78145372747496	37.0	35.0	37.0	25.0	37.0
7	32.81920470132799	37.0	35.0	37.0	25.0	37.0
8	32.78015341254175	37.0	35.0	37.0	25.0	37.0
9	34.16159016856236	39.0	35.0	39.0	25.0	39.0
10-14	34.236533150976655	39.2	35.0	39.4	23.6	39.4
15-19	34.92476983070179	39.8	35.0	41.0	21.2	41.0
20-24	34.60667155201114	39.0	34.0	41.0	18.0	41.0
25-29	34.358697510728874	39.0	34.0	41.0	16.8	41.0
30-34	34.028023342873034	39.0	34.0	41.0	14.2	41.0
35-39	33.60849152264099	38.4	33.0	40.6	8.8	41.0
40-44	33.139810937721954	38.0	32.8	40.0	6.0	41.0
45-49	32.66258689225562	38.0	32.0	40.0	2.0	41.0
50-54	31.9305342605529	37.0	31.2	39.6	2.0	40.6
55-59	31.891347061815235	36.4	31.4	40.0	2.0	41.0
60-64	31.116206936663552	35.2	30.8	39.2	2.0	41.0
65-69	30.36488305948709	35.0	30.0	37.8	2.0	40.2
70-74	29.620221591590457	35.0	29.4	36.4	2.0	39.2
75-79	28.89372616371686	34.4	29.0	35.4	2.0	37.6
80-84	28.234605971102603	34.0	28.8	35.0	2.0	36.4
85-89	27.690923978811547	34.0	27.4	35.0	2.0	35.6
90-94	27.18310001387316	34.0	26.8	35.0	2.0	35.0
95-99	26.56086645429526	34.0	25.2	35.0	2.0	35.0
100	25.330346730823468	33.0	20.0	35.0	2.0	35.0
>>END_MODULE
>>Per sequence quality scores	pass
#Quality	Count
2	780052.0
3	108615.0
4	73499.0
5	59600.0
6	59437.0
7	57942.0
8	60390.0
9	65038.0
10	70040.0
11	71583.0
12	69155.0
13	68229.0
14	68480.0
15	69985.0
16	71083.0
17	69490.0
18	69645.0
19	70235.0
20	71429.0
21	75869.0
22	83595.0
23	97344.0
24	116006.0
25	139392.0
26	165571.0
27	195011.0
28	230788.0
29	273352.0
30	322554.0
31	393909.0
32	488740.0
33	629494.0
34	849418.0
35	1231015.0
36	1933619.0
37	2707164.0
38	2090919.0
39	401378.0
40	509.0
>>END_MODULE
>>Per base sequence content	fail
#Base	G	A	T	C
1	35.62789541013317	14.0033091192307	8.603315595760474	41.76547987487566
2	26.129702814697797	18.041274317798585	35.73482799876352	20.094194868740097
3	26.04720629889702	22.221657115439413	22.586614608568524	29.144521977095046
4	27.105623780068576	29.34500407981604	19.298318695078866	24.25105344503652
5	29.160581236932053	30.047082491544863	21.882733645039266	18.909602626483814
6	22.43985914255208	33.71080075480106	23.186861700765803	20.662478401881053
7	20.055908912163474	18.59519015070939	38.65924342159664	22.689657515530502
8	21.222221207421256	21.572417488378683	30.03725518849282	27.168106115707236
9	22.260986519219017	20.69995236964642	31.53017994973174	25.50888116140282
10-14	23.997691969986754	27.027054702575175	25.70307308456355	23.272180242874523
15-19	24.331680810286695	25.50594345345525	26.229490819161622	23.93288491709643
20-24	24.215053704513743	25.953858912075212	26.065093577279598	23.76599380613145
25-29	24.269234210190387	26.00705835010305	25.93905751649892	23.78464992320764
30-34	24.01350996770911	25.97953832202417	26.047046091894067	23.959905618372655
35-39	24.091746415452516	26.091238956096102	25.963239418388923	23.853775210062462
40-44	24.26966452359981	25.93270341806196	25.89342878052306	23.90420327781517
45-49	24.237502512462445	25.985765271248844	25.84133977363456	23.93539244265416
50-54	24.16148746457175	26.015640292051106	25.887891392424805	23.934980850952336
55-59	24.289641380156247	25.902220035514922	25.72949492368113	24.0786436606477
60-64	24.263309904068436	25.827088398049337	25.770019797643467	24.13958190023876
65-69	24.209946312302534	25.930740523950785	25.795912553469503	24.063400610277178
70-74	24.369144108885816	25.889379845637215	25.74000968072032	24.00146636475664
75-79	24.261105075684963	25.865045066099334	25.736389583440435	24.13746027477527
80-84	24.291465803994434	25.847157577626422	25.718308007578607	24.14306861080054
85-89	24.424966828809552	25.833188361432963	25.580248560396846	24.161596249360638
90-94	24.27144431056946	25.77341222118844	25.674955102640507	24.28018836560159
95-99	24.390607915204786	25.857107751667613	25.641032987972224	24.111251345155377
100	24.75489602347893	25.491484914756402	25.349323431769893	24.40429562999477
>>END_MODULE
>>Per base GC content	fail
#Base	%GC
1	77.39337528500883
2	46.22389768343789
3	55.191728275992055
4	51.356677225105095
5	48.07018386341586
6	43.102337544433134
7	42.74556642769397
8	48.390327323128496
9	47.769867680621836
10-14	47.26987221286127
15-19	48.26456572738313
20-24	47.98104751064519
25-29	48.05388413339802
30-34	47.973415586081764
35-39	47.94552162551498
40-44	48.173867801414985
45-49	48.172894955116604
50-54	48.096468315524085
55-59	48.36828504080395
60-64	48.402891804307195
65-69	48.273346922579705
70-74	48.37061047364246
75-79	48.39856535046023
80-84	48.434534414794975
85-89	48.586563078170194
90-94	48.551632676171046
95-99	48.50185926036016
100	49.159191653473705
>>END_MODULE
>>Per sequence GC content	warn
#GC Content	Count
0	21487.0
1	13225.5
2	4411.0
3	3766.5
4	3496.5
5	3170.5
6	3040.0
7	2983.0
8	2951.0
9	2936.5
10	2876.0
11	2859.0
12	2941.0
13	3076.5
14	3209.0
15	3483.0
16	3896.0
17	4534.0
18	5593.0
19	7254.0
20	9682.0
21	13008.5
22	18165.0
23	25591.0
24	34220.5
25	44482.0
26	57315.0
27	72050.0
28	88475.0
29	106456.0
30	126451.0
31	149446.0
32	172946.5
33	196552.0
34	218322.5
35	238881.5
36	259407.5
37	279893.5
38	300941.0
39	325013.0
40	345402.5
41	358015.5
42	372008.5
43	395390.0
44	421596.0
45	435093.0
46	447113.0
47	465160.0
48	489254.5
49	510206.0
50	520765.5
51	535058.5
52	549003.0
53	549753.5
54	539454.5
55	526272.5
56	511121.0
57	488544.0
58	456704.0
59	418170.5
60	371035.0
61	324723.5
62	283869.0
63	243966.5
64	207399.5
65	173263.5
66	142961.5
67	117647.0
68	96791.0
69	77403.0
70	59311.0
71	44646.5
72	33998.5
73	26899.5
74	21704.5
75	17848.5
76	13858.0
77	10314.5
78	7844.0
79	5586.5
80	4107.0
81	3073.0
82	2678.5
83	2469.0
84	1672.0
85	917.5
86	584.0
87	385.5
88	261.0
89	182.0
90	116.0
91	77.5
92	54.0
93	34.0
94	21.0
95	15.0
96	11.5
97	6.0
98	3.0
99	3.0
100	1.5
>>END_MODULE
>>Per base N content	pass
#Base	N-Count
1	0.05110800636311969
2	0.06150250346241183
3	0.05552030785969213
4	0.054925546215953525
5	0.053286493779139
6	0.05590759451142889
7	0.05431003707301473
8	0.0471798131812182
9	0.060202326845866974
10-14	0.04413961296508459
15-19	0.04957545775553277
20-24	0.05259076097262616
25-29	0.03285850606663793
30-34	0.04851733529632339
35-39	0.04423920096124547
40-44	0.09412448803816766
45-49	0.07332027900683658
50-54	0.06684014342331247
55-59	0.08774808995064447
60-64	0.08575633002742682
65-69	0.07873675946469792
70-74	0.07079046727102749
75-79	0.07221789521600014
80-84	0.08855585925283829
85-89	0.08262069131497235
90-94	0.05956468703711465
95-99	0.07518478760162643
100	0.0775679836764209
>>END_MODULE
>>Sequence Length Distribution	pass
#Length	Count
100	1.4459574E7
>>END_MODULE
>>Sequence Duplication Levels	warn
#Total Duplicate Percentage	44.2235069233997
#Duplication Level	Relative count
1	100.0
2	21.5480419609646
3	9.273206001588164
4	5.2910937434697205
5	3.4897814184812135
6	2.5912149454591047
7	1.9902202532703641
8	1.6642286956158314
9	1.393404940025912
10++	19.933965812680235
>>END_MODULE
>>Overrepresented sequences	warn
#Sequence	Count	Percentage	Possible Source
TTTTTTTTTTTTTTTTTTTTTTTTTTTTTTTTTTTTTTTTTTTTTTTTTT	35028	0.2422478006613473	No Hit
>>END_MODULE
>>Kmer Content	fail
#Sequence	Count	Obs/Exp Overall	Obs/Exp Max	Max Obs/Exp Position
TTTTT	11259680	7.070104	10.339231	2
AAAAA	7965805	5.132248	6.7559204	2
CTCCT	3089595	2.3805935	6.765976	1
CTCCA	2887905	2.236672	6.386107	1
GAAGA	3041615	2.1789756	5.347433	2
CTCTG	2848750	2.1731055	5.0335255	1
CTGGA	2834100	2.1513946	6.565974	1
GAAAA	2922280	1.9853398	5.110971	2
GTTTT	2721790	1.8114448	6.8188543	1
GGAAG	2221590	1.6782136	5.0694146	1
CTCAG	2170395	1.6641824	5.334741	1
GGAAA	2286135	1.637759	5.984325	1
CTGGG	1944480	1.5564798	5.9859653	1
GCCAG	1859460	1.5111923	5.012021	1
GGGAG	1872585	1.4916263	5.115435	1
>>END_MODULE
