##FastQC	0.10.1
>>Basic Statistics	pass
#Measure	Value	
Filename	F_heteroclitus_MDPL_FW_1_R1.fastq.gz	
File type	Conventional base calls	
Encoding	Sanger / Illumina 1.9	
Total Sequences	14147458	
Filtered Sequences	0	
Sequence length	100	
%GC	48	
>>END_MODULE
>>Per base sequence quality	pass
#Base	Mean	Median	Lower Quartile	Upper Quartile	10th Percentile	90th Percentile
1	29.92166295881564	31.0	30.0	34.0	25.0	34.0
2	30.25238746070142	31.0	30.0	34.0	26.0	34.0
3	29.81713174197089	31.0	30.0	34.0	25.0	34.0
4	31.407702500336104	35.0	32.0	37.0	10.0	37.0
5	32.5012166143204	35.0	32.0	37.0	19.0	37.0
6	32.90643082312031	35.0	33.0	37.0	26.0	37.0
7	33.05573594917193	36.0	35.0	37.0	27.0	37.0
8	33.03972402674742	36.0	35.0	37.0	26.0	37.0
9	34.47607902423177	39.0	35.0	39.0	27.0	39.0
10-14	34.524732485510825	38.8	35.0	39.4	26.0	39.4
15-19	34.638715124653494	39.0	33.8	41.0	20.0	41.0
20-24	34.85819685769698	39.0	34.0	41.0	23.4	41.0
25-29	34.49468532085411	39.0	34.0	41.0	20.0	41.0
30-34	34.05888058476654	38.8	33.2	41.0	16.8	41.0
35-39	33.63553318200344	38.0	33.0	40.0	14.4	41.0
40-44	33.35527701160166	38.0	33.0	40.0	9.4	41.0
45-49	32.849495605500294	37.8	32.0	40.0	6.0	41.0
50-54	32.18088736506587	36.8	31.4	40.0	2.0	41.0
55-59	30.796926840143293	35.2	29.0	39.4	2.0	41.0
60-64	30.606744264588023	35.0	29.8	38.8	2.0	40.6
65-69	29.902814456137634	35.0	29.0	37.2	2.0	40.0
70-74	29.12923995250596	34.2	29.0	35.8	2.0	39.0
75-79	28.044744038116242	33.4	27.2	35.0	2.0	37.0
80-84	27.97926623991391	34.0	27.6	35.0	2.0	36.2
85-89	27.473835087547172	34.0	27.0	35.0	2.0	35.4
90-94	26.407033362459885	33.4	23.0	35.0	2.0	35.0
95-99	26.206488374095187	33.0	24.4	35.0	2.0	35.0
100	25.118138608363424	32.0	19.0	35.0	2.0	35.0
>>END_MODULE
>>Per sequence quality scores	pass
#Quality	Count
2	507058.0
3	159567.0
4	87049.0
5	66235.0
6	62738.0
7	63892.0
8	66491.0
9	73229.0
10	80635.0
11	84278.0
12	84644.0
13	86729.0
14	86548.0
15	85730.0
16	83970.0
17	82453.0
18	81066.0
19	79513.0
20	79525.0
21	83629.0
22	92203.0
23	107013.0
24	129662.0
25	157299.0
26	189970.0
27	228092.0
28	270704.0
29	316800.0
30	372136.0
31	444098.0
32	542357.0
33	687020.0
34	920957.0
35	1307483.0
36	1915821.0
37	2411247.0
38	1669320.0
39	299884.0
40	413.0
>>END_MODULE
>>Per base sequence content	fail
#Base	G	A	T	C
1	33.957235278860274	15.798651177751333	6.519378306106005	43.72473523728239
2	23.552821084113155	17.864204699880645	39.374197486314195	19.20877672969201
3	24.4368220226962	22.593918367750867	23.374197525104513	29.595062084448422
4	26.37304868132252	29.748262191694558	19.481295585283995	24.39739354169893
5	28.523391654743023	30.407408656264913	22.187025647692256	18.882174041299812
6	22.85465303329047	33.24645106432194	23.93153366150654	19.967362240881055
7	20.707992191153437	19.850758138898637	37.46517884315819	21.97607082678973
8	20.765191699830662	21.906335256942878	30.982299252695753	26.34617379053071
9	22.222465738084125	20.622665502786532	32.28320181473676	24.87166694439258
10-14	23.86213498028383	26.89463132204637	25.914886702915034	23.328346994754764
15-19	24.164496938692658	25.730649581823617	26.29393517625371	23.810918303230007
20-24	24.005893727115957	25.935600056261876	26.252086546420312	23.806419670201855
25-29	24.0029872391296	26.004130385150066	26.122412025379262	23.870470350341076
30-34	23.848636137823195	26.059857471787545	25.99807980656902	24.093426583820243
35-39	23.97922425764608	26.001309812806543	26.030973528216307	23.988492401331065
40-44	24.09513750585444	26.01757793621627	25.856279348899886	24.031005209029406
45-49	24.093471291100354	25.96171292788411	25.871468287036205	24.07334749397933
50-54	24.13810941644187	25.948113714379428	25.819308484468046	24.09446838471065
55-59	24.270575455906176	25.75238071310656	25.765526461975647	24.21151736901162
60-64	24.245750539310556	25.71731053642771	25.74270648864317	24.29423243561856
65-69	24.185807975069295	26.034683589106056	25.623921458712452	24.1555869771122
70-74	24.400428444889673	25.93606535162954	25.52830191213289	24.135204291347897
75-79	24.2849656557205	25.800296328868612	25.62167169360357	24.293066321807316
80-84	24.258940883180138	25.836310320761402	25.649066575524017	24.255682220534442
85-89	24.31692564112892	25.918434379181672	25.476494174596155	24.288145805093258
90-94	24.22071321988217	25.881065298587842	25.491250487264942	24.406970994265045
95-99	24.1046432873227	25.97488476840611	25.519757880577064	24.400714063694124
100	24.40719345596033	25.704251785096027	25.07266984654826	24.81588491239539
>>END_MODULE
>>Per base GC content	fail
#Base	%GC
1	77.68197051614266
2	42.76159781380516
3	54.03188410714462
4	50.77044222302145
5	47.405565696042835
6	42.82201527417153
7	42.68406301794317
8	47.111365490361365
9	47.09413268247671
10-14	47.190481975038594
15-19	47.97541524192267
20-24	47.812313397317816
25-29	47.87345758947067
30-34	47.94206272164344
35-39	47.96771665897715
40-44	48.12614271488385
45-49	48.166818785079684
50-54	48.23257780115252
55-59	48.48209282491779
60-64	48.53998297492912
65-69	48.341394952181496
70-74	48.535632736237574
75-79	48.57803197752782
80-84	48.514623103714584
85-89	48.605071446222176
90-94	48.627684214147216
95-99	48.50535735101682
100	49.223078368355715
>>END_MODULE
>>Per sequence GC content	warn
#GC Content	Count
0	10744.0
1	12356.5
2	12471.0
3	10774.5
4	8882.5
5	6087.5
6	4677.0
7	4341.0
8	4252.0
9	4207.0
10	4281.5
11	4414.5
12	4629.0
13	4817.0
14	5057.5
15	5510.5
16	6062.5
17	6947.0
18	8460.5
19	10418.5
20	13332.0
21	17837.0
22	23622.5
23	30705.5
24	39924.5
25	52128.5
26	67160.0
27	83897.5
28	101524.5
29	120714.0
30	143291.0
31	165957.0
32	187468.5
33	209384.0
34	228154.0
35	244103.5
36	260294.0
37	278274.0
38	294068.5
39	304953.5
40	313039.0
41	321320.0
42	335265.5
43	354769.0
44	378851.0
45	400131.0
46	424108.0
47	445880.5
48	456929.5
49	470040.0
50	485880.0
51	504127.0
52	518495.5
53	519261.5
54	514142.0
55	509156.5
56	493845.0
57	470946.5
58	442531.0
59	405575.0
60	366854.5
61	325718.5
62	281160.5
63	240239.5
64	202391.0
65	168909.5
66	142787.0
67	122544.5
68	106273.5
69	87411.0
70	66717.5
71	48698.0
72	36442.5
73	30718.0
74	27612.0
75	25582.5
76	21291.0
77	16373.0
78	12052.5
79	7819.0
80	7204.0
81	7461.5
82	7940.5
83	7476.0
84	5224.5
85	3192.5
86	1860.5
87	1209.0
88	912.5
89	712.0
90	497.0
91	351.5
92	265.5
93	178.0
94	112.5
95	62.5
96	40.0
97	28.0
98	13.0
99	8.0
100	5.5
>>END_MODULE
>>Per base N content	pass
#Base	N-Count
1	0.12265807751470263
2	0.003555409035319278
3	0.004226907759683754
4	4.051441608803503
5	0.00844674711174262
6	0.013281537927166846
7	0.01387528416765754
8	0.01660368951086478
9	0.019911704279312936
10-14	0.021757972350933998
15-19	0.2170806939310228
20-24	0.005345129845941228
25-29	0.006247058658877092
30-34	0.01566641865980447
35-39	0.015766790048077895
40-44	0.01862384041005812
45-49	0.007226739955686738
50-54	0.008043847877123934
55-59	0.9672762414279654
60-64	0.0022731998921643732
65-69	0.0024089133185622464
70-74	0.003399904067571715
75-79	0.0033447704880975792
80-84	0.0038890378752140494
85-89	0.005285755221892159
90-94	1.0380748258803807
95-99	0.009761470929972014
100	0.004241044574933532
>>END_MODULE
>>Sequence Length Distribution	pass
#Length	Count
100	1.4147458E7
>>END_MODULE
>>Sequence Duplication Levels	warn
#Total Duplicate Percentage	42.641741672436346
#Duplication Level	Relative count
1	100.0
2	18.827316334259024
3	7.289036859378944
4	4.1269565766220655
5	2.7810212067659683
6	2.1183097702600353
7	1.6630901287553648
8	1.4137843978793234
9	1.2157599091138602
10++	18.353162080282758
>>END_MODULE
>>Overrepresented sequences	warn
#Sequence	Count	Percentage	Possible Source
GATCGGAAGAGCACACGTCTGAACTCCAGTCACATTCAGAAATCTCGTAT	22309	0.15768910570365363	TruSeq Adapter, Index 8 (97% over 36bp)
CTTTTTTTTTTTTTTTTTTTTTTTTTTTTTTTTTTTTTTTTTTTTTTTTT	14406	0.10182748024415411	No Hit
>>END_MODULE
>>Kmer Content	fail
#Sequence	Count	Obs/Exp Overall	Obs/Exp Max	Max Obs/Exp Position
TTTTT	14442115	9.298351	12.876027	10-14
AAAAA	9411390	6.1762233	7.984486	65-69
CTCCT	2857745	2.235033	7.801165	1
CTCCA	2826200	2.2188203	7.192095	1
GAAGA	2951420	2.1924672	5.1658154	2
CTCTG	2659600	2.082046	5.7521467	1
CTGGA	2645495	2.0809097	6.852689	1
GAAAA	2881090	2.011604	5.252676	2
CTTCA	2569370	1.8905324	5.1149254	1
CTTTT	2743040	1.8843825	7.379261	1
GTTTT	2641975	1.816683	6.8506165	1
CTGAA	2409605	1.7814584	5.2695026	1
CTCAG	2035535	1.5996	6.3808746	1
GGAAA	2140310	1.5899329	6.097942	1
CTGGG	1795725	1.5028049	6.207448	1
>>END_MODULE
