##FastQC	0.10.1
>>Basic Statistics	pass
#Measure	Value	
Filename	F_parvapinis_NA_transfer_2_R2.fastq.gz	
File type	Conventional base calls	
Encoding	Sanger / Illumina 1.9	
Total Sequences	18412525	
Filtered Sequences	0	
Sequence length	100	
%GC	48	
>>END_MODULE
>>Per base sequence quality	pass
#Base	Mean	Median	Lower Quartile	Upper Quartile	10th Percentile	90th Percentile
1	29.342654904745547	31.0	30.0	34.0	23.0	34.0
2	29.364619681439674	31.0	30.0	34.0	23.0	34.0
3	29.395593651604003	31.0	30.0	34.0	22.0	34.0
4	32.68647303941203	37.0	35.0	37.0	24.0	37.0
5	32.62874641039184	37.0	35.0	37.0	24.0	37.0
6	32.52829663503512	37.0	35.0	37.0	23.0	37.0
7	32.57000824167245	37.0	35.0	37.0	23.0	37.0
8	32.526459516008806	37.0	35.0	37.0	23.0	37.0
9	33.89270846882761	39.0	35.0	39.0	22.0	39.0
10-14	33.95617449535031	38.8	34.6	39.4	20.0	39.4
15-19	34.65417638265257	39.0	34.6	41.0	18.0	41.0
20-24	34.37215347704891	39.0	34.0	41.0	17.2	41.0
25-29	34.15514437047608	39.0	34.0	41.0	14.8	41.0
30-34	33.84902928848705	39.0	33.6	41.0	9.4	41.0
35-39	33.46955933528943	38.4	33.0	40.6	8.2	41.0
40-44	33.054485313665566	38.0	32.6	40.0	3.0	41.0
45-49	32.62960848661441	38.0	32.0	40.0	2.0	41.0
50-54	31.948258981318418	37.0	31.2	39.6	2.0	40.6
55-59	31.95058928636892	36.8	31.4	40.0	2.0	41.0
60-64	31.193798949356484	35.6	30.8	39.2	2.0	41.0
65-69	30.436550663203445	35.0	30.0	38.2	2.0	40.2
70-74	29.67917262841462	35.0	29.6	36.6	2.0	39.4
75-79	28.93308609221169	34.4	29.0	35.4	2.0	38.0
80-84	28.262223861203175	34.0	29.0	35.0	2.0	36.4
85-89	27.727264956870386	34.0	27.4	35.0	2.0	35.6
90-94	27.240007494898173	34.0	27.0	35.0	2.0	35.0
95-99	26.648252491171085	34.0	25.4	35.0	2.0	35.0
100	25.464677984143947	33.0	20.0	35.0	2.0	35.0
>>END_MODULE
>>Per sequence quality scores	pass
#Quality	Count
2	1095223.0
3	144356.0
4	93921.0
5	72714.0
6	68884.0
7	70018.0
8	73209.0
9	79753.0
10	85667.0
11	88340.0
12	85299.0
13	83406.0
14	83851.0
15	85341.0
16	85459.0
17	83763.0
18	83483.0
19	84929.0
20	86450.0
21	92388.0
22	102588.0
23	120077.0
24	144276.0
25	173788.0
26	206860.0
27	243512.0
28	288809.0
29	340620.0
30	405499.0
31	493313.0
32	612467.0
33	784954.0
34	1056641.0
35	1508660.0
36	2391654.0
37	3507848.0
38	2793723.0
39	510293.0
40	489.0
>>END_MODULE
>>Per base sequence content	fail
#Base	G	A	T	C
1	37.060337413438944	15.270347839562454	7.222801934299121	40.44651281269948
2	25.763185008553435	17.534322430871494	38.53352034239831	18.16897221817676
3	25.170427437926353	22.39119519821074	24.14485788838209	28.293519475480817
4	26.6069588146342	28.93550961864545	20.15189454117208	24.305637025548272
5	28.788513712873247	30.36248519983416	22.170884793172608	18.67811629411998
6	22.506879437414412	33.79835093469114	23.440758209884013	20.254011418010435
7	20.25777971462742	19.53747994246687	38.20324713326026	22.00149320964544
8	20.531058357314294	22.201886046430634	30.6104784740236	26.65657712223148
9	22.167768972733345	20.95366184608145	31.662436224108575	25.21613295707663
10-14	23.96827154626269	27.087143636448374	25.83348755746241	23.111097259826522
15-19	24.270151261997842	25.75438079748466	26.305855235169968	23.669612705347532
20-24	24.183570583706775	26.132767111521076	26.123192910265935	23.56046939450621
25-29	24.148695635148265	26.362672521478824	25.937973508400525	23.550658334972383
30-34	24.01656701011255	26.162494859309277	26.096654244390294	23.724283886187877
35-39	23.995065435701672	26.262444614866464	26.063664164140526	23.678825785291338
40-44	24.355512358252053	26.014990044144966	25.905260920591793	23.72423667701119
45-49	24.093023459050073	26.149390757656427	25.968702244780832	23.78888353851267
50-54	24.019298513601562	26.158767184401217	26.046683909099272	23.775250392897952
55-59	24.284971442951196	26.041730127137498	25.84166684821525	23.831631581696058
60-64	24.162949686801834	25.987710363050926	25.85006438549614	23.9992755646511
65-69	24.018285664146532	26.068628515185978	26.02762752802734	23.885458292640152
70-74	24.117888293962274	26.187155041503985	25.86968262975994	23.825274034773805
75-79	24.0344199796028	26.175595430251807	25.86119296178814	23.928791628357246
80-84	24.101142728825373	26.176292581855385	25.85594319178213	23.866621497537107
85-89	24.23673226880382	26.092073781924103	25.781814047830952	23.889379901441128
90-94	24.134681058286255	25.998000594376762	25.836209260833424	24.031109086503555
95-99	24.181652340823486	26.062608673194294	25.869439903177348	23.88629908280487
100	24.615364798525505	25.68402780721738	25.478198787646367	24.222408606610745
>>END_MODULE
>>Per base GC content	fail
#Base	%GC
1	77.50685022613843
2	43.9321572267302
3	53.46394691340717
4	50.912595840182476
5	47.466630006993235
6	42.76089085542485
7	42.259272924272864
8	47.18763547954577
9	47.38390192980997
10-14	47.079368806089214
15-19	47.93976396734537
20-24	47.74403997821299
25-29	47.69935397012065
30-34	47.74085089630043
35-39	47.673891220993006
40-44	48.07974903526324
45-49	47.881906997562744
50-54	47.794548906499514
55-59	48.116603024647254
60-64	48.16222525145293
65-69	47.903743956786684
70-74	47.94316232873608
75-79	47.96321160796005
80-84	47.96776422636248
85-89	48.126112170244944
90-94	48.16579014478981
95-99	48.06795142362836
100	48.837773405136254
>>END_MODULE
>>Per sequence GC content	warn
#GC Content	Count
0	3648.0
1	2506.5
2	1241.0
3	1113.0
4	1094.0
5	1110.5
6	1115.0
7	1102.5
8	1186.5
9	1303.0
10	1345.0
11	1420.0
12	1610.5
13	1827.0
14	2083.0
15	2397.5
16	2934.5
17	3698.0
18	4949.0
19	6826.5
20	9570.0
21	13685.5
22	19420.0
23	27221.0
24	37210.0
25	50724.0
26	69239.0
27	90607.5
28	112149.0
29	133850.0
30	158068.0
31	188535.5
32	225598.0
33	264416.0
34	297299.5
35	329385.0
36	356448.5
37	373067.5
38	389820.0
39	407783.0
40	428780.0
41	455060.5
42	487381.0
43	514971.5
44	544572.5
45	579430.0
46	606642.0
47	635904.0
48	670832.0
49	696751.0
50	715292.0
51	730957.5
52	739726.0
53	746393.0
54	740119.0
55	718951.0
56	684075.0
57	636320.5
58	582025.0
59	524265.0
60	455783.5
61	379885.0
62	316955.0
63	266567.0
64	218201.0
65	172920.0
66	136426.5
67	107542.0
68	84110.5
69	64061.5
70	47203.5
71	33983.5
72	24660.5
73	18687.0
74	14426.5
75	10758.5
76	7515.5
77	4938.5
78	3316.0
79	2245.0
80	1678.5
81	1307.5
82	956.0
83	740.0
84	642.0
85	518.0
86	354.0
87	247.0
88	190.5
89	155.5
90	113.5
91	75.0
92	52.5
93	27.5
94	12.5
95	14.0
96	12.0
97	5.0
98	3.0
99	1.0
100	0.5
>>END_MODULE
>>Per base N content	pass
#Base	N-Count
1	0.04753829254814318
2	0.057379419715655515
3	0.05097073866837927
4	0.050845823698813714
5	0.04896123698406384
6	0.05156272700240733
7	0.050047454110720827
8	0.0434160985524799
9	0.055369918031340074
10-14	0.040696210867330794
15-19	0.04586225952171144
20-24	0.04834209322186935
25-29	0.029939402662046623
30-34	0.04553096329808106
35-39	0.040710331689977335
40-44	0.08860816210704398
45-49	0.06828395345016504
50-54	0.06280398804618052
55-59	0.0828012453479357
60-64	0.08009765091968646
65-69	0.07307960206435564
70-74	0.06584105113231346
75-79	0.06708151109095575
80-84	0.08309235153787978
85-89	0.07746140195328995
90-94	0.054614997128313476
95-99	0.06986222693519764
100	0.07208679961059115
>>END_MODULE
>>Sequence Length Distribution	pass
#Length	Count
100	1.8412525E7
>>END_MODULE
>>Sequence Duplication Levels	warn
#Total Duplicate Percentage	46.762849667563785
#Duplication Level	Relative count
1	100.0
2	23.118521062875967
3	10.288794356223743
4	6.053319946098766
5	4.03818884808131
6	2.869448040795836
7	2.211535920944857
8	1.917369056111889
9	1.5791652354656027
10++	24.07148078667618
>>END_MODULE
>>Overrepresented sequences	pass
>>END_MODULE
>>Kmer Content	warn
#Sequence	Count	Obs/Exp Overall	Obs/Exp Max	Max Obs/Exp Position
TTTTT	8940965	4.287776	6.907231	2
AAAAA	8502245	4.1245	5.9338865	70-74
CTCCT	3926610	2.425292	7.4215484	1
CTCCA	3864580	2.3924704	7.112117	1
CTCTG	3741970	2.27418	5.815942	1
TCCAG	3698370	2.2528532	5.0119796	7
CTGGA	3708010	2.2224991	7.04488	1
GAAGA	3867615	2.1404598	5.410502	2
GGAGA	3332425	1.9698689	5.3646336	1
GAAAA	3724725	1.9299452	5.0336967	2
GTTTT	3503000	1.7984523	7.3946357	1
GGAAG	2886450	1.7062435	5.5717187	1
CTCAG	2784215	1.6959978	5.4285398	1
GGAAA	3009230	1.6654027	6.175775	1
CTGGG	2447095	1.5666237	6.203879	1
GGGAG	2337490	1.4758418	5.3482037	1
GTTTG	2629895	1.4454672	5.4465	1
GGGGA	2165965	1.3675447	5.1433783	1
GGGAA	2282680	1.3493418	5.257971	1
>>END_MODULE
