##FastQC	0.10.1
>>Basic Statistics	pass
#Measure	Value	
Filename	F_grandis_NA_transfer_3_R2.fastq.gz	
File type	Conventional base calls	
Encoding	Sanger / Illumina 1.9	
Total Sequences	20081935	
Filtered Sequences	0	
Sequence length	100	
%GC	53	
>>END_MODULE
>>Per base sequence quality	fail
#Base	Mean	Median	Lower Quartile	Upper Quartile	10th Percentile	90th Percentile
1	29.52262453792426	31.0	30.0	34.0	25.0	34.0
2	29.54492597451391	31.0	30.0	34.0	23.0	34.0
3	29.587251178733524	31.0	30.0	34.0	23.0	34.0
4	32.85661122795189	37.0	35.0	37.0	25.0	37.0
5	32.778952476442136	37.0	35.0	37.0	25.0	37.0
6	32.692292251717774	37.0	35.0	37.0	24.0	37.0
7	32.70291433569524	37.0	35.0	37.0	25.0	37.0
8	32.62590143828272	37.0	35.0	37.0	23.0	37.0
9	34.008136815501096	39.0	35.0	39.0	23.0	39.0
10-14	34.06075229304347	39.2	35.0	39.4	21.8	39.4
15-19	34.71843259128166	39.4	34.8	41.0	18.6	41.0
20-24	34.38856524533119	39.0	34.0	41.0	17.0	41.0
25-29	34.04474285968956	39.0	34.0	41.0	13.8	41.0
30-34	33.132545195470456	38.6	32.0	40.6	8.4	41.0
35-39	32.84196444217153	38.0	31.8	40.0	3.8	41.0
40-44	32.34438471193139	37.8	31.4	40.0	2.0	41.0
45-49	31.854931768278306	37.0	31.0	40.0	2.0	41.0
50-54	30.952450717522986	35.2	30.0	39.2	2.0	40.6
55-59	30.761239761009087	35.0	30.0	39.0	2.0	41.0
60-64	29.954573271948146	35.0	29.2	37.8	2.0	40.2
65-69	29.14802352462549	34.8	29.0	36.4	2.0	39.2
70-74	28.465447637391513	34.0	28.0	35.0	2.0	38.0
75-79	27.79052121222382	34.0	27.0	35.0	2.0	36.4
80-84	27.193014627325503	34.0	25.8	35.0	2.0	35.4
85-89	26.659462925260936	33.6	24.8	35.0	2.0	35.0
90-94	26.09598323069963	33.0	23.6	35.0	2.0	35.0
95-99	25.4125439505705	33.0	15.8	35.0	2.0	35.0
100	24.070907908027788	32.0	2.0	35.0	2.0	35.0
>>END_MODULE
>>Per sequence quality scores	pass
#Quality	Count
2	1141412.0
3	170499.0
4	109413.0
5	93233.0
6	91563.0
7	97258.0
8	103514.0
9	108646.0
10	111645.0
11	114401.0
12	109944.0
13	108371.0
14	106933.0
15	108469.0
16	108689.0
17	106767.0
18	109499.0
19	111044.0
20	115901.0
21	124327.0
22	135116.0
23	157638.0
24	188293.0
25	225560.0
26	264370.0
27	310405.0
28	365467.0
29	430470.0
30	505823.0
31	609502.0
32	758182.0
33	980300.0
34	1324443.0
35	1908623.0
36	2931443.0
37	3505703.0
38	1938683.0
39	290019.0
40	367.0
>>END_MODULE
>>Per base sequence content	fail
#Base	G	A	T	C
1	37.898543739739715	11.363527563636508	8.95298556143619	41.78494313518759
2	29.858714363030863	18.033255865154253	28.960065549767737	23.14796422204715
3	29.30633094005411	23.217432066022823	19.24197990761308	28.234257086309988
4	31.6809422193547	29.1636475183672	16.07006669009257	23.085343572185533
5	31.71976334167297	29.976017320934478	18.791923606150007	19.512295731242546
6	23.868228402786766	33.12997767522794	20.86263074651673	22.139163175468564
7	22.913923522468142	17.322766316792904	35.0428269236747	24.720483237064247
8	23.435464834659477	19.541657444008813	27.3532150172818	29.669662704049905
9	24.314599084823673	18.36769146622485	29.077516012596877	28.2401934363546
10-14	26.532151428753142	24.563976610303115	23.017687603498906	25.886184357444836
15-19	26.68454818234483	23.279725653348894	24.014475000254084	26.021251164052195
20-24	26.49033627282199	23.954996044487427	23.75737535427462	25.79729232841596
25-29	26.472411171712423	24.049489231182424	23.60654697406472	25.87155262304043
30-34	26.576072859813237	24.04438706586454	23.64543897254255	25.73410110177967
35-39	26.47010688387222	23.946784361192414	23.510244810632205	26.07286394430316
40-44	26.97014003936793	23.701744038418195	23.329301084875294	25.998814837338585
45-49	26.655490164127322	23.78586634874728	23.341223616052247	26.21741987107315
50-54	26.66121378932864	23.857450175866358	23.34281677302704	26.138519261777965
55-59	27.126829809633872	23.324959799613236	23.2085611861871	26.33964920456579
60-64	26.998792992660693	23.408509202434423	23.145257633085713	26.44744017181917
65-69	26.814058746192256	23.468958797059667	23.27657688595008	26.440405570798
70-74	27.11584580647356	23.714326976397125	22.949525683743893	26.22030153338542
75-79	27.06728093075518	23.52569045418699	23.112934602438653	26.294094012619173
80-84	27.089406626834524	23.43612675735197	23.061736764093414	26.41272985172009
85-89	27.166015544265953	23.573833070921886	22.858540810045984	26.401610574766178
90-94	27.087454857973626	23.47960325905748	23.016473901952196	26.416467981016694
95-99	26.927508097489888	23.4771775746636	22.967483753654562	26.62783057419195
100	27.494456884264768	22.811281371464283	22.51505898042542	27.179202763845534
>>END_MODULE
>>Per base GC content	fail
#Base	%GC
1	79.6834868749273
2	53.006678585078014
3	57.54058802636409
4	54.766285791540234
5	51.23205907291551
6	46.00739157825533
7	47.634406759532396
8	53.10512753870938
9	52.55479252117827
10-14	52.41833578619798
15-19	52.70579934639702
20-24	52.28762860123795
25-29	52.34396379475286
30-34	52.31017396159291
35-39	52.542970828175385
40-44	52.96895487670651
45-49	52.87291003520047
50-54	52.7997330511066
55-59	53.46647901419966
60-64	53.446233164479864
65-69	53.254464316990244
70-74	53.33614733985898
75-79	53.36137494337435
80-84	53.50213647855462
85-89	53.56762611903213
90-94	53.50392283899033
95-99	53.55533867168184
100	54.673659648110295
>>END_MODULE
>>Per sequence GC content	warn
#GC Content	Count
0	6282.0
1	4277.0
2	2051.5
3	1734.0
4	1549.5
5	1365.5
6	1248.0
7	1189.0
8	1213.0
9	1255.0
10	1302.5
11	1403.5
12	1490.0
13	1622.0
14	1759.5
15	2025.0
16	2516.0
17	3139.5
18	3967.0
19	5230.0
20	7119.0
21	9852.0
22	13566.0
23	18480.5
24	24780.0
25	32746.0
26	42729.0
27	53225.5
28	65604.5
29	81447.0
30	97046.0
31	112431.0
32	129174.0
33	147680.0
34	164287.5
35	179339.0
36	195733.5
37	210137.0
38	226873.5
39	247255.5
40	265104.0
41	284304.5
42	311053.5
43	349861.0
44	407512.5
45	454605.5
46	499255.5
47	543925.0
48	579151.5
49	616461.0
50	662287.0
51	733919.0
52	787543.5
53	815210.0
54	831771.0
55	846202.0
56	864353.5
57	856239.5
58	823817.5
59	769931.0
60	702181.0
61	637197.0
62	561330.0
63	492474.0
64	436062.5
65	387405.0
66	348796.0
67	309962.0
68	287121.0
69	245701.5
70	189091.0
71	145622.5
72	111141.0
73	94879.5
74	87172.5
75	92481.0
76	87915.0
77	72363.5
78	55770.5
79	37390.0
80	37536.0
81	41391.0
82	47768.5
83	50422.0
84	38833.0
85	26234.5
86	15970.5
87	9637.5
88	7153.0
89	6094.0
90	4512.5
91	2891.5
92	2500.0
93	1817.5
94	829.0
95	333.5
96	188.5
97	117.0
98	64.0
99	49.0
100	31.5
>>END_MODULE
>>Per base N content	pass
#Base	N-Count
1	0.037695570670854175
2	0.052126450962021335
3	0.03816863265417401
4	0.03629630312019235
5	0.04538905239958201
6	0.034488708383928146
7	0.03807899985733446
8	0.045254603204322695
9	0.03542985275074339
10-14	0.03167324264320147
15-19	0.048854853877377855
20-24	0.04701538970223736
25-29	0.028528127394098227
30-34	0.054541556876864704
35-39	0.05474074086984148
40-44	0.09058489632597656
45-49	0.06614701222765634
50-54	0.06361538367692157
55-59	0.07141742068182175
60-64	0.062060752611737866
65-69	0.06421891117564119
70-74	0.06139746991512521
75-79	0.057379928776783704
80-84	0.06298496633915009
85-89	0.060654513621321855
90-94	0.05369203714681877
95-99	0.050589746456205544
100	0.05074710181065719
>>END_MODULE
>>Sequence Length Distribution	pass
#Length	Count
100	2.0081935E7
>>END_MODULE
>>Sequence Duplication Levels	fail
#Total Duplicate Percentage	55.19941190187298
#Duplication Level	Relative count
1	100.0
2	21.888949662120435
3	9.229493445312913
4	5.192582529068229
5	3.4811299116043544
6	2.5698255024083845
7	2.15166646082185
8	1.7246854985267392
9	1.4212114261517017
10++	28.778869735518818
>>END_MODULE
>>Overrepresented sequences	pass
>>END_MODULE
>>Kmer Content	warn
#Sequence	Count	Obs/Exp Overall	Obs/Exp Max	Max Obs/Exp Position
TTTTT	7710475	5.923742	8.409059	2
AAAAA	7156600	5.1205	9.901063	2
AAGAA	3782855	2.3636987	5.9621415	2
GAAGA	4079720	2.2262275	5.9067235	2
GAAAA	3358330	2.0984364	6.4323006	2
AGAAA	3265245	2.0402727	5.3792405	2
TTTAA	2675970	1.9981704	5.2201366	7
CTTTT	2933095	1.994424	5.2527246	1
CTGGA	3931180	1.9534494	5.590502	1
AAAAT	2690555	1.9526725	5.689138	3
AAAAG	3042000	1.9007791	5.321512	3
GGAGA	3927680	1.8717251	5.3442993	2
GTTTT	2800335	1.8522941	7.0858727	1
GGAAA	2919190	1.5929478	6.9700513	1
GATCT	2405670	1.3884504	5.2479773	5
GGGAG	3327580	1.3848453	5.1943884	1
GGGAA	2885690	1.3751676	5.1766186	1
ATTTA	1823450	1.3615863	5.015914	6
>>END_MODULE
