##FastQC	0.10.1
>>Basic Statistics	pass
#Measure	Value	
Filename	F_similis_NA_FW_3_R1.fastq.gz	
File type	Conventional base calls	
Encoding	Sanger / Illumina 1.9	
Total Sequences	10089242	
Filtered Sequences	0	
Sequence length	100	
%GC	50	
>>END_MODULE
>>Per base sequence quality	pass
#Base	Mean	Median	Lower Quartile	Upper Quartile	10th Percentile	90th Percentile
1	30.765515189347227	33.0	31.0	34.0	26.0	34.0
2	31.07513349367574	34.0	31.0	34.0	27.0	34.0
3	30.815802118732012	34.0	31.0	34.0	27.0	34.0
4	34.30554346897418	37.0	35.0	37.0	30.0	37.0
5	32.79674082552485	37.0	35.0	37.0	22.0	37.0
6	33.17084980219525	37.0	35.0	37.0	19.0	37.0
7	33.77763869674253	37.0	35.0	37.0	28.0	37.0
8	33.899860068774245	37.0	35.0	37.0	30.0	37.0
9	35.47427755226805	39.0	35.0	39.0	30.0	39.0
10-14	35.587036548434455	39.2	35.4	39.4	29.4	39.4
15-19	36.35356101082718	40.0	36.8	41.0	28.4	41.0
20-24	36.09972116834941	40.0	36.2	41.0	27.0	41.0
25-29	35.730519220373544	40.0	36.0	41.0	26.2	41.0
30-34	35.27427180357057	39.6	35.0	41.0	24.6	41.0
35-39	34.82598056424853	39.0	34.8	41.0	23.4	41.0
40-44	34.4941247320661	39.0	34.2	41.0	21.8	41.0
45-49	33.908343956860186	38.0	33.4	40.4	19.0	41.0
50-54	33.21125087494185	37.2	33.0	40.0	14.6	41.0
55-59	32.41996407658772	35.6	32.2	39.6	8.6	41.0
60-64	31.581749570483094	35.0	31.2	38.6	3.8	40.6
65-69	30.83671340225559	35.0	31.0	36.8	2.0	39.8
70-74	30.087340674353932	35.0	30.2	35.6	2.0	38.8
75-79	29.09888092683276	34.0	29.2	35.0	2.0	36.6
80-84	29.05393334801564	34.0	30.0	35.0	2.0	36.0
85-89	28.580182673782627	34.0	29.0	35.0	2.0	35.2
90-94	28.09199087503303	34.0	29.0	35.0	2.0	35.0
95-99	27.54824249433208	34.0	28.4	35.0	2.0	35.0
100	26.39990536454572	33.0	25.0	35.0	2.0	35.0
>>END_MODULE
>>Per sequence quality scores	pass
#Quality	Count
2	267301.0
3	90719.0
4	47726.0
5	37999.0
6	38454.0
7	39180.0
8	39803.0
9	42322.0
10	45160.0
11	48033.0
12	48429.0
13	49612.0
14	51029.0
15	50816.0
16	50018.0
17	49839.0
18	48285.0
19	47000.0
20	47715.0
21	48994.0
22	53193.0
23	60943.0
24	73942.0
25	89695.0
26	109095.0
27	132576.0
28	158728.0
29	190495.0
30	226648.0
31	270555.0
32	335480.0
33	437592.0
34	611894.0
35	928146.0
36	1509085.0
37	2085673.0
38	1392032.0
39	234756.0
40	280.0
>>END_MODULE
>>Per base sequence content	fail
#Base	G	A	T	C
1	34.43843985544708	14.770201796155796	7.353443391947881	43.43791495644924
2	24.847993586709073	17.43276471675028	36.97722520499456	20.74201649154608
3	24.695646019832395	22.24324014104429	22.295238674856122	30.765875164267193
4	27.29451362630219	29.037365141800038	18.535254166961145	25.132867064936626
5	28.8162683741385	30.309765195228916	20.800012738238447	20.07395369239414
6	22.83316540124334	32.82813239619229	23.03306771573159	21.305634486832783
7	20.831093926570198	18.27067357521174	37.62796350365253	23.27026899456553
8	21.01475317658889	20.190015202406205	30.301420180425687	28.49381144057922
9	22.84439204284591	19.981159223403022	30.572253882439504	26.602194851311566
10-14	24.483271814011967	26.314672538630155	24.577226720575506	24.624828926782367
15-19	25.070790642859208	24.62922272398622	25.276028530769135	25.023958102385436
20-24	24.748253389009363	25.01187665929457	25.160856632765487	25.07901331893058
25-29	24.822023221945383	24.99963912506149	25.180945073565347	24.99739257942778
30-34	24.65297636211388	25.179164458680454	24.95022474009063	25.217634439115045
35-39	24.955119990140854	24.93349262287627	24.826948338218944	25.284439048763936
40-44	25.317771832202517	24.931579359326708	24.48478799977845	25.26586080869232
45-49	25.21356984077081	24.93655588944149	24.57917731603498	25.27069695375272
50-54	25.268448855920322	25.032618273993346	24.313740441352323	25.385192428734012
55-59	25.782766729979578	24.432102792907315	24.340507492362367	25.444622984750744
60-64	25.71010391588624	24.407314923808542	24.31376126677583	25.568819893529387
65-69	25.52159018892146	24.477034077940633	24.316041583615533	25.685334149522372
70-74	25.99376874810721	24.5508775252549	24.01446104638938	25.440892680248506
75-79	25.837482124559347	24.434201181182118	24.169082553397455	25.559234140861083
80-84	25.809065459920035	24.219756881301752	24.22999605816471	25.7411816006135
85-89	25.701829304893636	24.603700429448434	23.96140903236488	25.733061233293046
90-94	25.72217115437376	24.547002455849494	24.08126790721525	25.649558482561492
95-99	25.376668741707814	24.473524231567616	24.168221956203507	25.981585070521064
100	25.51328923494903	24.037098546359058	23.842496707984743	26.607115510707164
>>END_MODULE
>>Per base GC content	fail
#Base	%GC
1	77.87635481189632
2	45.590010078255155
3	55.461521184099595
4	52.427380691238824
5	48.890222066532644
6	44.13879988807612
7	44.10136292113573
8	49.50856461716811
9	49.44658689415748
10-14	49.108100740794335
15-19	50.094748745244644
20-24	49.82726670793994
25-29	49.81941580137316
30-34	49.87061080122892
35-39	50.239559038904794
40-44	50.58363264089484
45-49	50.484266794523535
50-54	50.65364128465433
55-59	51.22738971473032
60-64	51.27892380941562
65-69	51.20692433844383
70-74	51.434661428355724
75-79	51.39671626542043
80-84	51.550247060533536
85-89	51.434890538186686
90-94	51.37172963693525
95-99	51.35825381222888
100	52.1204047456562
>>END_MODULE
>>Per sequence GC content	warn
#GC Content	Count
0	6797.0
1	4573.5
2	2119.5
3	1863.0
4	1761.5
5	1717.0
6	1732.0
7	1759.0
8	1817.5
9	1857.0
10	1925.0
11	2026.5
12	2142.0
13	2255.0
14	2435.5
15	2675.5
16	2901.0
17	3307.5
18	4063.0
19	5113.5
20	6412.0
21	8277.5
22	11195.0
23	15129.0
24	20540.0
25	28226.5
26	36558.0
27	43431.0
28	50676.5
29	60102.5
30	71149.0
31	82278.0
32	92775.5
33	103476.5
34	114463.0
35	123724.0
36	132355.5
37	142993.5
38	152978.0
39	163266.0
40	173160.5
41	185051.5
42	201182.5
43	225828.0
44	270796.5
45	294726.0
46	306928.0
47	320061.5
48	325731.0
49	332865.5
50	342326.0
51	366904.5
52	391322.5
53	397857.0
54	385001.5
55	382259.5
56	380949.5
57	364804.0
58	351247.5
59	324472.0
60	292872.0
61	268628.0
62	230819.5
63	199899.5
64	176561.5
65	153538.5
66	132165.0
67	117096.0
68	113326.0
69	96763.0
70	74242.0
71	54988.0
72	39978.5
73	35900.0
74	39943.5
75	44301.5
76	36156.0
77	27494.0
78	20949.5
79	13268.0
80	11635.0
81	13182.5
82	15429.0
83	16354.5
84	11691.0
85	5909.5
86	3452.0
87	1839.0
88	1489.5
89	1437.0
90	1079.0
91	618.0
92	517.0
93	386.5
94	192.0
95	90.0
96	53.5
97	27.0
98	20.0
99	17.5
100	6.0
>>END_MODULE
>>Per base N content	pass
#Base	N-Count
1	0.015729625674555135
2	0.001922840189580149
3	0.00491612749500904
4	0.007681449210951625
5	3.516339483184168
6	0.037822464759988905
7	0.04684197286575146
8	0.052650139623967786
9	0.04690144214996528
10-14	0.052091128352357886
15-19	0.030652451393276128
20-24	0.026279476694086635
25-29	0.02621802510039902
30-34	0.04971037467433133
35-39	0.04754371041947453
40-44	0.038736309427407925
45-49	0.029367914854257632
50-54	0.014786046365029205
55-59	0.005102464585545674
60-64	0.004818994330793136
65-69	7.532776000417077E-4
70-74	0.0028763310464750475
75-79	0.003962636638114142
80-84	0.005356200198191301
85-89	0.0020576372337981386
90-94	0.009120605888926046
95-99	0.017158870805160587
100	0.004331346200239819
>>END_MODULE
>>Sequence Length Distribution	pass
#Length	Count
100	1.0089242E7
>>END_MODULE
>>Sequence Duplication Levels	fail
#Total Duplicate Percentage	50.68936730942728
#Duplication Level	Relative count
1	100.0
2	15.843854148478245
3	6.187985393591097
4	3.558224455865718
5	2.5325873233983436
6	1.9601740015031544
7	1.518337723859918
8	1.2495919467367127
9	1.0969990054887908
10++	17.886018387069836
>>END_MODULE
>>Overrepresented sequences	warn
#Sequence	Count	Percentage	Possible Source
CTGCAAGTCATTTAGCACCACGTTCTCCACAAACATGCTATGCGTAATCG	18394	0.18231300230483122	No Hit
AAAGAAACTAACCAGGATTCCCTCAGTAGCGGCGAGCGAAGAGGGAAGAG	14897	0.1476523211555437	No Hit
TTTTTTTTTTTTTTTTTTTTTTTTTTTTTTTTTTTTTTTTTTTTTTTTTT	14825	0.14693868974497787	No Hit
>>END_MODULE
>>Kmer Content	fail
#Sequence	Count	Obs/Exp Overall	Obs/Exp Max	Max Obs/Exp Position
TTTTT	6824370	7.892112	11.98464	2
AAAAA	5091130	5.8538694	7.798851	2
AAGAA	1937205	2.1628602	5.6407704	2
GAAAA	1876710	2.0953188	5.8325844	2
CTCCA	1955765	2.0174792	6.1156034	1
TTTAA	1712885	1.9763241	5.695145	7
CTTTT	1727630	1.9239867	5.8696737	1
CTCCT	1799525	1.858449	5.951384	1
GTTTT	1612685	1.8088557	7.4945445	1
CTGGA	1711225	1.7906288	5.33231	1
CTGAA	1655125	1.7836314	5.2442975	1
CTGCA	1630320	1.6938239	5.400615	1
GGAAA	1483590	1.6083882	6.986519	1
GGGAA	1362640	1.4344394	5.1490135	1
ATTTA	1236235	1.426366	5.0290475	6
CTGGG	1321350	1.3425807	5.4052625	1
>>END_MODULE
