##FastQC	0.10.1
>>Basic Statistics	pass
#Measure	Value	
Filename	F_parvapinis_NA_transfer_1_R1.fastq.gz	
File type	Conventional base calls	
Encoding	Sanger / Illumina 1.9	
Total Sequences	27260921	
Filtered Sequences	0	
Sequence length	100	
%GC	43	
>>END_MODULE
>>Per base sequence quality	pass
#Base	Mean	Median	Lower Quartile	Upper Quartile	10th Percentile	90th Percentile
1	29.880935790834066	31.0	30.0	34.0	25.0	34.0
2	30.259285883994895	31.0	30.0	34.0	26.0	34.0
3	29.812139655883232	31.0	30.0	34.0	25.0	34.0
4	31.354948976228645	35.0	32.0	37.0	10.0	37.0
5	32.50222316406698	35.0	32.0	37.0	19.0	37.0
6	32.94427238903631	35.0	33.0	37.0	26.0	37.0
7	33.11411500000312	36.0	35.0	37.0	27.0	37.0
8	33.10297630810052	36.0	35.0	37.0	26.0	37.0
9	34.54944086445209	39.0	35.0	39.0	27.0	39.0
10-14	34.5886882398434	39.2	35.0	39.4	26.4	39.4
15-19	34.62692158493105	39.0	33.8	41.0	20.2	41.0
20-24	34.770243213719745	39.0	34.0	41.0	23.0	41.0
25-29	34.431009766691304	39.0	34.0	41.0	19.8	41.0
30-34	34.00674436494644	38.4	33.2	41.0	16.8	41.0
35-39	33.54615836346835	38.0	33.0	40.2	11.4	41.0
40-44	33.23508101578813	38.0	33.0	40.0	7.6	41.0
45-49	32.799603439663684	38.0	32.0	40.0	2.0	41.0
50-54	32.223170728531144	37.4	31.4	40.0	2.0	41.0
55-59	30.913898228163305	36.2	29.0	40.0	2.0	41.0
60-64	30.780931553999956	35.2	30.0	39.0	2.0	41.0
65-69	30.07641413142278	35.0	29.0	38.2	2.0	40.0
70-74	29.2720757380134	34.8	29.0	36.6	2.0	39.4
75-79	28.12271193625483	33.8	27.4	35.2	2.0	37.4
80-84	27.98303711749137	34.0	27.6	35.0	2.0	36.6
85-89	27.425687804164795	34.0	26.6	35.0	2.0	35.8
90-94	26.342620324529754	33.8	22.8	35.0	2.0	35.0
95-99	26.160611411477994	33.6	24.2	35.0	2.0	35.0
100	25.18191810173985	33.0	19.0	35.0	2.0	35.0
>>END_MODULE
>>Per sequence quality scores	pass
#Quality	Count
2	953249.0
3	294717.0
4	161678.0
5	130617.0
6	139822.0
7	126481.0
8	120855.0
9	132906.0
10	154435.0
11	174179.0
12	193394.0
13	209914.0
14	211811.0
15	195704.0
16	182958.0
17	172758.0
18	167792.0
19	163180.0
20	161020.0
21	165884.0
22	180629.0
23	206641.0
24	245587.0
25	294835.0
26	355187.0
27	421020.0
28	497674.0
29	575461.0
30	677860.0
31	810903.0
32	982236.0
33	1236414.0
34	1642296.0
35	2325796.0
36	3351183.0
37	4650853.0
38	3800139.0
39	791896.0
40	957.0
>>END_MODULE
>>Per base sequence content	fail
#Base	G	A	T	C
1	30.944942362563598	16.651500128380274	11.339656525561484	41.06390098349464
2	20.072597841844615	19.021220035671995	43.92322035929589	16.982961763187497
3	21.158671594025613	23.4942379739168	28.529885928233657	26.817204503823934
4	22.405097844287553	30.97247027332093	23.934073301703297	22.68835858068822
5	24.749495987434493	32.10590216093954	25.834821082188487	17.309780769437477
6	19.5995008031402	34.372595490917085	27.707183041013145	18.32072066492957
7	17.535054921131334	19.313788715345435	42.7476143267846	20.40354203673863
8	18.1185804927879	21.970028917534563	34.932901993592495	24.978488596085047
9	19.857387389575557	20.81329671493262	35.990486181988715	23.33882971350311
10-14	21.292827060100542	27.586153075279302	29.833636951479352	21.287382913140803
15-19	21.639968013536496	26.455557487758803	30.184568999446366	21.719905499258335
20-24	21.61479030613584	26.651854862475272	29.989266575336128	21.74408825605276
25-29	21.71050778997612	26.89206406248269	29.630235037177457	21.767193110363735
30-34	21.461630403801646	26.94626393641953	29.62935571674124	21.962749943037586
35-39	21.61674991333275	27.239616962486114	29.306128175370123	21.837504948811016
40-44	21.901593181109476	27.215494274346707	28.880508745803912	22.002403798739905
45-49	21.763536515492294	27.30585762180574	28.912036461623835	22.018569401078125
50-54	21.827454493686588	27.336059577189246	28.75210430055266	22.084381628571503
55-59	21.845627399464266	27.3067662277858	28.736769895328155	22.11083647742177
60-64	21.88014092436337	27.308345173201893	28.63921475250251	22.172299149932226
65-69	21.87284244400445	27.736263480528162	28.27049456674003	22.120399508727353
70-74	21.932529029692567	27.80435230788532	28.101821642097107	22.161297020325005
75-79	21.8787447689339	27.79298702366627	28.105608144238627	22.2226600631612
80-84	21.873618276919064	27.924192750535326	28.02659666962317	22.175592302922436
85-89	21.94776833696775	27.97237714557841	27.865316038486355	22.214538478967484
90-94	21.891885054683822	27.95371982587433	27.789976728071448	22.364418391370407
95-99	21.914746185200464	28.15617563929979	27.741634420079812	22.187443755419935
100	22.086757074263886	27.885850797236767	27.573972320120255	22.453419808379095
>>END_MODULE
>>Per base GC content	fail
#Base	%GC
1	72.00884334605824
2	37.055559605032116
3	47.97587609784954
4	45.09345642497577
5	42.059276756871974
6	37.92022146806977
7	37.93859695786996
8	43.09706908887294
9	43.196217103078666
10-14	42.580209973241345
15-19	43.359873512794834
20-24	43.3588785621886
25-29	43.477700900339855
30-34	43.424380346839236
35-39	43.45425486214376
40-44	43.90399697984938
45-49	43.78210591657042
50-54	43.911836122258094
55-59	43.95646387688604
60-64	44.052440074295596
65-69	43.99324195273181
70-74	44.09382605001757
75-79	44.1014048320951
80-84	44.0492105798415
85-89	44.16230681593524
90-94	44.256303446054226
95-99	44.1021899406204
100	44.54017688264298
>>END_MODULE
>>Per sequence GC content	fail
#GC Content	Count
0	293553.0
1	187896.0
2	66552.5
3	48890.0
4	45917.5
5	44470.5
6	44318.0
7	44310.0
8	44237.5
9	43933.0
10	43009.5
11	42968.0
12	43004.0
13	42418.0
14	42059.0
15	41584.0
16	41939.0
17	43587.5
18	45878.0
19	50118.0
20	57036.5
21	67816.5
22	82937.0
23	103003.5
24	128560.5
25	161862.0
26	203980.0
27	250099.0
28	296414.0
29	339600.0
30	391948.0
31	464564.0
32	536256.0
33	587898.5
34	627907.5
35	676312.5
36	702776.5
37	700500.0
38	699840.0
39	699801.0
40	714733.0
41	733754.5
42	763028.0
43	775401.0
44	770690.5
45	776130.5
46	776347.0
47	789679.5
48	807837.5
49	816565.0
50	833010.5
51	850212.5
52	861575.0
53	878951.5
54	881675.0
55	867919.5
56	826159.5
57	759718.5
58	690652.5
59	617464.5
60	528930.5
61	430048.5
62	347806.0
63	284543.0
64	224878.0
65	169909.5
66	133193.5
67	107340.5
68	81892.5
69	59644.5
70	42683.5
71	29591.0
72	20800.0
73	16971.0
74	15146.5
75	12122.0
76	8399.5
77	5474.5
78	3557.5
79	2316.0
80	1925.0
81	1729.5
82	1547.5
83	1290.5
84	1148.5
85	952.5
86	751.5
87	575.0
88	352.5
89	246.5
90	189.5
91	140.5
92	113.5
93	85.5
94	55.5
95	29.0
96	20.0
97	15.0
98	12.0
99	6.0
100	1.5
>>END_MODULE
>>Per base N content	pass
#Base	N-Count
1	0.12185208269375786
2	0.0032354005941325316
3	0.004225829347438408
4	4.077320058262155
5	0.007982122100716993
6	0.012978284922948863
7	0.014067756551585327
8	0.016316396647053855
9	0.019834252848610654
10-14	0.02187160147670726
15-19	0.21152476836714357
20-24	0.005140692055121689
25-29	0.006085634450868333
30-34	0.015959108644935365
35-39	0.016044945803555206
40-44	0.01856797134623588
45-49	0.0070672593930337126
50-54	0.008142791654031058
55-59	0.9787725073558594
60-64	0.0022889908965291377
65-69	0.0022757851798183926
70-74	0.00330509743232813
75-79	0.003281620602620139
80-84	0.003766563866275831
85-89	0.004947008210030762
90-94	1.0495045270113947
95-99	0.01004734946409184
100	0.004640342121970127
>>END_MODULE
>>Sequence Length Distribution	pass
#Length	Count
100	2.7260921E7
>>END_MODULE
>>Sequence Duplication Levels	fail
#Total Duplicate Percentage	65.47732787703025
#Duplication Level	Relative count
1	100.0
2	28.7367441404815
3	14.866155617055668
4	9.874849991428082
5	7.305723592368543
6	5.490926012098651
7	4.590874580588278
8	3.862261516984644
9	3.22549043618819
10++	66.95892826528863
>>END_MODULE
>>Overrepresented sequences	fail
#Sequence	Count	Percentage	Possible Source
TTTTTTTTTTTTTTTTTTTTTTTTTTTTTTTTTTTTTTTTTTTTTTTTTT	446317	1.6372044069971077	No Hit
GATCGGAAGAGCACACGTCTGAACTCCAGTCACTAATGCGCATCTCGTAT	54469	0.1998061620882141	TruSeq Adapter, Index 3 (97% over 36bp)
>>END_MODULE
>>Kmer Content	fail
#Sequence	Count	Obs/Exp Overall	Obs/Exp Max	Max Obs/Exp Position
TTTTT	86001760	16.304728	23.376871	10-14
AAAAA	33122000	8.657176	14.013715	95-96
GAAGA	5480900	2.228618	5.4072456	2
CTGCA	4801780	2.2040303	5.476864	1
CTCCA	4843355	2.183945	7.964498	1
CTGGA	4523780	2.1136672	7.228147	1
CTCCT	4989380	2.1098485	7.6881948	1
CTCTG	4613165	1.9857453	5.52832	1
GGAAG	3705320	1.8791932	5.3683147	1
CTGAA	4899905	1.8355271	6.1371512	1
CCCAG	2889770	1.7330514	5.5375094	1
GGAAA	4199940	1.7077599	5.7474775	1
CTGGG	2902840	1.691688	6.3146915	1
CTCAG	3632650	1.6673963	7.1443906	1
GAGCA	3227725	1.6081346	6.1729164	9
AGAGC	3107240	1.5481058	5.624599	8
GTTTT	6077730	1.5324993	5.7480326	1
CTCCC	2549175	1.4084362	5.4622984	1
GTCAG	2733130	1.2770133	5.217062	1
>>END_MODULE
