##FastQC	0.10.1
>>Basic Statistics	pass
#Measure	Value	
Filename	F_catanatus_NA_BW_1_R1.fastq.gz	
File type	Conventional base calls	
Encoding	Sanger / Illumina 1.9	
Total Sequences	8030678	
Filtered Sequences	0	
Sequence length	100	
%GC	49	
>>END_MODULE
>>Per base sequence quality	pass
#Base	Mean	Median	Lower Quartile	Upper Quartile	10th Percentile	90th Percentile
1	30.131991844275166	31.0	30.0	34.0	26.0	34.0
2	30.46222784676462	31.0	30.0	34.0	26.0	34.0
3	30.01521714604919	31.0	30.0	34.0	25.0	34.0
4	31.786456137327384	35.0	32.0	37.0	16.0	37.0
5	32.843950411160804	35.0	33.0	37.0	19.0	37.0
6	33.24661417130658	36.0	33.0	37.0	27.0	37.0
7	33.38948666600753	36.0	35.0	37.0	28.0	37.0
8	33.37671501708822	37.0	35.0	37.0	27.0	37.0
9	34.83126107160566	39.0	35.0	39.0	27.0	39.0
10-14	34.89045941077453	39.2	35.2	39.4	27.0	39.4
15-19	35.04412484226114	39.0	34.6	41.0	22.6	41.0
20-24	35.25237754520852	39.0	35.0	41.0	25.2	41.0
25-29	34.90775279496949	39.0	34.0	41.0	24.0	41.0
30-34	34.482432691237285	38.8	33.8	41.0	22.0	41.0
35-39	34.049244932993204	38.0	33.0	40.0	19.0	41.0
40-44	33.7523944553623	38.0	33.0	40.0	16.8	41.0
45-49	33.225640475187774	38.0	32.6	40.0	12.8	41.0
50-54	32.55115744897255	36.8	31.6	40.0	7.8	41.0
55-59	31.198225056464718	35.2	29.6	39.4	2.8	41.0
60-64	30.956807582124448	35.0	30.0	38.6	2.0	40.4
65-69	30.227574010562996	35.0	29.6	37.2	2.0	39.8
70-74	29.450107201409395	34.2	29.0	35.8	2.0	39.0
75-79	28.364134510187064	33.4	27.8	35.0	2.0	37.0
80-84	28.303956203946917	34.0	28.8	35.0	2.0	36.0
85-89	27.77441184916143	34.0	27.4	35.0	2.0	35.2
90-94	26.712003370076598	33.4	24.8	35.0	2.0	35.0
95-99	26.452891798176942	33.0	25.0	35.0	2.0	35.0
100	25.279414390665394	32.0	20.0	35.0	2.0	35.0
>>END_MODULE
>>Per sequence quality scores	pass
#Quality	Count
2	233676.0
3	75153.0
4	42752.0
5	33863.0
6	32940.0
7	33650.0
8	35005.0
9	37928.0
10	41134.0
11	44046.0
12	45958.0
13	47054.0
14	48760.0
15	48911.0
16	48820.0
17	47411.0
18	46463.0
19	45253.0
20	45510.0
21	47602.0
22	51923.0
23	60778.0
24	73326.0
25	90286.0
26	109386.0
27	131889.0
28	157576.0
29	185105.0
30	220167.0
31	262504.0
32	320641.0
33	407098.0
34	543665.0
35	765993.0
36	1113735.0
37	1384007.0
38	922031.0
39	148481.0
40	198.0
>>END_MODULE
>>Per base sequence content	fail
#Base	G	A	T	C
1	32.24444923195383	15.686636066502496	9.120766420409153	42.94814828113452
2	24.334348060955385	18.751997099022987	37.24744402456765	19.66621081545398
3	24.301470089208053	23.313440831627197	23.794392483794873	28.59069659536988
4	25.63308031920985	30.425532134896173	19.823574284844977	24.117813261049
5	27.823637975780702	31.497765866828725	21.702548954166645	18.976047203223924
6	22.016006591638128	34.099061630596026	23.08760858462231	20.79732319314354
7	20.398037336829773	18.697632155833404	37.99106743659442	22.913263070742403
8	20.940131395164773	21.195506445277694	30.119933489153006	27.74442867040453
9	22.295339062950312	20.439490666393663	31.036604336345107	26.22856593431092
10-14	23.98089350073379	26.65032568009704	25.325101561348884	24.043679257820287
15-19	24.289181216762824	25.376176488220132	25.92893956391012	24.405702731106928
20-24	24.1551056217752	25.626057519707473	25.874077856264265	24.34475900225306
25-29	24.2151907826429	25.726698631307908	25.70625830987358	24.351852276175617
30-34	24.02198046084391	25.814395328716166	25.638599466728973	24.52502474371095
35-39	24.2820603028794	25.708354779834846	25.584405957315038	24.425178959970715
40-44	24.53346626317094	25.567699524098458	25.38246825191244	24.516365960818163
45-49	24.42245440160757	25.6413388894991	25.41588677855212	24.520319930341202
50-54	24.44217388633907	25.685979007862024	25.283627289052085	24.588219816746815
55-59	24.826912572931253	25.312635406682592	25.201533905500284	24.658918114885868
60-64	24.767220766906664	25.305402498509306	25.165956364973454	24.761420369610583
65-69	24.71458554693083	25.355922070808273	25.19721922468443	24.73227315757646
70-74	24.94549257741937	25.39128749442336	24.956251727347897	24.706968200809374
75-79	24.89408506149826	25.27872063859682	25.01964284148807	24.80755145841685
80-84	24.877891462791723	25.244350941461395	25.02192493139594	24.855832664350938
85-89	24.87345367237952	25.41346088157451	24.84449086971867	24.868594576327297
90-94	24.79540655163814	25.39038949011192	24.89713236181039	24.91707159643955
95-99	24.65964049396413	25.396818754951518	24.94818591162907	24.99535483945528
100	24.827681792580073	24.990526561305508	24.595898533400863	25.58589311271356
>>END_MODULE
>>Per base GC content	fail
#Base	%GC
1	75.19259751308836
2	44.000558876409364
3	52.89216668457794
4	49.75089358025885
5	46.799685179004626
6	42.813329784781665
7	43.311300407572176
8	48.68456006556931
9	48.52390499726123
10-14	48.02457275855408
15-19	48.69488394786975
20-24	48.49986462402826
25-29	48.56704305881851
30-34	48.547005204554864
35-39	48.707239262850116
40-44	49.04983222398911
45-49	48.942774331948776
50-54	49.030393703085885
55-59	49.48583068781712
60-64	49.528641136517244
65-69	49.4468587045073
70-74	49.65246077822874
75-79	49.701636519915105
80-84	49.73372412714266
85-89	49.742048248706816
90-94	49.712478148077686
95-99	49.65499533341941
100	50.413574905293636
>>END_MODULE
>>Per sequence GC content	warn
#GC Content	Count
0	8746.0
1	5905.5
2	2638.5
3	2202.0
4	2115.0
5	2076.0
6	2080.5
7	2054.5
8	2080.5
9	2122.0
10	2161.5
11	2164.0
12	2199.5
13	2284.5
14	2343.5
15	2386.0
16	2503.5
17	2839.5
18	3428.5
19	4265.5
20	5489.5
21	7244.5
22	9856.5
23	13273.5
24	17771.5
25	23571.5
26	30109.5
27	37794.5
28	47297.0
29	58129.0
30	69754.5
31	82605.5
32	95688.5
33	107051.5
34	117953.0
35	127950.0
36	135908.5
37	144446.5
38	153414.5
39	162895.5
40	170601.5
41	177729.5
42	186618.0
43	199115.5
44	217350.5
45	238244.5
46	252841.5
47	258228.5
48	263995.5
49	270227.0
50	278228.5
51	293288.5
52	305692.5
53	312490.0
54	309602.5
55	301097.0
56	291290.0
57	276404.5
58	261574.0
59	236873.5
60	208235.5
61	181342.5
62	157461.0
63	135980.0
64	112913.0
65	95656.0
66	83891.5
67	73639.5
68	64973.0
69	52509.5
70	39822.5
71	30089.0
72	22661.0
73	19915.5
74	21651.5
75	23495.0
76	19094.0
77	13698.0
78	9638.0
79	7489.0
80	7390.5
81	8912.0
82	10069.0
83	8781.0
84	5798.5
85	3238.5
86	1984.0
87	1414.0
88	983.0
89	761.0
90	689.0
91	580.5
92	504.0
93	434.5
94	298.5
95	253.5
96	203.0
97	123.0
98	86.0
99	56.0
100	31.0
>>END_MODULE
>>Per base N content	pass
#Base	N-Count
1	0.12210675113608091
2	0.003486629646961315
3	0.004345834809962496
4	3.6587695335312906
5	0.008940714594707943
6	0.01383444834919293
7	0.014693653512194113
8	0.016324898097022443
9	0.01892741808350428
10-14	0.022252168496856677
15-19	0.17170903876360127
20-24	0.005596040583372911
25-29	0.0058724805053819865
30-34	0.01699731952893641
35-39	0.017388320139345645
40-44	0.019677043457600966
45-49	0.008467529142620337
50-54	0.009194740468986554
55-59	0.9168565842136865
60-64	0.002410755355898966
65-69	0.0024680357000990455
70-74	0.0037829931669530266
75-79	0.0033820307575524755
80-84	0.004012114543753342
85-89	0.0047044595736499455
90-94	0.9777157047013963
95-99	0.010156054071648745
100	0.00412169433265784
>>END_MODULE
>>Sequence Length Distribution	pass
#Length	Count
100	8030678.0
>>END_MODULE
>>Sequence Duplication Levels	warn
#Total Duplicate Percentage	41.94162545137167
#Duplication Level	Relative count
1	100.0
2	14.807554844842706
3	5.828254765992882
4	3.515080950029845
5	2.495928548794777
6	1.8135459576569075
7	1.422244493408302
8	1.2159085047273048
9	1.1061082821792028
10++	15.178222710223212
>>END_MODULE
>>Overrepresented sequences	warn
#Sequence	Count	Percentage	Possible Source
TTTTTTTTTTTTTTTTTTTTTTTTTTTTTTTTTTTTTTTTTTTTTTTTTT	18755	0.23354192510271235	No Hit
CTGCAAGTCATTTAGCACCACGTTCTCCACAAACATGCTATGCGTAATCG	9484	0.1180971270420754	No Hit
>>END_MODULE
>>Kmer Content	fail
#Sequence	Count	Obs/Exp Overall	Obs/Exp Max	Max Obs/Exp Position
TTTTT	6269250	7.805198	11.989231	2
AAAAA	4163705	5.161864	7.7874427	2
GAAGA	1682460	2.2327294	5.673364	2
AAGAA	1705245	2.1872368	5.2391596	2
CTCCA	1616380	2.1709456	6.2738833	1
CTCCT	1585250	2.1309416	6.3171654	1
CTGGA	1483160	2.022637	6.2162757	1
GAAAA	1546935	1.9841799	5.365457	2
CTTCA	1443520	1.8898463	5.2587523	1
CTGCA	1387670	1.878036	5.4831495	1
CTTTT	1464295	1.8702463	5.5397687	1
CTGAA	1382325	1.8220389	5.311497	1
GTTTT	1372170	1.7659984	6.7757654	1
CTCAG	1190060	1.6105957	5.162662	1
GGAAA	1204970	1.5990704	6.2417426	1
CTGGG	1053235	1.4860643	5.2746596	1
>>END_MODULE
