##FastQC	0.10.1
>>Basic Statistics	pass
#Measure	Value	
Filename	L_parva_NA_transfer_3_R1.fastq.gz	
File type	Conventional base calls	
Encoding	Sanger / Illumina 1.9	
Total Sequences	12882551	
Filtered Sequences	0	
Sequence length	100	
%GC	49	
>>END_MODULE
>>Per base sequence quality	pass
#Base	Mean	Median	Lower Quartile	Upper Quartile	10th Percentile	90th Percentile
1	30.904538084110825	33.0	31.0	34.0	26.0	34.0
2	31.224825890462224	34.0	31.0	34.0	27.0	34.0
3	30.957862460626004	34.0	31.0	34.0	27.0	34.0
4	34.46117923383342	37.0	35.0	37.0	30.0	37.0
5	32.9537044332291	37.0	35.0	37.0	25.0	37.0
6	33.3581387723596	37.0	35.0	37.0	22.0	37.0
7	33.97826183649496	37.0	35.0	37.0	30.0	37.0
8	34.10198484756629	37.0	35.0	37.0	30.0	37.0
9	35.694411300991554	39.0	37.0	39.0	30.0	39.0
10-14	35.80967802106896	39.2	36.6	39.4	30.0	39.4
15-19	36.62134811653375	40.0	37.0	41.0	29.8	41.0
20-24	36.42825356561756	40.0	37.0	41.0	29.0	41.0
25-29	36.12832486360815	40.0	36.0	41.0	27.4	41.0
30-34	35.746183764380206	40.0	35.8	41.0	26.4	41.0
35-39	35.41068305493221	39.4	35.0	41.0	25.2	41.0
40-44	35.18133251713888	39.0	35.0	41.0	24.6	41.0
45-49	34.70962907889905	39.0	34.4	41.0	23.4	41.0
50-54	34.081495939740506	38.0	33.6	40.2	21.8	41.0
55-59	33.34628879016275	36.8	33.0	40.0	19.4	41.0
60-64	32.55854785282821	35.4	32.4	39.2	16.0	41.0
65-69	31.829130798705943	35.0	32.0	37.8	11.6	40.2
70-74	31.068817938310513	35.0	31.2	36.4	6.8	39.2
75-79	30.04205032062361	34.6	30.4	35.2	2.0	37.4
80-84	29.98362085273328	35.0	31.0	35.0	2.0	36.4
85-89	29.519791972878664	34.4	30.6	35.0	2.0	35.6
90-94	29.06951516046783	34.0	30.0	35.0	2.0	35.0
95-99	28.56865620792031	34.0	30.0	35.0	2.0	35.0
100	27.46806079013388	34.0	27.0	35.0	2.0	35.0
>>END_MODULE
>>Per sequence quality scores	pass
#Quality	Count
2	289699.0
3	103414.0
4	54241.0
5	42645.0
6	42342.0
7	41506.0
8	42147.0
9	45499.0
10	48997.0
11	51574.0
12	53250.0
13	54544.0
14	55346.0
15	54850.0
16	54306.0
17	53388.0
18	52700.0
19	51477.0
20	51960.0
21	53114.0
22	58902.0
23	68683.0
24	83007.0
25	102353.0
26	125012.0
27	153796.0
28	184264.0
29	217160.0
30	262927.0
31	321557.0
32	400503.0
33	523347.0
34	725164.0
35	1095312.0
36	1866593.0
37	2787685.0
38	2191711.0
39	417043.0
40	533.0
>>END_MODULE
>>Per base sequence content	fail
#Base	G	A	T	C
1	34.50227345671163	14.569524546857524	8.9570141764385	41.97118781999235
2	25.5280766964386	18.205211862166806	35.87509092925958	20.391620512135013
3	25.261673965037684	22.868015280390193	23.280315668454968	28.589995086117153
4	26.27327879089557	30.056714032903702	19.460654639673056	24.20935253652767
5	28.38994459711197	31.48853115959814	21.222315655641076	18.899208587648815
6	22.356876650231587	34.420680091488116	22.59106374116324	20.63137951711706
7	20.24486410546941	18.479590386540472	38.43653530881379	22.839010199176332
8	21.02854024710887	21.482780618683975	29.559097847416183	27.929581286790967
9	22.411882649678226	20.44565294883199	31.064149154562077	26.0783152469277
10-14	24.359840159501882	26.689744328114497	25.22411001812396	23.726305494259663
15-19	24.686088998490707	25.23813113369366	25.651374218837013	24.42440564897862
20-24	24.44134331966944	25.609467297575517	25.67066986624478	24.278519516510265
25-29	24.54534197529227	25.811702373379102	25.39782392756641	24.245131723762217
30-34	24.299119305474683	25.68290253445226	25.587784251454853	24.430193908618197
35-39	24.40705162231645	25.781137549143757	25.439431784122128	24.372379044417663
40-44	24.473278049765522	25.666323470762187	25.410968074766956	24.449430404705332
45-49	24.491628101997083	25.65955679100537	25.37028449855577	24.47853060844178
50-54	24.504367643950413	25.704759942269174	25.37399289092443	24.416879522855982
55-59	24.553570631496036	25.569722376516918	25.298753339041696	24.577953652945347
60-64	24.542380890448683	25.51034008885878	25.346770368622074	24.60050865207046
65-69	24.5041812346249	25.656860474945773	25.30609149400979	24.532866796419526
70-74	24.59310861469274	25.591348378602692	25.243270999258847	24.572272007445722
75-79	24.576290027644838	25.472857727062287	25.28288836522855	24.667963880064324
80-84	24.53449033786881	25.529881018953198	25.25757935814083	24.67804928503716
85-89	24.66190477351173	25.474221361164467	25.15469471722604	24.70917914809776
90-94	24.489789676144433	25.397229796402776	25.220939059824765	24.89204146762803
95-99	24.566292947712643	25.538673187492783	25.215553667772923	24.67948019702165
100	24.85778714870443	25.238048698164086	24.874228793325344	25.02993535980614
>>END_MODULE
>>Per base GC content	fail
#Base	%GC
1	76.47346127670399
2	45.919697208573616
3	53.851669051154836
4	50.48263132742324
5	47.289153184760785
6	42.988256167348645
7	43.08387430464574
8	48.95812153389984
9	48.49019789660593
10-14	48.08614565376155
15-19	49.110494647469324
20-24	48.71986283617971
25-29	48.79047369905449
30-34	48.72931321409288
35-39	48.77943066673412
40-44	48.92270845447085
45-49	48.97015871043886
50-54	48.921247166806396
55-59	49.13152428444138
60-64	49.14288954251915
65-69	49.037048031044435
70-74	49.16538062213846
75-79	49.244253907709165
80-84	49.21253962290598
85-89	49.3710839216095
90-94	49.38183114377246
95-99	49.245773144734294
100	49.88772250851057
>>END_MODULE
>>Per sequence GC content	warn
#GC Content	Count
0	3298.0
1	2392.0
2	1337.0
3	1217.5
4	1219.0
5	1233.5
6	1316.5
7	1383.0
8	1402.0
9	1485.0
10	1564.0
11	1601.5
12	1716.0
13	1840.0
14	1983.5
15	2250.0
16	2609.5
17	3217.0
18	4177.5
19	5590.5
20	7687.5
21	10930.0
22	15383.0
23	21235.5
24	29023.5
25	38244.5
26	49885.0
27	63917.0
28	78708.0
29	95378.0
30	113916.0
31	133943.5
32	154662.0
33	174177.5
34	190443.5
35	204777.5
36	220362.0
37	234745.5
38	248492.5
39	266032.0
40	282650.0
41	298344.5
42	313806.0
43	331237.0
44	353797.0
45	375076.0
46	393593.0
47	414132.0
48	433706.5
49	446988.0
50	459068.0
51	471731.0
52	481897.5
53	482605.0
54	472025.5
55	458572.5
56	448299.0
57	430633.5
58	406218.0
59	378660.0
60	347545.5
61	311929.5
62	274038.5
63	241233.0
64	209992.0
65	181792.5
66	154986.0
67	130891.0
68	109166.5
69	87690.5
70	69279.5
71	53874.5
72	42146.0
73	33660.0
74	26417.0
75	20330.0
76	15637.5
77	12009.0
78	9134.5
79	6827.0
80	5231.0
81	4002.0
82	2672.0
83	1754.0
84	1211.5
85	840.0
86	588.0
87	424.0
88	305.5
89	210.5
90	155.5
91	113.5
92	88.0
93	65.5
94	50.5
95	38.0
96	23.5
97	15.0
98	7.0
99	5.0
100	2.5
>>END_MODULE
>>Per base N content	pass
#Base	N-Count
1	0.016805677695357076
2	0.0022045323166195886
3	0.005286220097246268
4	0.008406720066545826
5	3.535021906763652
6	0.03736061281651437
7	0.0467376375998822
8	0.05254394102534506
9	0.046799737101758804
10-14	0.05173819998849607
15-19	0.03052656263499364
20-24	0.02602745372403338
25-29	0.025698326364087365
30-34	0.04946535821981221
35-39	0.047294980629224756
40-44	0.03857310559065514
45-49	0.02911690394239464
50-54	0.015099493881297266
55-59	0.004940015374284177
60-64	0.004520843736617072
65-69	8.69393026272514E-4
70-74	0.003224516634942877
75-79	0.0044944514483195135
80-84	0.0057022867598195415
85-89	0.0023877258471555825
90-94	0.009440676772791352
95-99	0.01786602668990016
100	0.004874810897313738
>>END_MODULE
>>Sequence Length Distribution	pass
#Length	Count
100	1.2882551E7
>>END_MODULE
>>Sequence Duplication Levels	warn
#Total Duplicate Percentage	43.30169122681949
#Duplication Level	Relative count
1	100.0
2	21.384553027107064
3	8.930358752926189
4	5.1955894152583735
5	3.5337618184976547
6	2.6643836183007834
7	2.1407714387340664
8	1.6626547881976326
9	1.4194605057448446
10++	18.506754018082404
>>END_MODULE
>>Overrepresented sequences	pass
>>END_MODULE
>>Kmer Content	warn
#Sequence	Count	Obs/Exp Overall	Obs/Exp Max	Max Obs/Exp Position
TTTTT	7479030	5.761805	9.456758	2
AAAAA	6738945	5.1113753	7.6557593	2
CTCCT	2901600	2.450524	6.727902	1
CTCCA	2740510	2.307275	6.8077326	1
TCCAG	2688080	2.2673326	5.1792283	7
CTGGA	2672155	2.258082	6.6869736	1
GAAGA	2688025	2.1892817	5.3573933	2
CTCTG	2530650	2.1412065	5.00455	1
GAAAA	2585975	2.032504	5.4358406	2
GTTTT	2339505	1.8618512	7.365075	1
GGAAA	2011730	1.6384685	5.9624133	1
CTCAG	1931880	1.6294955	5.0731745	1
CTGGG	1723880	1.5095458	5.2098217	1
>>END_MODULE
