##FastQC	0.10.1
>>Basic Statistics	pass
#Measure	Value	
Filename	F_notatus_NA_BW_3_R2.fastq.gz	
File type	Conventional base calls	
Encoding	Sanger / Illumina 1.9	
Total Sequences	32548515	
Filtered Sequences	0	
Sequence length	100	
%GC	49	
>>END_MODULE
>>Per base sequence quality	pass
#Base	Mean	Median	Lower Quartile	Upper Quartile	10th Percentile	90th Percentile
1	30.500613438124596	31.0	31.0	34.0	27.0	34.0
2	30.54919872688508	31.0	31.0	34.0	27.0	34.0
3	30.59662764952564	33.0	31.0	34.0	27.0	34.0
4	33.993703030691265	37.0	35.0	37.0	30.0	37.0
5	33.94262036225001	37.0	35.0	37.0	30.0	37.0
6	33.896963594191625	37.0	35.0	37.0	30.0	37.0
7	33.91185361298357	37.0	35.0	37.0	30.0	37.0
8	33.86210105130756	37.0	35.0	37.0	30.0	37.0
9	35.36506458128735	39.0	35.0	39.0	30.0	39.0
10-14	35.47094917233551	39.2	35.4	39.4	29.0	39.4
15-19	36.275465906816336	40.0	36.0	41.0	28.2	41.0
20-24	36.04932371876259	40.0	36.0	41.0	27.0	41.0
25-29	35.8031848088922	40.0	36.0	41.0	27.0	41.0
30-34	34.99799170561238	39.6	35.2	41.0	20.6	41.0
35-39	34.908213010639656	39.0	34.8	41.0	24.0	41.0
40-44	34.6075642652207	39.0	34.0	40.6	22.8	41.0
45-49	34.28630956588957	38.0	34.0	40.0	22.0	41.0
50-54	33.45993940430155	37.6	33.0	39.6	20.2	40.6
55-59	33.38334027220597	37.2	33.0	40.0	18.8	41.0
60-64	32.622464428868724	35.6	32.6	39.2	15.4	41.0
65-69	31.797643284186698	35.0	32.0	38.0	9.8	40.2
70-74	31.064204883079924	35.0	31.2	36.6	4.8	39.2
75-79	30.33214720241461	35.0	31.0	35.4	2.0	37.6
80-84	29.69918623937221	34.4	30.4	35.0	2.0	36.4
85-89	29.182348952018238	34.0	30.0	35.0	2.0	35.6
90-94	28.688928407332874	34.0	29.6	35.0	2.0	35.0
95-99	28.106793916711716	34.0	29.0	35.0	2.0	35.0
100	26.819588697057302	33.0	25.0	35.0	2.0	35.0
>>END_MODULE
>>Per sequence quality scores	pass
#Quality	Count
2	1078451.0
3	164931.0
4	110920.0
5	94304.0
6	93426.0
7	97457.0
8	104163.0
9	111752.0
10	120187.0
11	125219.0
12	123221.0
13	121770.0
14	122845.0
15	125118.0
16	126935.0
17	125881.0
18	126907.0
19	128836.0
20	133745.0
21	143186.0
22	159482.0
23	185748.0
24	223866.0
25	271866.0
26	328104.0
27	394431.0
28	473664.0
29	568079.0
30	691587.0
31	858506.0
32	1094481.0
33	1434336.0
34	1988137.0
35	2948864.0
36	4842676.0
37	6847488.0
38	4960287.0
39	896395.0
40	1264.0
>>END_MODULE
>>Per base sequence content	fail
#Base	G	A	T	C
1	37.62755304324414	14.127006275382906	7.38972285415897	40.85571782721398
2	25.812690625598545	17.47344440151581	37.74285335845483	18.971011614430815
3	25.942103105254844	22.335798055473767	22.84600107079873	28.876097768472665
4	27.85328541511959	28.681284684630526	19.090637624624637	24.37479227562525
5	29.698532136046076	29.632023690506248	21.51626592239173	19.153178251055948
6	22.93838139810828	32.89409034553524	22.893141600596945	21.274386655759532
7	21.19785145946069	18.622202968634767	37.032225802986524	23.14771976891802
8	21.239509210072143	21.09222243840306	29.767551297100397	27.900717054424394
9	22.580964594261623	20.08445702671509	31.150352267448746	26.184226111574542
10-14	24.850815462723723	26.078177675621344	25.004373421993098	24.06663343966184
15-19	25.05556402487849	24.821206404293395	25.432559756893014	24.690669813935102
20-24	24.864886470750545	25.28260131280086	25.353099337284878	24.499412879163714
25-29	24.907189357337636	25.3382237129302	25.16919391036405	24.585393019368112
30-34	25.079379455845547	25.26975489463506	25.171779687707456	24.479085961811936
35-39	24.747555350771577	25.319677663442175	25.244793837948247	24.687973147838
40-44	24.959728643277767	25.23807177352781	25.171295720623977	24.63090386257045
45-49	24.92154857943288	25.26346488963326	25.053253739392023	24.76173279154184
50-54	24.84684394141971	25.343058159558197	25.151215584217685	24.65888231480441
55-59	25.07898206839106	25.186002548160534	24.956980836701835	24.778034546746568
60-64	24.96043441728793	25.135599386168195	24.97115727230514	24.93280892423873
65-69	24.860479363459312	25.208482105071038	25.121595782609525	24.809442748860125
70-74	25.013448640053426	25.22563938727348	24.995924552056408	24.764987420616688
75-79	24.963330554194105	25.14727891663997	24.95940989165636	24.929980637509566
80-84	24.993536564641726	25.241111854879012	24.95288343306157	24.81246814741769
85-89	25.18401709593096	25.13905550382136	24.81790733497516	24.859020065272517
90-94	25.053920374242377	25.07943426206016	24.85496553620921	25.011679827488248
95-99	25.082606536979675	25.174175964448175	24.950809612271172	24.79240788630098
100	25.629021264546203	24.80969874739513	24.338798475339914	25.222481512718748
>>END_MODULE
>>Per base GC content	fail
#Base	%GC
1	78.48327087045813
2	44.783702240029356
3	54.818200873727505
4	52.22807769074483
5	48.851710387102024
6	44.21276805386781
7	44.34557122837871
8	49.14022626449654
9	48.76519070583616
10-14	48.91744890238556
15-19	49.746233838813595
20-24	49.364299349914255
25-29	49.492582376705755
30-34	49.55846541765748
35-39	49.43552849860958
40-44	49.59063250584821
45-49	49.68328137097472
50-54	49.50572625622412
55-59	49.85701661513763
60-64	49.89324334152666
65-69	49.66992211231943
70-74	49.77843606067011
75-79	49.893311191703674
80-84	49.80600471205942
85-89	50.04303716120347
90-94	50.06560020173063
95-99	49.87501442328065
100	50.851502777264955
>>END_MODULE
>>Per sequence GC content	warn
#GC Content	Count
0	7978.0
1	5497.0
2	2858.0
3	2559.0
4	2266.5
5	2000.0
6	1849.5
7	1805.0
8	1834.0
9	1895.5
10	1970.5
11	2083.0
12	2261.5
13	2507.0
14	2808.5
15	3213.5
16	3932.5
17	5050.0
18	6619.0
19	8963.5
20	12714.5
21	18398.0
22	26305.5
23	37477.0
24	53091.0
25	71922.0
26	95074.0
27	122221.0
28	151639.5
29	187332.5
30	229242.5
31	274657.0
32	325366.5
33	369054.5
34	410087.0
35	453286.0
36	487889.0
37	526197.5
38	568288.5
39	608732.5
40	646324.0
41	676578.0
42	718108.5
43	773433.5
44	825474.0
45	878969.5
46	938066.5
47	999915.0
48	1076884.5
49	1160067.0
50	1227103.0
51	1284765.0
52	1352335.0
53	1394291.5
54	1397267.0
55	1391714.5
56	1367955.5
57	1303302.5
58	1216771.5
59	1116881.5
60	987660.0
61	851104.0
62	726079.5
63	618499.5
64	520928.0
65	429342.0
66	348711.0
67	285150.0
68	231328.0
69	180887.0
70	135714.5
71	98917.0
72	73750.5
73	56168.0
74	42401.0
75	31974.5
76	24040.0
77	17164.5
78	11943.0
79	8531.5
80	6545.5
81	5459.0
82	4479.0
83	3498.5
84	2404.0
85	1491.5
86	1010.5
87	698.0
88	486.0
89	335.0
90	215.5
91	142.5
92	96.0
93	66.5
94	49.5
95	29.5
96	19.0
97	17.5
98	12.0
99	9.5
100	8.5
>>END_MODULE
>>Per base N content	pass
#Base	N-Count
1	0.036422552611079184
2	0.050650544272142675
3	0.037037019968499334
4	0.03505229040403226
5	0.04393748839232758
6	0.0331566586063911
7	0.0368987648130798
8	0.04308952343908777
9	0.03386022373063717
10-14	0.030482496666898628
15-19	0.047358842638442956
20-24	0.04558548984492841
25-29	0.027429208367877923
30-34	0.053544071058234145
35-39	0.053226391434447934
40-44	0.09024129057808014
45-49	0.06548870201912438
50-54	0.06263327220919294
55-59	0.06998107286922306
60-64	0.06103135580839863
65-69	0.06296877138634435
70-74	0.06014222154221168
75-79	0.05622007639979889
80-84	0.061900212651790715
85-89	0.05965802126456461
90-94	0.052882904181650064
95-99	0.049283968869240274
100	0.04961516677488973
>>END_MODULE
>>Sequence Length Distribution	pass
#Length	Count
100	3.2548515E7
>>END_MODULE
>>Sequence Duplication Levels	fail
#Total Duplicate Percentage	58.43554786523962
#Duplication Level	Relative count
1	100.0
2	32.60108103268837
3	15.568661242851867
4	9.28166161214875
5	6.265737083002271
6	4.7079756935507335
7	3.6728253449568595
8	2.9577322933336316
9	2.56381562013899
10++	46.196801665193206
>>END_MODULE
>>Overrepresented sequences	pass
>>END_MODULE
>>Kmer Content	warn
#Sequence	Count	Obs/Exp Overall	Obs/Exp Max	Max Obs/Exp Position
TTTTT	13946755	4.4865494	7.7865195	2
AAAAA	12573865	4.109481	6.6787257	2
CTCCT	7768795	2.5904543	7.096732	1
CTCCA	7372435	2.4660904	6.754394	1
TCCAG	7097215	2.346834	5.1086707	7
CTGGA	7052730	2.3054092	7.130723	1
CTCTG	6919265	2.2807548	5.35506	1
GAAGA	6895635	2.2414148	5.7704315	2
CTTCA	6547430	2.164086	5.1712737	1
GGAGA	6247105	2.0250783	5.238494	1
GAAAA	5983665	1.9502953	5.448356	2
CTTTT	5712635	1.8598163	5.2158	1
GTTTT	5614815	1.8070302	8.042799	1
CTTTG	5377315	1.7514178	5.1516647	1
CTCAG	5254675	1.7375617	5.525493	1
GGAAG	5279110	1.71129	5.5642266	1
GGAAA	5014555	1.6299728	6.4167347	1
CTGGG	4741950	1.5458331	5.9699554	1
GGGAG	4315185	1.3950098	5.0394554	1
GTTTG	4328930	1.3938026	5.3910027	1
>>END_MODULE
