##FastQC	0.10.1
>>Basic Statistics	pass
#Measure	Value	
Filename	F_olivaceous_NA_FW_2_R1.fastq.gz	
File type	Conventional base calls	
Encoding	Sanger / Illumina 1.9	
Total Sequences	9787700	
Filtered Sequences	0	
Sequence length	100	
%GC	49	
>>END_MODULE
>>Per base sequence quality	pass
#Base	Mean	Median	Lower Quartile	Upper Quartile	10th Percentile	90th Percentile
1	30.04184180144467	31.0	30.0	34.0	25.0	34.0
2	30.32851476853602	31.0	30.0	34.0	26.0	34.0
3	28.916439919490788	31.0	30.0	34.0	16.0	34.0
4	32.591571666479354	37.0	33.0	37.0	19.0	37.0
5	33.30178765184875	37.0	33.0	37.0	28.0	37.0
6	30.70928134290998	37.0	32.0	37.0	10.0	37.0
7	31.55098920073153	37.0	32.0	37.0	17.0	37.0
8	32.68182790645402	37.0	32.0	37.0	25.0	37.0
9	34.37360431970739	38.0	35.0	39.0	27.0	39.0
10-14	33.99526573147931	38.8	34.2	39.4	21.2	39.4
15-19	35.16225807901754	39.4	34.4	41.0	25.0	41.0
20-24	35.135995075451845	40.0	34.8	41.0	24.6	41.0
25-29	34.78156915312075	39.0	34.0	41.0	22.6	41.0
30-34	34.36575076882209	39.0	33.6	41.0	19.0	41.0
35-39	34.033613821428936	39.0	33.0	41.0	16.0	41.0
40-44	33.75467094414419	38.6	33.0	41.0	14.4	41.0
45-49	33.31932231269859	38.0	32.8	40.0	9.2	41.0
50-54	32.658669738549406	37.2	32.0	40.0	4.0	41.0
55-59	31.984139276847475	36.0	31.0	39.8	2.0	41.0
60-64	31.173085178336077	35.0	30.6	39.0	2.0	40.8
65-69	30.44555180481625	35.0	30.0	37.4	2.0	40.0
70-74	29.647537031171776	34.8	29.4	36.2	2.0	39.0
75-79	28.617879420088478	33.8	28.4	35.0	2.0	37.2
80-84	28.4970106562318	34.0	29.0	35.0	2.0	36.2
85-89	27.99604035677432	34.0	28.4	35.0	2.0	35.4
90-94	27.551798870010323	34.0	27.4	35.0	2.0	35.0
95-99	26.97355127353719	34.0	26.8	35.0	2.0	35.0
100	25.915366020617714	33.0	24.0	35.0	2.0	35.0
>>END_MODULE
>>Per sequence quality scores	pass
#Quality	Count
2	367549.0
3	112327.0
4	55832.0
5	39604.0
6	38663.0
7	39693.0
8	41225.0
9	43754.0
10	46745.0
11	49065.0
12	50346.0
13	51577.0
14	52047.0
15	52179.0
16	52326.0
17	51651.0
18	49654.0
19	48904.0
20	48343.0
21	48783.0
22	53211.0
23	61947.0
24	74200.0
25	92985.0
26	118776.0
27	157249.0
28	197118.0
29	206736.0
30	246516.0
31	286935.0
32	330538.0
33	429395.0
34	590947.0
35	865837.0
36	1339482.0
37	1824446.0
38	1329454.0
39	241317.0
40	344.0
>>END_MODULE
>>Per base sequence content	fail
#Base	G	A	T	C
1	33.38268789335164	15.97344255925332	7.639260135356447	43.0046094120386
2	22.820233756276508	18.802798078487115	38.95786044101287	19.4191077242235
3	23.42005179814997	23.781123330367823	23.51198685621416	29.286838015268046
4	25.487660085787795	30.180342374633952	19.85900598144057	24.472991558137682
5	27.633886747968944	30.996495821799886	21.867862275537213	19.501755154693956
6	21.19784309959873	35.35547363291817	22.94379331826722	20.502889949215884
7	20.33321883602947	18.921519201054778	37.769086974788756	22.976174988126992
8	20.604471469186215	20.998201870814732	30.560551494417666	27.83677516558139
9	21.827860745126117	20.357934106553635	31.63937679885323	26.174828349467017
10-14	24.0579093661953	26.729106469166968	25.213897394416524	23.999086770221208
15-19	24.41704718174401	25.330976225581882	25.74790519222432	24.504071400449796
20-24	24.243157691332602	25.760804066109948	25.656151131696397	24.33988711086105
25-29	24.269000308494093	25.696838492460184	25.632423618078796	24.401737580966927
30-34	24.17359226626371	25.759183102528393	25.514509688439645	24.552714942768255
35-39	24.328801539156835	25.78548456410395	25.434248251080326	24.45146564565889
40-44	24.420352234921772	25.725362587528483	25.350424102151198	24.503861075398547
45-49	24.391357816880987	25.716979310404593	25.328686113121062	24.562976759593358
50-54	24.430970312254278	25.80018575214239	25.25021921266556	24.518624722937773
55-59	24.667769863676565	25.483875450174676	25.173381618977714	24.674973067171045
60-64	24.592848410294536	25.46770735073394	25.14971782774806	24.789726411223466
65-69	24.49108039608772	25.5557170085143	25.20443864539746	24.748763950000512
70-74	24.689590751914157	25.523904783139024	25.085595099455137	24.700909365491682
75-79	24.6372221511212	25.389809747622788	25.1436812290442	24.829286872211814
80-84	24.636980615432556	25.39101551225169	25.14050426950909	24.831499602806662
85-89	24.684670660496025	25.510191841904238	24.932651102909645	24.872486394690092
90-94	24.57903046452979	25.485056083699646	25.037486339204296	24.898427112566264
95-99	24.474087666869842	25.52571714788618	25.135264906946	24.86493027829798
100	24.775714105136707	25.136155422729416	24.77683815313192	25.31129231900196
>>END_MODULE
>>Per base GC content	fail
#Base	%GC
1	76.38729730539023
2	42.239341480500016
3	52.70688981341801
4	49.96065164392547
5	47.1356419026629
6	41.70073304881462
7	43.309393824156466
8	48.4412466347676
9	48.00268909459313
10-14	48.0569961364165
15-19	48.9211185821938
20-24	48.583044802193655
25-29	48.670737889461016
30-34	48.72630720903196
35-39	48.78026718481573
40-44	48.92421331032032
45-49	48.954334576474345
50-54	48.94959503519205
55-59	49.34274293084761
60-64	49.382574821518006
65-69	49.23984434608823
70-74	49.390500117405836
75-79	49.46650902333301
80-84	49.46848021823922
85-89	49.55715705518612
90-94	49.477457577096054
95-99	49.339017945167825
100	50.08700642413867
>>END_MODULE
>>Per sequence GC content	warn
#GC Content	Count
0	2957.0
1	2229.0
2	1337.0
3	1188.5
4	1101.0
5	941.5
6	900.0
7	924.5
8	920.5
9	982.0
10	1050.5
11	1117.5
12	1217.5
13	1303.5
14	1430.5
15	1600.0
16	1868.0
17	2305.5
18	3013.5
19	4103.5
20	5672.0
21	8077.0
22	11494.0
23	16044.0
24	21934.0
25	29227.0
26	37838.5
27	47980.5
28	58722.5
29	70034.5
30	83700.5
31	99667.5
32	115855.0
33	130561.0
34	144194.5
35	155492.5
36	165812.0
37	176163.0
38	186717.0
39	197783.5
40	207902.0
41	219178.5
42	235121.5
43	253163.5
44	273165.5
45	288714.5
46	304216.5
47	317443.0
48	328266.5
49	343922.0
50	356464.0
51	371146.5
52	386704.5
53	390231.5
54	384434.5
55	381339.0
56	362857.0
57	333321.5
58	311782.5
59	284569.5
60	253311.0
61	223714.5
62	192510.0
63	163953.0
64	141484.0
65	119827.5
66	98883.0
67	85534.5
68	74193.5
69	60115.0
70	46563.5
71	34721.5
72	25305.0
73	20186.5
74	18958.0
75	19293.0
76	17243.5
77	12957.0
78	9049.0
79	6379.5
80	6545.5
81	8114.5
82	7771.0
83	5424.5
84	3104.0
85	1713.0
86	986.0
87	640.5
88	424.5
89	296.0
90	206.5
91	130.5
92	76.0
93	54.5
94	40.5
95	25.5
96	16.0
97	10.5
98	7.5
99	2.5
100	0.5
>>END_MODULE
>>Per base N content	pass
#Base	N-Count
1	0.02780019820795488
2	0.0042093648150229365
3	3.3264811957865486
4	0.007764847717032603
5	0.017041797357908395
6	2.271289475566272
7	0.029618807278523045
8	0.031529368493108695
9	0.03058941324315212
10-14	0.9757777618848147
15-19	0.021947955086486098
20-24	0.016745507116074254
25-29	0.01482472899659777
30-34	0.03716296984991367
35-39	0.038270482340079896
40-44	0.026852069434085635
45-49	0.019927051299079457
50-54	0.015744250436772685
55-59	0.00396415909764296
60-64	0.005335267733992664
65-69	0.001955515596105316
70-74	0.0028832105601928953
75-79	0.0038231658101494734
80-84	0.002809648844978902
85-89	0.0023968858873892745
90-94	0.0095507626919501
95-99	0.021702749369106124
100	0.01676594092585592
>>END_MODULE
>>Sequence Length Distribution	pass
#Length	Count
100	9787700.0
>>END_MODULE
>>Sequence Duplication Levels	warn
#Total Duplicate Percentage	39.56295357780832
#Duplication Level	Relative count
1	100.0
2	17.38966176274501
3	6.418063025023335
4	3.625346311687927
5	2.4171444656799563
6	1.7511889417307436
7	1.3645050891150718
8	1.119309006326207
9	0.9304117220024594
10++	13.13910247862868
>>END_MODULE
>>Overrepresented sequences	pass
>>END_MODULE
>>Kmer Content	warn
#Sequence	Count	Obs/Exp Overall	Obs/Exp Max	Max Obs/Exp Position
TTTTT	5177790	5.2896037	8.695491	2
AAAAA	4636110	4.6150436	7.3014374	2
CTCCT	2029685	2.231137	6.920836	1
CTCCA	2011860	2.200108	6.8223424	1
CTGGA	1904535	2.1358995	6.565707	1
GAAGA	1969585	2.133328	5.3321095	2
CTCTG	1906990	2.1228473	5.3527527	1
GAAAA	1924540	1.9983863	5.3996873	2
CTGCA	1762790	1.952179	5.0612044	1
CTTCA	1814770	1.9366968	5.2148833	1
CTTTT	1827770	1.9134033	6.2586813	1
CTGAA	1735750	1.866159	5.4482317	1
GTTTT	1754080	1.8595471	8.007199	1
CTTTG	1579280	1.7156285	5.032969	1
CTCAG	1482955	1.6422793	5.7356663	1
GGAAA	1481680	1.6048605	6.177371	1
CTGGG	1315950	1.5394361	5.4354043	1
>>END_MODULE
