##FastQC	0.10.1
>>Basic Statistics	pass
#Measure	Value	
Filename	F_catanatus_NA_FW_1_R1.fastq.gz	
File type	Conventional base calls	
Encoding	Sanger / Illumina 1.9	
Total Sequences	7719420	
Filtered Sequences	0	
Sequence length	100	
%GC	50	
>>END_MODULE
>>Per base sequence quality	pass
#Base	Mean	Median	Lower Quartile	Upper Quartile	10th Percentile	90th Percentile
1	29.90143417510642	31.0	30.0	34.0	25.0	34.0
2	30.204040718085036	31.0	30.0	34.0	26.0	34.0
3	29.784644442199024	31.0	30.0	34.0	25.0	34.0
4	31.49102704607341	35.0	32.0	37.0	12.0	37.0
5	32.53405113337531	35.0	33.0	37.0	19.0	37.0
6	32.913363568765526	35.0	33.0	37.0	26.0	37.0
7	33.04932015617754	36.0	35.0	37.0	27.0	37.0
8	33.03110544574592	36.0	35.0	37.0	26.0	37.0
9	34.45249643107902	39.0	35.0	39.0	27.0	39.0
10-14	34.50118755036	38.6	35.0	39.4	25.8	39.4
15-19	34.63057372185993	39.0	33.8	41.0	20.0	41.0
20-24	34.84920483663281	39.0	34.0	41.0	23.4	41.0
25-29	34.49950796821523	39.0	34.0	41.0	20.0	41.0
30-34	34.06697101595715	38.6	33.2	40.8	17.0	41.0
35-39	33.63804679626189	38.0	33.0	40.0	15.0	41.0
40-44	33.357719051431324	38.0	32.8	40.0	10.6	41.0
45-49	32.829722077565414	37.8	32.0	40.0	7.0	41.0
50-54	32.13539043088729	36.6	31.2	40.0	2.0	41.0
55-59	30.75408222379402	35.2	29.0	39.2	2.0	41.0
60-64	30.526037267048558	35.0	29.6	38.4	2.0	40.2
65-69	29.817403380046688	35.0	29.0	36.8	2.0	39.6
70-74	29.07572076658609	34.0	29.0	35.6	2.0	38.8
75-79	28.041543017480585	33.4	27.4	35.0	2.0	36.4
80-84	28.018315391570873	34.0	27.6	35.0	2.0	36.0
85-89	27.537975521477	34.0	27.0	35.0	2.0	35.0
90-94	26.497777760505322	33.4	23.8	35.0	2.0	35.0
95-99	26.280484181454046	33.0	24.8	35.0	2.0	35.0
100	25.133614312992428	32.0	19.0	35.0	2.0	35.0
>>END_MODULE
>>Per sequence quality scores	pass
#Quality	Count
2	282178.0
3	85770.0
4	47898.0
5	36236.0
6	33965.0
7	34292.0
8	35678.0
9	38936.0
10	40994.0
11	43086.0
12	43822.0
13	45456.0
14	45658.0
15	45774.0
16	44544.0
17	43457.0
18	42160.0
19	41560.0
20	41950.0
21	43931.0
22	48927.0
23	57720.0
24	69866.0
25	84923.0
26	103110.0
27	124483.0
28	148210.0
29	174465.0
30	206551.0
31	249196.0
32	303373.0
33	389559.0
34	523408.0
35	743815.0
36	1089010.0
37	1323993.0
38	835165.0
39	126122.0
40	179.0
>>END_MODULE
>>Per base sequence content	fail
#Base	G	A	T	C
1	40.14598549613499	13.259696384098849	10.442103155111406	36.15221496465475
2	27.17025261430682	20.65748354192471	27.69648869779726	24.475775145971213
3	27.369746267281954	25.586223898697092	21.147187103378666	25.896842730642287
4	30.13333624334016	30.503176555368338	18.099663153237593	21.263824048053912
5	28.86407092931619	30.96552915142193	20.548135632262234	19.622264286999645
6	22.84105849752514	33.24713684628392	22.913845490497266	20.99795916569367
7	22.089525243585502	18.455063571336673	36.09273603886433	23.36267514621349
8	23.41837319718663	20.97849936739981	28.140673698148973	27.462453737264592
9	22.5576111652061	20.322963291204026	30.335680472874436	26.78374507071543
10-14	25.34800790586579	25.75415674328168	24.29736759049566	24.60046776035687
15-19	25.21513320668552	25.121809939763768	25.03586645832985	24.627190395220868
20-24	25.113339781489884	25.330823855208223	25.034995456666547	24.52084090663534
25-29	25.118781344204265	25.19282009387051	24.918784738456658	24.76961382346856
30-34	24.924825350869877	25.374971476363722	24.974764712067916	24.725438460698484
35-39	25.068947155703253	25.315036980199444	24.797141348788767	24.818874515308536
40-44	25.171100273202775	25.23323869310871	24.78882939913529	24.806831634553223
45-49	25.0849404706752	25.14912387617502	24.80163801253705	24.964297640612727
50-54	25.04599789846045	25.31433246813831	24.765415187503447	24.874254445897794
55-59	25.33275132844734	24.934954702903926	24.65871423894884	25.073579729699897
60-64	25.166895528002257	25.045971552966513	24.731204414657824	25.055928504373405
65-69	25.160983539770854	25.108574210785928	24.67753675739222	25.052905492051003
70-74	25.31169055976683	25.091344946932082	24.546458259852624	25.05050623344846
75-79	25.19380224566485	24.906384857662957	24.737788731650653	25.162024165021542
80-84	25.1419535302422	25.040063553435804	24.65808431349591	25.159898602826082
85-89	25.266144695086375	25.023795133249767	24.497417118768798	25.21264305289506
90-94	25.10296015415862	25.01150777320375	24.595796336335386	25.289735736302244
95-99	25.008855811530605	25.06806816032658	24.63655026554997	25.286525762592838
100	25.422186743110853	24.598333794527235	24.204064828316685	25.77541463404523
>>END_MODULE
>>Per base GC content	fail
#Base	%GC
1	76.29820046078974
2	51.64602776027804
3	53.266588997924245
4	51.39716029139407
5	48.48633521631584
6	43.839017663218804
7	45.452200389798996
8	50.88082693445122
9	49.34135623592154
10-14	49.948475666222656
15-19	49.84232360190639
20-24	49.63418068812523
25-29	49.888395167672826
30-34	49.650263811568365
35-39	49.88782167101179
40-44	49.977931907755995
45-49	50.04923811128793
50-54	49.92025234435824
55-59	50.40633105814724
60-64	50.22282403237567
65-69	50.21388903182186
70-74	50.36219679321528
75-79	50.35582641068639
80-84	50.30185213306828
85-89	50.478787747981436
90-94	50.39269589046087
95-99	50.29538157412345
100	51.197601377156076
>>END_MODULE
>>Per sequence GC content	warn
#GC Content	Count
0	2280.0
1	1503.5
2	619.0
3	477.0
4	435.0
5	407.0
6	413.0
7	436.0
8	448.0
9	480.0
10	534.5
11	600.0
12	648.0
13	712.0
14	830.0
15	1019.5
16	1256.0
17	1524.5
18	1956.0
19	2637.0
20	3725.0
21	5229.0
22	7194.0
23	9905.5
24	13741.0
25	18426.5
26	23777.0
27	30432.5
28	38375.5
29	47129.0
30	56875.0
31	68049.5
32	79864.5
33	89790.0
34	98734.5
35	107668.5
36	116140.0
37	124982.5
38	133945.0
39	143207.0
40	151813.5
41	160842.5
42	169718.5
43	179892.0
44	194731.5
45	208605.5
46	221610.5
47	234729.0
48	245836.0
49	256582.0
50	270175.0
51	285721.5
52	297598.5
53	307035.5
54	310174.5
55	308458.0
56	302804.5
57	292170.5
58	277802.5
59	255669.0
60	230415.5
61	203237.5
62	178652.5
63	155588.0
64	132136.5
65	113924.0
66	99104.5
67	84548.5
68	71401.5
69	56935.0
70	42814.5
71	32812.0
72	25374.5
73	20837.0
74	18493.5
75	16977.0
76	13560.5
77	9916.0
78	7332.0
79	5696.5
80	5243.0
81	5495.5
82	5553.0
83	4868.0
84	3480.5
85	2021.5
86	1225.0
87	891.5
88	655.0
89	556.0
90	500.5
91	423.5
92	375.0
93	349.5
94	258.0
95	168.0
96	135.5
97	95.0
98	65.0
99	43.0
100	18.0
>>END_MODULE
>>Per base N content	pass
#Base	N-Count
1	0.12453008127553625
2	0.0033810830347357703
3	0.004054708773457073
4	3.8442914104945705
5	0.00825191529933596
6	0.013057975858289873
7	0.014029551442984057
8	0.016516784939801177
9	0.019625826810822575
10-14	0.022118242044091397
15-19	0.18899088273471323
20-24	0.005414914592028934
25-29	0.006334672812206099
30-34	0.01631728808641064
35-39	0.016356151109798402
40-44	0.019296786546139477
45-49	0.007803695096263708
50-54	0.009039539239994714
55-59	0.9424127719440062
60-64	0.0024587339463327555
65-69	0.0023784170313313696
70-74	0.003546898601190245
75-79	0.0034044008487684307
80-84	0.0040080731453917525
85-89	0.005241326420896907
90-94	1.0056299566547746
95-99	0.009842708390008576
100	0.0041972065258788875
>>END_MODULE
>>Sequence Length Distribution	pass
#Length	Count
100	7719420.0
>>END_MODULE
>>Sequence Duplication Levels	warn
#Total Duplicate Percentage	36.1661693826027
#Duplication Level	Relative count
1	100.0
2	16.22801340409314
3	5.757863399059413
4	3.2086407501689895
5	2.1616257496656166
6	1.622297967812918
7	1.2224763055327839
8	1.0470150005033727
9	0.862924450964318
10++	11.709884799585796
>>END_MODULE
>>Overrepresented sequences	pass
>>END_MODULE
>>Kmer Content	warn
#Sequence	Count	Obs/Exp Overall	Obs/Exp Max	Max Obs/Exp Position
TTTTT	3618940	5.4047585	8.238927	2
AAAAA	3353235	4.639447	9.022642	2
GAAGA	1610820	2.1748583	5.0514374	2
CTGGA	1544295	2.1213708	5.1676292	1
GAAAA	1433420	1.959145	6.4295406	1
AAAAT	1303730	1.8315908	5.4867	3
GTTTT	1259065	1.829344	6.3223104	1
GGAAA	1164010	1.5715951	6.568494	1
GCCAG	1065675	1.4445622	5.072464	1
>>END_MODULE
