##FastQC	0.10.1
>>Basic Statistics	pass
#Measure	Value	
Filename	F_grandis_NA_BW_1_R2.fastq.gz	
File type	Conventional base calls	
Encoding	Sanger / Illumina 1.9	
Total Sequences	82430046	
Filtered Sequences	0	
Sequence length	100	
%GC	48	
>>END_MODULE
>>Per base sequence quality	fail
#Base	Mean	Median	Lower Quartile	Upper Quartile	10th Percentile	90th Percentile
1	29.14517830064052	31.0	30.0	34.0	23.0	34.0
2	29.01861670682557	31.0	30.0	34.0	18.0	34.0
3	29.109824905350653	31.0	30.0	34.0	20.0	34.0
4	32.43777369722686	37.0	33.0	37.0	22.0	37.0
5	32.38764605323646	35.0	33.0	37.0	22.0	37.0
6	32.280116985498225	36.0	33.0	37.0	22.0	37.0
7	32.25595919235566	36.0	33.0	37.0	21.0	37.0
8	32.186137115585254	36.0	33.0	37.0	19.0	37.0
9	33.532247015851475	38.0	33.0	39.0	19.0	39.0
10-14	33.622973899589965	38.2	33.2	39.4	18.0	39.4
15-19	34.23515008350232	39.0	33.4	41.0	17.2	41.0
20-24	33.956801120795205	39.0	33.2	41.0	15.6	41.0
25-29	33.69791800674234	39.0	33.0	41.0	11.4	41.0
30-34	33.31972315774275	38.0	32.6	40.2	8.4	41.0
35-39	32.881456562574286	38.0	32.0	40.0	4.2	41.0
40-44	32.41172138372942	38.0	31.2	40.0	2.0	41.0
45-49	31.98302564091739	37.4	31.0	40.0	2.0	41.0
50-54	31.108820820019922	36.0	29.8	39.6	2.0	40.6
55-59	31.086864852653367	35.8	30.0	39.8	2.0	41.0
60-64	30.318354013777935	35.0	29.2	38.8	2.0	40.8
65-69	29.4784733906372	35.0	28.6	37.4	2.0	40.0
70-74	28.79172781245324	34.2	28.2	36.2	2.0	39.0
75-79	28.04444271206642	34.0	27.0	35.0	2.0	37.6
80-84	27.387905868692588	34.0	26.2	35.0	2.0	36.2
85-89	26.821617059391183	34.0	25.2	35.0	2.0	35.4
90-94	26.294022723219154	33.0	24.4	35.0	2.0	35.0
95-99	25.620466896257703	33.0	20.8	35.0	2.0	35.0
100	24.277567635956434	32.0	2.0	35.0	2.0	35.0
>>END_MODULE
>>Per sequence quality scores	pass
#Quality	Count
2	4776053.0
3	675672.0
4	444062.0
5	365219.0
6	362796.0
7	381076.0
8	401382.0
9	446237.0
10	488354.0
11	501285.0
12	476242.0
13	464848.0
14	465211.0
15	468644.0
16	468284.0
17	465353.0
18	462460.0
19	464507.0
20	474653.0
21	500418.0
22	554159.0
23	649840.0
24	780221.0
25	942281.0
26	1125550.0
27	1319927.0
28	1531856.0
29	1785404.0
30	2097206.0
31	2508083.0
32	3064627.0
33	3859232.0
34	5070461.0
35	7040253.0
36	1.0493533E7
37	1.382439E7
38	1.0203144E7
39	2024400.0
40	2723.0
>>END_MODULE
>>Per base sequence content	fail
#Base	G	A	T	C
1	38.05718845797115	14.586840428119643	6.418526528211471	40.93744458569773
2	25.600087005995082	16.770674644943675	38.3314983448819	19.297740004179346
3	26.6482384831613	21.54173657222359	22.067816723785956	29.74220822082915
4	28.721331288675568	27.572477745850616	19.128108558991904	24.57808240648191
5	30.07664764048789	28.561089563013763	22.204746571034118	19.15751622546423
6	23.72947575137584	32.14755063110909	23.709217130147355	20.413756487367714
7	21.40067038959682	19.946542883760358	36.55794819734407	22.09483852929876
8	21.284615891079962	21.786952011454407	30.815824390013013	26.112607707452618
9	22.336239343491293	20.59902307610004	32.25849316680476	24.806244413603903
10-14	24.389187093081535	26.400425791728438	25.92102627931412	23.289360835875907
15-19	24.641609999210594	25.203701747332396	26.22382034318134	23.930867910275666
20-24	24.493922669718454	25.6276475917543	26.09291792693832	23.785511811588925
25-29	24.445843297627828	25.648446886591113	26.004300385328627	23.901409430452432
30-34	24.410331559554464	25.677391542810202	25.90816527407379	24.004111623561545
35-39	24.373541514359427	25.730329115933575	25.889197904733805	24.006931464973196
40-44	24.50534591118709	25.642093285900003	25.784221997289926	24.068338805622986
45-49	24.490221820508605	25.62310882463973	25.711182816434295	24.17548653841737
50-54	24.38215706810919	25.69050903204718	25.825297052041712	24.102036847801916
55-59	24.556460415451074	25.54737802997623	25.688124744555996	24.208036810016697
60-64	24.514457199915444	25.553096660122705	25.62505626737197	24.30738987258988
65-69	24.405192097900752	25.681198479671863	25.721465705262354	24.19214371716503
70-74	24.583939536208945	25.64352280080513	25.640132202320874	24.132405460665048
75-79	24.4934519447766	25.557161414178147	25.62507674290147	24.32430989814378
80-84	24.478576761675793	25.67798288069562	25.593998897699905	24.249441459928676
85-89	24.64634295314378	25.609520676006486	25.46913061915972	24.275005751690017
90-94	24.528009251103658	25.590963556666914	25.47841106745876	24.40261612477067
95-99	24.596036237284988	25.70605239126722	25.51664073679741	24.18127063465039
100	25.178215973786966	25.370172003472064	24.94375178839184	24.50786023434913
>>END_MODULE
>>Per base GC content	fail
#Base	%GC
1	78.99463304366888
2	44.89782701017443
3	56.39044670399045
4	53.29941369515748
5	49.23416386595213
6	44.14323223874356
7	43.49550891889558
8	47.39722359853258
9	47.14248375709519
10-14	47.67854792895744
15-19	48.57247790948626
20-24	48.279434481307376
25-29	48.34725272808026
30-34	48.414443183116006
35-39	48.380472979332616
40-44	48.57368471681008
45-49	48.665708358925976
50-54	48.484193915911106
55-59	48.76449722546777
60-64	48.82184707250533
65-69	48.59733581506578
70-74	48.71634499687399
75-79	48.817761842920376
80-84	48.72801822160447
85-89	48.921348704833804
90-94	48.93062537587433
95-99	48.77730687193537
100	49.6860762081361
>>END_MODULE
>>Per sequence GC content	warn
#GC Content	Count
0	31715.0
1	41206.5
2	50182.0
3	50156.0
4	42240.0
5	27950.5
6	20897.5
7	19295.0
8	18634.0
9	18502.5
10	18816.5
11	19407.5
12	20164.0
13	21191.5
14	22720.0
15	24946.5
16	28452.0
17	33668.5
18	40479.0
19	49831.5
20	64919.5
21	85154.0
22	111554.0
23	146916.5
24	195257.5
25	258737.0
26	330607.5
27	408591.0
28	506487.5
29	618714.5
30	749844.5
31	878454.5
32	992730.0
33	1123367.0
34	1241675.5
35	1341303.5
36	1426448.5
37	1495243.0
38	1590346.0
39	1694256.5
40	1771589.5
41	1868769.5
42	1964684.0
43	2039302.5
44	2156357.5
45	2279103.0
46	2391222.5
47	2537036.5
48	2662427.5
49	2770394.0
50	2896515.0
51	3040988.0
52	3156270.5
53	3188925.5
54	3164051.5
55	3128870.5
56	3062300.5
57	2956959.5
58	2798315.5
59	2553086.5
60	2298618.5
61	2017928.5
62	1740907.0
63	1515662.0
64	1286634.5
65	1069353.0
66	893911.0
67	742916.5
68	608785.5
69	485051.5
70	370716.0
71	279629.0
72	210168.5
73	162915.5
74	126481.5
75	97371.5
76	73855.5
77	55259.5
78	40930.0
79	28652.0
80	21369.5
81	16373.5
82	13319.5
83	11149.0
84	8269.0
85	5937.5
86	4122.5
87	2864.0
88	2197.5
89	1733.5
90	1297.0
91	876.0
92	685.5
93	553.0
94	386.0
95	258.0
96	180.0
97	128.5
98	97.5
99	65.0
100	44.0
>>END_MODULE
>>Per base N content	pass
#Base	N-Count
1	0.03400944359536085
2	0.36682255399930264
3	0.07566294455300923
4	0.04186944163539591
5	0.052207904870027605
6	0.043060754812632274
7	0.049303624069310846
8	0.04102994192190551
9	0.04058471591778561
10-14	0.05730167856511933
15-19	0.05332812746458979
20-24	0.10011179661357948
25-29	0.038524059540134194
30-34	0.05987210052023991
35-39	0.04567630594310235
40-44	0.048791189562116706
45-49	0.043570520390101446
50-54	0.04340625989702832
55-59	0.046356397763019565
60-64	0.04844762551752064
65-69	0.04366247715062539
70-74	0.03835203488786116
75-79	0.04222149772911688
80-84	0.050898188264992594
85-89	0.05633115866513043
90-94	0.041032368221655485
95-99	0.043369622770803744
100	0.04135991868790174
>>END_MODULE
>>Sequence Length Distribution	pass
#Length	Count
100	8.2430046E7
>>END_MODULE
>>Sequence Duplication Levels	fail
#Total Duplicate Percentage	75.49864702764526
#Duplication Level	Relative count
1	100.0
2	58.653079813275646
3	40.014801320733234
4	25.055979354055182
5	16.452237276556986
6	11.638012827811302
7	8.76883373183043
8	7.197616607840905
9	5.709894113628601
10++	106.03058939618202
>>END_MODULE
>>Overrepresented sequences	pass
>>END_MODULE
>>Kmer Content	fail
#Sequence	Count	Obs/Exp Overall	Obs/Exp Max	Max Obs/Exp Position
TTTTT	72889880	8.14233	11.37992	10-14
AAAAA	47553015	5.710145	6.9048705	70-74
CTCCT	18358325	2.4734693	7.60589	1
CTCCA	16959285	2.318241	6.9334674	1
GAAGA	17805890	2.2621772	5.320151	2
CTCTG	16792825	2.2181506	5.8077583	1
CTGGA	16738910	2.1992052	7.1493125	1
GGGGG	14725120	2.0359287	5.6860046	1
GAAAA	16276645	2.0103927	5.029662	2
CTTTT	15943685	1.8958362	6.4894505	1
GTTTT	15672725	1.8270497	7.034556	1
GGAAG	13204075	1.7255117	5.093816	1
CTCAG	12347080	1.654661	5.7690077	1
GGAAA	12815585	1.6281761	5.7929873	1
CTGGG	11485035	1.5520933	6.5996385	1
GTGGA	11882320	1.5305009	5.38737	1
GGGAG	10952975	1.4722749	5.068769	1
GTCAG	9504275	1.2486984	5.060282	1
>>END_MODULE
