##FastQC	0.10.1
>>Basic Statistics	pass
#Measure	Value	
Filename	F_similis_NA_FW_2_R1.fastq.gz	
File type	Conventional base calls	
Encoding	Sanger / Illumina 1.9	
Total Sequences	9368030	
Filtered Sequences	0	
Sequence length	100	
%GC	49	
>>END_MODULE
>>Per base sequence quality	pass
#Base	Mean	Median	Lower Quartile	Upper Quartile	10th Percentile	90th Percentile
1	29.91672998485274	31.0	30.0	34.0	25.0	34.0
2	30.20365114116842	31.0	30.0	34.0	26.0	34.0
3	28.79202265577715	31.0	30.0	34.0	16.0	34.0
4	32.459439497952076	37.0	33.0	37.0	19.0	37.0
5	33.15786680871005	37.0	33.0	37.0	27.0	37.0
6	30.566370731092878	36.0	32.0	37.0	10.0	37.0
7	31.404393453052563	36.0	32.0	37.0	17.0	37.0
8	32.51787846537639	36.0	32.0	37.0	25.0	37.0
9	34.19588654178093	38.0	34.0	39.0	26.0	39.0
10-14	33.81229319291249	38.8	34.0	39.4	20.2	39.4
15-19	34.92735364852589	39.2	33.8	41.0	24.0	41.0
20-24	34.84437936257676	39.2	34.0	41.0	22.8	41.0
25-29	34.43374288938016	39.0	33.6	41.0	19.0	41.0
30-34	33.967056211391295	39.0	33.0	41.0	15.8	41.0
35-39	33.57152069325141	38.0	33.0	40.4	12.0	41.0
40-44	33.21982820294128	38.0	32.6	40.0	8.2	41.0
45-49	32.70355466410761	37.6	32.0	40.0	2.8	41.0
50-54	31.977320994915694	36.6	31.0	40.0	2.0	41.0
55-59	31.24967812869942	35.2	30.2	39.4	2.0	41.0
60-64	30.406900874570216	35.0	29.6	38.4	2.0	40.4
65-69	29.67023677336644	35.0	29.0	36.8	2.0	39.8
70-74	28.889416259341612	34.0	28.6	35.6	2.0	38.8
75-79	27.892187172756707	33.6	27.0	35.0	2.0	36.4
80-84	27.789411071484615	34.0	27.0	35.0	2.0	36.0
85-89	27.291985444111514	34.0	26.8	35.0	2.0	35.0
90-94	26.828022092158115	33.8	25.6	35.0	2.0	35.0
95-99	26.21829776377744	33.0	24.6	35.0	2.0	35.0
100	25.120099636743262	32.0	19.0	35.0	2.0	35.0
>>END_MODULE
>>Per sequence quality scores	pass
#Quality	Count
2	377492.0
3	113218.0
4	57210.0
5	41981.0
6	42469.0
7	44121.0
8	45302.0
9	48043.0
10	51368.0
11	53524.0
12	54950.0
13	56589.0
14	56546.0
15	57193.0
16	56542.0
17	54852.0
18	53217.0
19	52057.0
20	50610.0
21	51690.0
22	56005.0
23	63934.0
24	77471.0
25	96212.0
26	122522.0
27	160262.0
28	195279.0
29	208875.0
30	247235.0
31	284874.0
32	332936.0
33	431276.0
34	590067.0
35	857749.0
36	1299487.0
37	1665192.0
38	1080677.0
39	178800.0
40	203.0
>>END_MODULE
>>Per base sequence content	fail
#Base	G	A	T	C
1	32.57114644193849	15.16931224332009	7.377657183962384	44.881884130779035
2	23.229731022279307	17.699295103471364	38.99725394379958	20.073719930449755
3	23.813620198341468	22.890058577045462	22.74847759865586	30.54784362595721
4	25.98399113512844	29.56002310161615	19.304090501969082	25.151895261286324
5	28.10831851899223	30.418544327238163	21.633745928436134	19.83939122533347
6	21.581438009133056	34.89785698250704	22.785990503214233	20.734714505145675
7	20.701078362795144	18.537124037721394	37.71651635632046	23.045281243163
8	20.672396161842595	20.58730475504961	30.813094359845994	27.927204723261795
9	22.121073472780655	19.97976574174573	31.57972965108985	26.31943113438377
10-14	24.178513360523308	26.423296689631876	25.1523922462049	24.245797703639912
15-19	24.73894336269712	24.932226117013208	25.57643007404065	24.75240044624902
20-24	24.459755329100403	25.332518744465798	25.50364304813762	24.704082878296184
25-29	24.50180951700121	25.32739177339157	25.448817696532217	24.721981013075002
30-34	24.37680527568972	25.45231374817194	25.275024668688456	24.895856307449886
35-39	24.609414752536455	25.322433732553428	25.21021935495335	24.857932159956768
40-44	24.86021798923138	25.293385318936647	24.9470889194655	24.899307772366473
45-49	24.784353681998063	25.319766826092767	24.945075209509397	24.950804282399773
50-54	24.8383679075231	25.405115023774766	24.821888094983848	24.934628973718286
55-59	25.145233283085954	24.979913325141315	24.809277201023562	25.065576190749166
60-64	25.07127763203194	24.922497671476723	24.77829949746598	25.227925199025357
65-69	24.962009425855452	25.034719812977364	24.799122530783478	25.204148230383705
70-74	25.320803096584658	25.036600076432524	24.57385452627848	25.068742300704333
75-79	25.17490337872931	24.94643004572605	24.677615785666298	25.201050789878344
80-84	25.12937513142151	24.842121785674536	24.753246737165068	25.27525634573888
85-89	25.138449383556967	25.054457337533908	24.524787154214938	25.282306124694188
90-94	25.101293488462872	25.002667317797535	24.59525574213151	25.30078345160809
95-99	24.87529338227307	25.042130477028746	24.653942218759965	25.42863392193822
100	25.101071113044732	24.60665622155732	24.324168506126938	25.96810415927101
>>END_MODULE
>>Per base GC content	fail
#Base	%GC
1	77.45303057271752
2	43.30345095272906
3	54.36146382429868
4	51.13588639641476
5	47.9477097443257
6	42.316152514278734
7	43.74635960595814
8	48.599600885104394
9	48.44050460716442
10-14	48.42431106416322
15-19	49.49134380894614
20-24	49.16383820739658
25-29	49.22379053007621
30-34	49.2726615831396
35-39	49.46734691249323
40-44	49.75952576159785
45-49	49.735157964397835
50-54	49.77299688124138
55-59	50.21080947383511
60-64	50.2992028310573
65-69	50.166157656239164
70-74	50.38954539728899
75-79	50.37595416860765
80-84	50.4046314771604
85-89	50.42075550825116
90-94	50.40207694007096
95-99	50.30392730421129
100	51.069175272315746
>>END_MODULE
>>Per sequence GC content	warn
#GC Content	Count
0	11004.0
1	7545.5
2	3451.0
3	2747.0
4	2390.0
5	2070.5
6	2034.0
7	2018.0
8	2011.0
9	2069.5
10	2136.0
11	2207.0
12	2309.5
13	2431.0
14	2581.0
15	2790.0
16	3147.5
17	3704.0
18	4470.5
19	5551.0
20	7116.0
21	9195.0
22	12094.5
23	16194.0
24	21985.5
25	30169.5
26	38422.0
27	45124.0
28	53445.5
29	64025.5
30	75731.0
31	87596.0
32	99242.0
33	110906.0
34	120764.5
35	129247.5
36	138432.0
37	148832.0
38	158272.5
39	166815.5
40	175107.0
41	186114.5
42	200165.0
43	218894.5
44	248800.5
45	267333.0
46	279215.5
47	293670.0
48	302598.0
49	310016.5
50	320977.0
51	340099.0
52	359023.0
53	365456.0
54	357380.5
55	352964.0
56	349893.0
57	337711.0
58	323126.5
59	299382.5
60	269081.0
61	241106.5
62	208117.0
63	178642.5
64	153921.0
65	130800.0
66	111839.0
67	98810.5
68	90687.0
69	75139.5
70	57021.0
71	42687.0
72	31854.0
73	27416.0
74	27625.5
75	28347.0
76	23002.5
77	17311.0
78	12830.5
79	8353.5
80	7335.0
81	7866.0
82	8692.5
83	8803.0
84	6306.0
85	3348.0
86	2007.5
87	1075.0
88	843.5
89	766.5
90	590.5
91	374.0
92	290.5
93	209.0
94	102.0
95	53.0
96	28.5
97	19.0
98	13.0
99	7.5
100	3.5
>>END_MODULE
>>Per base N content	pass
#Base	N-Count
1	0.02693202306141206
2	0.004419285591527782
3	3.335119550214933
4	0.007685714072222229
5	0.01647091224088736
6	2.3314186653971007
7	0.028063530966489218
8	0.029963610278788605
9	0.029088292842785517
10-14	0.9712095285775132
15-19	0.020911547038171312
20-24	0.016069547172671308
25-29	0.014214301192459889
30-34	0.035488784728486135
35-39	0.03687648310263737
40-44	0.025740737380217614
45-49	0.01886842804730557
50-54	0.015142991642853407
55-59	0.0040243252850385835
60-64	0.005390674453433646
65-69	0.0019214285180555572
70-74	0.0030956348346450643
75-79	0.003973087191223768
80-84	0.0028970872211126564
85-89	0.0025426904055601872
90-94	0.010057610831733031
95-99	0.021428197817470695
100	0.017132737619328715
>>END_MODULE
>>Sequence Length Distribution	pass
#Length	Count
100	9368030.0
>>END_MODULE
>>Sequence Duplication Levels	warn
#Total Duplicate Percentage	43.991309902005284
#Duplication Level	Relative count
1	100.0
2	16.18261619837191
3	6.316539745657801
4	3.5720448662640205
5	2.3986194995685937
6	1.8914356454214654
7	1.537307273886784
8	1.2852158907604005
9	1.034625051581198
10++	15.835990546573132
>>END_MODULE
>>Overrepresented sequences	warn
#Sequence	Count	Percentage	Possible Source
TTTTTTTTTTTTTTTTTTTTTTTTTTTTTTTTTTTTTTTTTTTTTTTTTT	15736	0.16797555088956803	No Hit
CTGCAAGTCATTTAGCACCACGTTCTCCACAAACATGCTATGCGTAATCG	10599	0.11314011590483805	No Hit
>>END_MODULE
>>Kmer Content	fail
#Sequence	Count	Obs/Exp Overall	Obs/Exp Max	Max Obs/Exp Position
TTTTT	7521770	8.571764	11.849837	2
AAAAA	5434770	6.1849217	7.8859715	2
AAGAA	1885925	2.1657715	5.04536	2
GAAGA	1852630	2.146901	5.2247105	2
CTCCA	1897070	2.1278515	7.32867	1
CTCCT	1878735	2.1078656	7.824908	1
GAAAA	1783040	2.0476196	5.6600823	2
CTGGA	1724565	1.9892259	6.2557354	1
CTCTG	1728830	1.9669938	5.5608153	1
AAAAG	1695070	1.9465959	5.0569386	3
CTTTT	1688370	1.9140805	6.5811505	1
CTTCA	1642400	1.8518018	5.440979	1
TTTAA	1619595	1.8446661	5.0473037	7
CTGCA	1619110	1.841652	5.373714	1
GTTTT	1585525	1.8227998	7.1745663	1
CTGAA	1579075	1.8049791	5.8336787	1
GGAAA	1378355	1.5972922	6.264256	1
CTCAG	1385460	1.5758876	5.895565	1
CTGGG	1228440	1.4298605	5.5473285	1
CTCCC	1262065	1.4086448	5.3530765	1
>>END_MODULE
