##FastQC	0.10.1
>>Basic Statistics	pass
#Measure	Value	
Filename	F_diaphanus_NA_transfer_1_R1.fastq.gz	
File type	Conventional base calls	
Encoding	Sanger / Illumina 1.9	
Total Sequences	18208922	
Filtered Sequences	0	
Sequence length	100	
%GC	47	
>>END_MODULE
>>Per base sequence quality	pass
#Base	Mean	Median	Lower Quartile	Upper Quartile	10th Percentile	90th Percentile
1	30.14406327843021	31.0	30.0	34.0	26.0	34.0
2	30.464588568175536	31.0	30.0	34.0	26.0	34.0
3	30.027112093730754	31.0	30.0	34.0	25.0	34.0
4	31.72971156667045	35.0	32.0	37.0	16.0	37.0
5	32.82670940102879	35.0	33.0	37.0	19.0	37.0
6	33.25699873940918	36.0	33.0	37.0	28.0	37.0
7	33.41038305287924	36.0	35.0	37.0	28.0	37.0
8	33.39589180512718	37.0	35.0	37.0	28.0	37.0
9	34.84863387299918	39.0	35.0	39.0	27.0	39.0
10-14	34.914427125339984	39.0	35.2	39.4	27.0	39.4
15-19	35.06671097827758	39.0	34.6	41.0	22.8	41.0
20-24	35.283568901003584	39.0	35.0	41.0	25.4	41.0
25-29	34.94056956254741	39.0	34.2	41.0	24.0	41.0
30-34	34.52553896381126	39.0	34.0	41.0	22.2	41.0
35-39	34.128394080660016	38.0	33.0	40.0	19.4	41.0
40-44	33.88395598597215	38.0	33.0	40.0	17.6	41.0
45-49	33.4138297588402	38.0	32.8	40.0	14.2	41.0
50-54	32.76886879959176	37.2	32.0	40.0	8.4	41.0
55-59	31.421735828183568	35.8	30.0	39.6	3.0	41.0
60-64	31.22483220039055	35.0	30.2	39.0	2.0	40.8
65-69	30.511860625247333	35.0	30.0	37.6	2.0	40.0
70-74	29.73232557094813	34.6	29.2	36.2	2.0	39.0
75-79	28.627577074579154	33.8	28.2	35.2	2.0	37.4
80-84	28.555091114125265	34.0	29.0	35.0	2.0	36.4
85-89	28.031116910710033	34.0	28.6	35.0	2.0	35.6
90-94	26.96639135474357	34.0	25.2	35.0	2.0	35.0
95-99	26.745838045766796	33.6	25.8	35.0	2.0	35.0
100	25.620245558743125	33.0	23.0	35.0	2.0	35.0
>>END_MODULE
>>Per sequence quality scores	pass
#Quality	Count
2	511549.0
3	167374.0
4	94753.0
5	75623.0
6	75481.0
7	74563.0
8	77338.0
9	84175.0
10	94263.0
11	100352.0
12	103189.0
13	105803.0
14	106867.0
15	106197.0
16	104641.0
17	102625.0
18	100111.0
19	99520.0
20	99858.0
21	104237.0
22	115245.0
23	134796.0
24	162818.0
25	199469.0
26	242850.0
27	292805.0
28	348515.0
29	408640.0
30	488490.0
31	585095.0
32	716017.0
33	907068.0
34	1206837.0
35	1695343.0
36	2475278.0
37	3172465.0
38	2267613.0
39	400528.0
40	531.0
>>END_MODULE
>>Per base sequence content	fail
#Base	G	A	T	C
1	38.2466663818466	15.132187575895886	10.310920688554154	36.31022535370336
2	23.795996468198823	19.47920596313555	36.88516203596024	19.83963553270538
3	25.392619808657642	23.867762876066827	24.551416394811127	26.188200920464404
4	26.52156006987051	30.668284485774418	20.332265756193305	22.47788968816177
5	27.663008303869148	31.57870946651628	22.423423510508027	18.334858719106546
6	22.394076936030764	34.49250268775302	23.700747276078893	19.412673100137322
7	20.158928475210597	19.469699412224113	38.52916461542239	21.842207497142905
8	21.76152976453601	22.317942298008315	29.902215170127633	26.018312767328045
9	22.76586642925874	21.38575708436466	31.08431873991583	24.76405774646077
10-14	23.67888268871309	27.39820706700514	26.261696518562033	22.661213725719737
15-19	23.804581119614024	26.174832015706865	26.884027688438916	23.13655917624019
20-24	23.647448112641396	26.400349086679654	26.79052326677197	23.16167953390698
25-29	23.69731991012643	26.52058618062564	26.57636090430119	23.205733004946747
30-34	23.52332419703195	26.516130809759638	26.605032005177353	23.35551298803106
35-39	23.542279864649803	26.60268068508757	26.5546173770368	23.30042207322582
40-44	23.593988252979592	26.503005690049864	26.54310330896647	23.359902748004075
45-49	23.60285441035698	26.49138367213179	26.483337537827538	23.422424379683687
50-54	23.598443504370305	26.519313038592024	26.44717827909898	23.435065177938686
55-59	23.643687512519517	26.43629936734157	26.40278500493275	23.517228115206166
60-64	23.620252097034744	26.39300050724671	26.366439280879455	23.62030811483909
65-69	23.55552112958729	26.612000845672057	26.333682123262502	23.49879590147815
70-74	23.646363382862074	26.549736258468513	26.24204924677138	23.561851111898033
75-79	23.593970920576805	26.441787996605115	26.307534025067458	23.656707057750626
80-84	23.5680770109577	26.51104762774698	26.31048233187327	23.61039302942205
85-89	23.625587988263877	26.490926902203032	26.19758756273802	23.685897546795076
90-94	23.529603437971776	26.460012139124107	26.224189217321165	23.78619520558295
95-99	23.549774846625944	26.558091029282078	26.21764059423205	23.67449352985993
100	23.83429219114415	26.35473883577889	25.845916454206534	23.965052518870426
>>END_MODULE
>>Per base GC content	fail
#Base	%GC
1	74.55689173554995
2	43.63563200090421
3	51.580820729122046
4	48.999449758032284
5	45.99786702297569
6	41.80675003616809
7	42.0011359723535
8	47.779842531864055
9	47.529924175719515
10-14	46.34009641443283
15-19	46.94114029585421
20-24	46.809127646548376
25-29	46.90305291507318
30-34	46.87883718506301
35-39	46.842701937875624
40-44	46.95389100098367
45-49	47.02527879004067
50-54	47.03350868230899
55-59	47.16091562772568
60-64	47.240560211873834
65-69	47.054317031065445
70-74	47.20821449476011
75-79	47.25067797832743
80-84	47.17847004037975
85-89	47.31148553505896
90-94	47.31579864355473
95-99	47.224268376485874
100	47.79934471001457
>>END_MODULE
>>Per sequence GC content	warn
#GC Content	Count
0	26751.0
1	23090.0
2	16423.0
3	12847.0
4	10458.0
5	7563.5
6	6113.5
7	5735.0
8	5739.0
9	5728.5
10	5797.0
11	6048.5
12	6359.5
13	6695.5
14	7099.5
15	7750.0
16	8883.0
17	10519.0
18	12741.5
19	16040.5
20	20845.5
21	27579.5
22	36909.0
23	48954.5
24	64258.5
25	83005.0
26	104777.0
27	129087.0
28	154828.5
29	180338.5
30	211197.0
31	244584.5
32	273254.0
33	302893.0
34	331173.0
35	354872.0
36	374991.5
37	391148.5
38	405864.5
39	421785.0
40	435092.5
41	447611.0
42	463732.0
43	483654.0
44	505422.0
45	523540.5
46	543525.5
47	565489.0
48	587342.0
49	610704.0
50	629091.5
51	646132.5
52	658802.0
53	659413.0
54	652963.5
55	639381.0
56	617824.0
57	590462.5
58	551260.0
59	494184.5
60	433723.5
61	377702.0
62	326358.5
63	280303.5
64	234383.5
65	190099.0
66	154323.5
67	126052.0
68	101746.0
69	80346.0
70	60002.5
71	44155.5
72	32789.0
73	25578.0
74	20759.0
75	15853.5
76	11349.5
77	7967.0
78	5610.0
79	3935.5
80	2962.5
81	2320.0
82	1849.5
83	1483.5
84	1109.5
85	843.5
86	621.5
87	455.0
88	361.5
89	295.0
90	203.5
91	134.0
92	105.5
93	68.0
94	38.5
95	19.0
96	13.5
97	10.5
98	5.5
99	3.0
100	2.0
>>END_MODULE
>>Per base N content	pass
#Base	N-Count
1	0.12082538439123414
2	0.003564186831049087
3	0.003965089201875872
4	3.815761306462843
5	0.008270670828289561
6	0.012433465308929326
7	0.013691090554399652
8	0.015519864382965669
9	0.018716099722981955
10-14	0.02112590739858186
15-19	0.18529707579613994
20-24	0.005224911172665795
25-29	0.0056708464125443565
30-34	0.015748323816203946
35-39	0.01611407858191715
40-44	0.018409656540897917
45-49	0.007802768335215011
50-54	0.00884731122468425
55-59	0.9340948354877899
60-64	0.002336217377393346
65-69	0.0024449552807134876
70-74	0.0037267445046993996
75-79	0.0032764158141816413
80-84	0.0037739740990707744
85-89	0.004739434877034456
90-94	0.9990772655295025
95-99	0.010249920341248098
100	0.004393450639197642
>>END_MODULE
>>Sequence Length Distribution	pass
#Length	Count
100	1.8208922E7
>>END_MODULE
>>Sequence Duplication Levels	warn
#Total Duplicate Percentage	41.01744102794191
#Duplication Level	Relative count
1	100.0
2	21.326837794969734
3	8.473602434208397
4	4.601366005243906
5	3.0937429191078887
6	2.21085682840773
7	1.7592982228983913
8	1.4396465218657948
9	1.18635289547794
10++	17.757258925970284
>>END_MODULE
>>Overrepresented sequences	warn
#Sequence	Count	Percentage	Possible Source
TTTTTTTTTTTTTTTTTTTTTTTTTTTTTTTTTTTTTTTTTTTTTTTTTT	27011	0.14833936901920938	No Hit
>>END_MODULE
>>Kmer Content	fail
#Sequence	Count	Obs/Exp Overall	Obs/Exp Max	Max Obs/Exp Position
TTTTT	21297660	9.5215435	12.718999	10-14
AAAAA	14244515	6.5006337	8.376573	2
CTCCT	3801565	2.4246898	6.1617384	1
CTCCA	3577535	2.2912064	5.6133194	1
CTGGA	3536240	2.2071154	6.0497866	1
GGAGA	3283215	2.031284	5.0573864	1
GGGGG	2678865	2.0301635	5.174895	1
GAAAA	3986800	2.0136638	5.623422	1
CTTTT	3749880	1.8872625	6.161215	1
GTTTT	3772715	1.8744353	7.574776	1
GGAAG	2752040	1.7026528	5.052475	1
CTCAG	2640085	1.6691667	5.0100827	1
GGAAA	2930330	1.6380737	6.2393227	1
CTGGG	2288160	1.5806078	5.121655	1
GGGAG	2234505	1.5300553	5.1706557	1
>>END_MODULE
