##FastQC	0.10.1
>>Basic Statistics	pass
#Measure	Value	
Filename	F_zebrinus_NA_FW_1_R2.fastq.gz	
File type	Conventional base calls	
Encoding	Sanger / Illumina 1.9	
Total Sequences	14763674	
Filtered Sequences	0	
Sequence length	100	
%GC	48	
>>END_MODULE
>>Per base sequence quality	fail
#Base	Mean	Median	Lower Quartile	Upper Quartile	10th Percentile	90th Percentile
1	29.116307431334505	31.0	30.0	34.0	23.0	34.0
2	29.032988942996166	31.0	30.0	34.0	22.0	34.0
3	29.107001685352845	31.0	30.0	34.0	22.0	34.0
4	32.44522352633904	35.0	33.0	37.0	22.0	37.0
5	32.3894522461008	35.0	33.0	37.0	22.0	37.0
6	32.29851255182145	35.0	33.0	37.0	22.0	37.0
7	32.28896865373755	35.0	33.0	37.0	22.0	37.0
8	32.22163453351788	35.0	33.0	37.0	21.0	37.0
9	33.54646492465223	38.0	33.0	39.0	20.0	39.0
10-14	33.62073017868046	38.2	33.0	39.4	18.6	39.4
15-19	34.22196263612973	39.0	33.0	41.0	17.4	41.0
20-24	33.98344242767756	39.0	33.0	41.0	16.8	41.0
25-29	33.734349688295744	38.4	33.0	40.4	14.8	41.0
30-34	33.37773970083599	38.0	32.4	40.0	9.4	41.0
35-39	32.96331363046895	38.0	32.0	40.0	8.0	41.0
40-44	32.51641396308263	38.0	31.2	40.0	3.6	41.0
45-49	32.10846292054403	37.4	31.0	40.0	2.0	41.0
50-54	31.2950729879297	36.2	30.0	39.6	2.0	40.6
55-59	31.31308618708324	36.0	30.0	39.8	2.0	41.0
60-64	30.54866723554042	35.0	29.4	39.0	2.0	40.8
65-69	29.68883860480799	35.0	29.0	37.4	2.0	40.0
70-74	28.957481112086327	34.2	28.2	36.2	2.0	39.0
75-79	28.16633098238284	34.0	27.2	35.2	2.0	37.6
80-84	27.470773575737315	34.0	26.2	35.0	2.0	36.2
85-89	26.874271038496243	33.4	25.2	35.0	2.0	35.4
90-94	26.311251318608093	33.0	24.4	35.0	2.0	35.0
95-99	25.587998651284227	33.0	20.8	35.0	2.0	35.0
100	24.17596670042972	31.0	2.0	34.0	2.0	35.0
>>END_MODULE
>>Per sequence quality scores	pass
#Quality	Count
2	818620.0
3	115183.0
4	76742.0
5	63243.0
6	61658.0
7	63305.0
8	68675.0
9	75414.0
10	80831.0
11	83236.0
12	81236.0
13	79651.0
14	81560.0
15	83178.0
16	84954.0
17	84476.0
18	85556.0
19	85216.0
20	87165.0
21	92865.0
22	102287.0
23	118901.0
24	142598.0
25	172592.0
26	206774.0
27	243428.0
28	284466.0
29	333986.0
30	392202.0
31	470397.0
32	574180.0
33	719968.0
34	936694.0
35	1285383.0
36	1883144.0
37	2455679.0
38	1777759.0
39	310108.0
40	364.0
>>END_MODULE
>>Per base sequence content	fail
#Base	G	A	T	C
1	35.09485319779466	14.2275900838259	8.180872767447141	42.496683950932294
2	25.320217352250694	17.874923738375067	36.25363927331447	20.55121963605977
3	25.502208515800522	22.81902329455347	22.68069241889192	28.998075770754088
4	27.23468251411163	28.97711545739102	19.42791862023964	24.360283408257704
5	29.061967349554763	30.32503057366544	21.681839937315093	18.931162139464703
6	22.074905743759356	33.85508261387892	23.201135858677368	20.868875783684352
7	20.47718513624544	19.166653961155017	37.90863212461566	22.447528777983887
8	20.709211352341537	21.39393489725996	30.66584272715846	27.231011023240043
9	21.56643914813865	20.31500480570356	32.394426129204824	25.724129916952972
10-14	24.0999501408326	26.88875258147469	25.588286065065418	23.423011212627294
15-19	24.382681566214305	25.50338258198364	26.018737298411022	24.095198553391032
20-24	24.260581939895992	25.966141815819682	25.89309953295831	23.880176711326015
25-29	24.277406303401573	26.03090322242034	25.73270917019414	23.958981303983943
30-34	24.09373797314725	26.008844634091854	25.831087462383916	24.066329930376984
35-39	24.157459098883923	26.021457958333592	25.782277127168378	24.0388058156141
40-44	24.302197089931763	25.966854894565746	25.681700164754467	24.049247850748024
45-49	24.269559886627295	25.904752596480147	25.706298596761812	24.119388920130746
50-54	24.185540612658173	25.974508360510267	25.780094498396423	24.059856528435134
55-59	24.376119422079984	25.782140253024117	25.641687247765383	24.200053077130516
60-64	24.293342576225914	25.780713728846465	25.621262989770816	24.30468070515681
65-69	24.261570476173194	25.82736795463536	25.680971048970434	24.230090520221008
70-74	24.433222339280196	25.83832550000411	25.547360623897163	24.18109153681852
75-79	24.366632614696776	25.70388424872582	25.608820071394078	24.32066306518332
80-84	24.400001718547163	25.779080247383508	25.597064688920668	24.22385334514866
85-89	24.52690569515275	25.75345672612289	25.466923273848913	24.252714304875443
90-94	24.395441535056687	25.711131616575166	25.47380067089819	24.419626177469958
95-99	24.49030791183323	25.75938239856677	25.534967464821783	24.21534222477821
100	25.00754165800472	25.298515492720302	25.100873910796214	24.593068938478773
>>END_MODULE
>>Per base GC content	fail
#Base	%GC
1	77.59153714872696
2	45.871436988310464
3	54.50028428655461
4	51.59496592236934
5	47.99312948901947
6	42.94378152744371
7	42.92471391422932
8	47.94022237558158
9	47.29056906509162
10-14	47.52296135345989
15-19	48.47788011960534
20-24	48.14075865122201
25-29	48.23638760738552
30-34	48.16006790352424
35-39	48.19626491449803
40-44	48.351444940679784
45-49	48.388948806758044
50-54	48.245397141093314
55-59	48.57617249921049
60-64	48.598023281382716
65-69	48.4916609963942
70-74	48.61431387609872
75-79	48.6872956798801
80-84	48.62385506369582
85-89	48.77962000002819
90-94	48.81506771252664
95-99	48.705650136611446
100	49.600610596483484
>>END_MODULE
>>Per sequence GC content	warn
#GC Content	Count
0	8881.0
1	5831.0
2	2425.5
3	2127.0
4	1957.5
5	1557.5
6	1364.5
7	1333.5
8	1362.0
9	1395.5
10	1474.5
11	1560.5
12	1564.0
13	1616.0
14	1736.5
15	1961.0
16	2373.0
17	2982.5
18	3873.5
19	5210.0
20	7403.0
21	10765.5
22	15256.0
23	21290.0
24	29213.5
25	39178.0
26	52203.0
27	67534.5
28	84560.5
29	103223.0
30	123083.5
31	147119.5
32	173285.0
33	198037.0
34	220115.0
35	242048.5
36	261299.0
37	279850.0
38	298394.0
39	315091.0
40	330997.0
41	349588.5
42	374409.0
43	395229.5
44	417626.0
45	441222.0
46	468612.0
47	497120.0
48	518104.5
49	534940.0
50	555939.0
51	580938.5
52	598102.0
53	600070.0
54	589520.0
55	576679.5
56	558121.0
57	525302.5
58	483440.0
59	437411.0
60	384601.5
61	329360.0
62	279071.5
63	236431.0
64	196179.5
65	159582.5
66	130871.5
67	105469.0
68	83859.5
69	67235.5
70	52086.0
71	39071.0
72	29317.5
73	22814.5
74	17964.5
75	14417.5
76	10848.5
77	7853.0
78	5623.0
79	3938.0
80	3514.5
81	3410.5
82	2758.0
83	1934.0
84	1466.0
85	1143.5
86	738.0
87	504.5
88	372.5
89	255.5
90	186.0
91	120.5
92	60.5
93	40.0
94	30.0
95	22.0
96	21.0
97	14.0
98	9.5
99	7.5
100	3.5
>>END_MODULE
>>Per base N content	pass
#Base	N-Count
1	0.02975546601746963
2	0.23552403012962764
3	0.062281245169732144
4	0.036975890960475016
5	0.045334244037087246
6	0.03725359961212907
7	0.04266553162850927
8	0.03595988369832604
9	0.035011610253653666
10-14	0.04408252309011971
15-19	0.041125264619091426
20-24	0.06977666941169251
25-29	0.034521217415123095
30-34	0.05521118930152481
35-39	0.03986812496672577
40-44	0.044453704409891465
45-49	0.0385730543765732
50-54	0.03981800194179308
55-59	0.04255309349149812
60-64	0.04327513598579866
65-69	0.03868820186628342
70-74	0.03376801736478332
75-79	0.03822761190744255
80-84	0.04757216936651405
85-89	0.051686321440042635
90-94	0.03757872193601674
95-99	0.03950642638140073
100	0.0382425133472874
>>END_MODULE
>>Sequence Length Distribution	pass
#Length	Count
100	1.4763674E7
>>END_MODULE
>>Sequence Duplication Levels	warn
#Total Duplicate Percentage	46.27255471661156
#Duplication Level	Relative count
1	100.0
2	24.793409951043365
3	10.2019027117114
4	5.573591194750183
5	3.648310822540884
6	2.7238637547307385
7	2.1257942432554424
8	1.7429950348946217
9	1.386236589007326
10++	21.408978854900873
>>END_MODULE
>>Overrepresented sequences	pass
>>END_MODULE
>>Kmer Content	warn
#Sequence	Count	Obs/Exp Overall	Obs/Exp Max	Max Obs/Exp Position
TTTTT	8286160	5.2308087	8.046314	2
AAAAA	6665280	4.2373266	6.484615	2
CTCCT	3273835	2.451965	6.97983	1
CTCCA	3110830	2.3331645	7.2901144	1
CTCTG	3071445	2.2881422	5.366351	1
TCCAG	2984425	2.226448	5.044945	7
CTGGA	2993645	2.2214422	7.3768883	1
GAAGA	3147850	2.2127104	5.534212	2
GAAAA	2982730	1.993912	5.27655	2
CTTTT	2819265	1.8840773	5.1121917	1
CTGAA	2644145	1.8659562	5.134653	1
GTTTT	2766630	1.8390635	7.0621457	1
GGAAG	2296430	1.6973926	5.107894	1
CTCAG	2243220	1.6734926	5.750615	1
GGAAA	2349990	1.6518728	6.0934877	1
CTGGG	2053560	1.6023619	6.1021543	1
>>END_MODULE
