##FastQC	0.10.1
>>Basic Statistics	pass
#Measure	Value	
Filename	F_heteroclitus_MDPP_BW_2_R1.fastq.gz	
File type	Conventional base calls	
Encoding	Sanger / Illumina 1.9	
Total Sequences	20456175	
Filtered Sequences	0	
Sequence length	100	
%GC	49	
>>END_MODULE
>>Per base sequence quality	pass
#Base	Mean	Median	Lower Quartile	Upper Quartile	10th Percentile	90th Percentile
1	29.94516144880458	31.0	30.0	34.0	25.0	34.0
2	30.208288010832916	31.0	30.0	34.0	26.0	34.0
3	28.854871255256665	31.0	30.0	34.0	16.0	34.0
4	32.52445464511327	37.0	33.0	37.0	19.0	37.0
5	33.19463037444684	37.0	33.0	37.0	27.0	37.0
6	30.64914393819959	36.0	32.0	37.0	10.0	37.0
7	31.486792032234764	36.0	32.0	37.0	17.0	37.0
8	32.57805381504607	36.0	32.0	37.0	25.0	37.0
9	34.25015918176297	38.0	34.0	39.0	26.0	39.0
10-14	33.883688529258286	38.8	34.2	39.4	20.6	39.4
15-19	35.028331014962475	39.2	34.4	41.0	24.8	41.0
20-24	34.9801801754238	39.4	34.2	41.0	23.6	41.0
25-29	34.604295553787544	39.0	34.0	41.0	20.8	41.0
30-34	34.170006944113446	39.0	33.2	41.0	17.2	41.0
35-39	33.83214182514571	38.8	33.0	41.0	15.2	41.0
40-44	33.53297900511704	38.0	33.0	40.0	11.2	41.0
45-49	33.066906731097085	38.0	32.4	40.0	7.6	41.0
50-54	32.36037648289575	36.8	31.4	40.0	2.0	41.0
55-59	31.65177923047686	35.6	31.0	39.6	2.0	41.0
60-64	30.823470194207864	35.0	30.0	38.6	2.0	40.4
65-69	30.099005224583777	35.0	29.8	37.2	2.0	39.8
70-74	29.31660632547385	34.4	29.0	35.8	2.0	38.8
75-79	28.33150576781827	33.6	28.2	35.0	2.0	36.8
80-84	28.237445084430497	34.0	28.6	35.0	2.0	36.0
85-89	27.74850875102506	34.0	27.4	35.0	2.0	35.2
90-94	27.293605867177025	34.0	27.0	35.0	2.0	35.0
95-99	26.692310532149826	33.8	25.8	35.0	2.0	35.0
100	25.581896811109605	33.0	23.0	35.0	2.0	35.0
>>END_MODULE
>>Per sequence quality scores	pass
#Quality	Count
2	808738.0
3	233933.0
4	119076.0
5	85121.0
6	83717.0
7	87003.0
8	90012.0
9	95967.0
10	103749.0
11	107234.0
12	109221.0
13	111583.0
14	113258.0
15	113064.0
16	112242.0
17	109969.0
18	106903.0
19	104811.0
20	102926.0
21	106293.0
22	117254.0
23	135083.0
24	161214.0
25	198702.0
26	253468.0
27	333975.0
28	413277.0
29	441061.0
30	525758.0
31	613566.0
32	716331.0
33	934570.0
34	1292024.0
35	1873328.0
36	2902401.0
37	3727689.0
38	2488773.0
39	422263.0
40	618.0
>>END_MODULE
>>Per base sequence content	fail
#Base	G	A	T	C
1	38.97625279962086	13.079201783307695	9.282719568684186	38.66182584838726
2	25.761713227296777	21.162326544037214	27.06177009265455	26.014190136011457
3	26.949192972983788	24.71596896486714	20.63457054507488	27.700267517074195
4	30.367279125281033	29.247509895177437	18.469321002191137	21.915889977350396
5	28.92170128557703	30.045242129955653	21.229571112352666	19.803485472114655
6	22.557087045862946	35.30031683317951	22.7273931260254	19.415202994932148
7	22.22024018043361	20.414133939994596	35.29094352295801	22.074682356613785
8	22.658568699533387	21.723923816569133	29.468551102386485	26.148956381510995
9	21.357376229913623	20.34689291478312	32.756304793396026	25.539426061907232
10-14	24.872754074204774	26.211727344877712	24.857066960716875	24.05845162020064
15-19	24.74026593538764	25.43296899248519	25.535746431036603	24.291018641090574
20-24	24.60034155844062	25.788367303286336	25.423200404896345	24.1880907333767
25-29	24.613295109488405	25.584315334360795	25.32091003614131	24.481479520009493
30-34	24.460214147394126	25.745380973258147	25.36817995997385	24.42622491937388
35-39	24.53324572741939	25.70178372705021	25.271614211895404	24.493356333634992
40-44	24.619216921758188	25.690901542871362	25.187664265949106	24.50221726942134
45-49	24.601461281822772	25.577931563920302	25.195572804573235	24.625034349683688
50-54	24.55508880075011	25.720011413905514	25.18410623533335	24.540793550011028
55-59	24.75357370184629	25.399296062164712	25.067896788336302	24.779233447652697
60-64	24.59837908668305	25.536132208337126	25.16247451269477	24.703014192285057
65-69	24.605390290835054	25.543742515751354	25.133911446958145	24.716955746455447
70-74	24.83104138562465	25.502671609554746	24.996063419670595	24.67022358515001
75-79	24.67388665200471	25.372162340525268	25.18241184359262	24.771539163877403
80-84	24.683101641092886	25.53620443062365	25.090646516161012	24.690047412122453
85-89	24.788335755236627	25.402994523524647	25.016056424439668	24.792613296799054
90-94	24.630748003459164	25.474622520354277	25.03713980103316	24.857489675153403
95-99	24.582238665231422	25.494572723114388	25.09562074899575	24.82756786265844
100	24.952727877932755	25.087246975459372	24.696998336369422	25.263026810238454
>>END_MODULE
>>Per base GC content	fail
#Base	%GC
1	77.63807864800812
2	51.77590336330823
3	54.649460490057976
4	52.28316910263142
5	48.72518675769169
6	41.972290040795095
7	44.29492253704739
8	48.80752508104438
9	46.896802291820855
10-14	48.93120569440541
15-19	49.031284576478214
20-24	48.788432291817315
25-29	49.09477462949789
30-34	48.886439066768
35-39	49.02660206105438
40-44	49.121434191179524
45-49	49.22649563150646
50-54	49.09588235076114
55-59	49.532807149498986
60-64	49.301393278968106
65-69	49.3223460372905
70-74	49.50126497077466
75-79	49.44542581588211
80-84	49.37314905321534
85-89	49.580949052035685
90-94	49.48823767861256
95-99	49.40980652788986
100	50.21575468817121
>>END_MODULE
>>Per sequence GC content	warn
#GC Content	Count
0	4463.0
1	3578.5
2	2376.5
3	2032.0
4	1783.0
5	1470.5
6	1409.5
7	1520.0
8	1641.0
9	1765.0
10	1930.0
11	2171.0
12	2420.5
13	2624.5
14	3098.5
15	3728.5
16	4555.0
17	5692.5
18	7459.0
19	10091.5
20	13479.5
21	18636.0
22	25949.0
23	35224.0
24	47326.5
25	63720.0
26	83693.5
27	106665.5
28	132848.5
29	160643.5
30	187744.5
31	215436.5
32	242528.0
33	269972.0
34	299814.5
35	326048.5
36	348789.5
37	368953.5
38	388986.5
39	407556.0
40	419352.5
41	434022.5
42	454567.5
43	480918.0
44	516997.0
45	548791.5
46	580652.0
47	617740.5
48	644347.5
49	666760.5
50	696730.0
51	730655.0
52	761086.5
53	779997.5
54	788256.5
55	792976.5
56	775141.0
57	742346.0
58	704486.0
59	649307.0
60	590841.5
61	527952.5
62	462959.5
63	401890.0
64	338079.5
65	284733.0
66	241387.0
67	201143.0
68	169292.5
69	141074.5
70	112354.0
71	83998.5
72	62366.0
73	50004.5
74	41689.0
75	34602.5
76	26962.5
77	20565.0
78	15165.0
79	10157.5
80	8666.0
81	8058.5
82	8056.5
83	7498.0
84	5038.0
85	2886.5
86	1760.5
87	1170.0
88	871.0
89	706.5
90	503.0
91	329.0
92	250.0
93	182.0
94	108.5
95	56.5
96	39.5
97	25.0
98	12.0
99	8.0
100	5.0
>>END_MODULE
>>Per base N content	pass
#Base	N-Count
1	0.02756135983388879
2	0.004101451028845814
3	3.2303350944152562
4	0.007401188149788511
5	0.01630803412661458
6	2.184704618532057
7	0.028759042196305026
8	0.03064600297954041
9	0.029624306596907783
10-14	0.959287843401809
15-19	0.02155926022337998
20-24	0.01630510102695152
25-29	0.014195224669323565
30-34	0.0358982067761935
35-39	0.03730707231435007
40-44	0.026129029498427735
45-49	0.019659589341604673
50-54	0.01578203158703912
55-59	0.0038580037568118185
60-64	0.005327486688004967
65-69	0.001861540586155525
70-74	0.0029506982610385374
75-79	0.0038482267579349515
80-84	0.0027502697840627584
85-89	0.002444249719216813
90-94	0.00964403169214186
95-99	0.021460512534723624
100	0.01621515263728434
>>END_MODULE
>>Sequence Length Distribution	pass
#Length	Count
100	2.0456175E7
>>END_MODULE
>>Sequence Duplication Levels	fail
#Total Duplicate Percentage	51.432420170346916
#Duplication Level	Relative count
1	100.0
2	32.90445602241975
3	13.73787763513969
4	7.231526334543563
5	4.447354989069407
6	3.1106445679285804
7	2.3864325818349914
8	1.9309109469649546
9	1.542802661864268
10++	25.31756502980633
>>END_MODULE
>>Overrepresented sequences	pass
>>END_MODULE
>>Kmer Content	warn
#Sequence	Count	Obs/Exp Overall	Obs/Exp Max	Max Obs/Exp Position
TTTTT	11385605	5.87014	7.403671	10-14
AAAAA	10846445	5.205273	8.450547	2
CTGGA	4071755	2.1485107	5.294995	1
GAAAA	4007960	1.97081	5.9053516	1
GTTTT	3610880	1.8803704	5.697362	1
GGAAA	3070205	1.546871	5.553824	1
GCCAG	2695955	1.4477155	5.1037984	1
>>END_MODULE
