##FastQC	0.10.1
>>Basic Statistics	pass
#Measure	Value	
Filename	F_parvapinis_NA_BW_3_R2.fastq.gz	
File type	Conventional base calls	
Encoding	Sanger / Illumina 1.9	
Total Sequences	7360385	
Filtered Sequences	0	
Sequence length	100	
%GC	49	
>>END_MODULE
>>Per base sequence quality	pass
#Base	Mean	Median	Lower Quartile	Upper Quartile	10th Percentile	90th Percentile
1	29.283202848764024	31.0	30.0	34.0	23.0	34.0
2	29.319164418709075	31.0	30.0	34.0	22.0	34.0
3	29.365993490829624	31.0	30.0	34.0	22.0	34.0
4	32.62494529837773	37.0	35.0	37.0	23.0	37.0
5	32.55575421666122	37.0	35.0	37.0	22.0	37.0
6	32.4941036372418	37.0	35.0	37.0	22.0	37.0
7	32.507724527996835	37.0	35.0	37.0	22.0	37.0
8	32.44162146409461	37.0	35.0	37.0	22.0	37.0
9	33.823346333106215	39.0	35.0	39.0	21.0	39.0
10-14	33.87533309738553	39.2	35.0	39.4	18.2	39.4
15-19	34.55428040788627	39.6	34.6	41.0	17.0	41.0
20-24	34.267766998601296	39.0	34.0	41.0	14.6	41.0
25-29	33.973760149774776	39.0	34.0	41.0	10.0	41.0
30-34	33.1448832364068	38.6	32.2	41.0	7.6	41.0
35-39	32.975452887315	38.0	32.2	40.0	2.0	41.0
40-44	32.62034070228663	38.0	32.0	40.0	2.0	41.0
45-49	32.25426868295612	38.0	31.4	40.0	2.0	41.0
50-54	31.46214066247893	37.0	30.6	39.6	2.0	40.6
55-59	31.389423868452532	36.4	31.0	40.0	2.0	41.0
60-64	30.650846959771805	35.0	30.0	39.0	2.0	41.0
65-69	29.842817950419715	35.0	29.0	37.6	2.0	40.0
70-74	29.105833893199883	35.0	29.0	36.4	2.0	39.2
75-79	28.34438021924125	34.0	28.0	35.2	2.0	37.6
80-84	27.6759216807273	34.0	27.0	35.0	2.0	36.2
85-89	27.112195245221546	34.0	25.8	35.0	2.0	35.4
90-94	26.569657674156993	34.0	24.8	35.0	2.0	35.0
95-99	25.941959041544703	33.8	22.8	35.0	2.0	35.0
100	24.708251946059885	32.0	16.0	35.0	2.0	35.0
>>END_MODULE
>>Per sequence quality scores	pass
#Quality	Count
2	463709.0
3	61366.0
4	38926.0
5	32070.0
6	31654.0
7	32201.0
8	33752.0
9	35595.0
10	36965.0
11	37879.0
12	36586.0
13	36640.0
14	36595.0
15	37685.0
16	37819.0
17	37144.0
18	37530.0
19	37410.0
20	38529.0
21	41135.0
22	44613.0
23	51514.0
24	61850.0
25	73384.0
26	86318.0
27	101631.0
28	119715.0
29	141133.0
30	165942.0
31	201366.0
32	248139.0
33	319065.0
34	430209.0
35	615173.0
36	964560.0
37	1358157.0
38	1012046.0
39	184182.0
40	198.0
>>END_MODULE
>>Per base sequence content	fail
#Base	G	A	T	C
1	35.891872657618315	14.779087939400018	7.614889684645121	41.71414971833654
2	24.446822159439794	17.520919911982556	39.23287742740239	18.799380501175257
3	25.408402232875243	22.53991597495287	22.69524406272384	29.356437729448047
4	27.48148708931498	28.92254676325289	19.111869588210997	24.48409655922113
5	29.02393477982509	29.875072416567004	21.721816532372618	19.37917627123528
6	22.45102910771884	32.932874091623994	23.697856213599042	20.918240587058126
7	20.350143046592724	18.70167870603079	38.213766751347926	22.734411496028553
8	20.784602264494403	21.122014594785774	30.555967113205963	27.53741602751386
9	22.31424615572385	20.57095310757123	31.247262194726645	25.867538541978274
10-14	24.08345243079232	26.781304120845473	25.428681538532043	23.706561909830164
15-19	24.489639567264312	25.327086923673146	25.988280369619112	24.19499313944343
20-24	24.340476348026378	25.78477566074431	25.83366994312278	24.041078048106538
25-29	24.313762680161258	25.812923753051848	25.840746195961817	24.03256737082508
30-34	24.451540879536175	25.862509270774144	25.629097421164875	24.05685242852481
35-39	24.29924996946094	25.78354737498827	25.69812229863927	24.219080356911515
40-44	24.684274606399732	25.67213569987365	25.42073850103006	24.222851192696556
45-49	24.492164677285324	25.747749075961636	25.478750047482972	24.28133619927007
50-54	24.509249819073514	25.77212431297422	25.39288020828462	24.325745659667653
55-59	24.884965694604784	25.490243532221434	25.244590830180396	24.38019994299339
60-64	24.776407319913034	25.412788264142073	25.27601558918102	24.534788826763876
65-69	24.621346974151557	25.456545723365565	25.369254456774808	24.55285284570807
70-74	24.884652791920406	25.511003970026717	25.128811746341366	24.475531491711504
75-79	24.806975759757954	25.474430777819958	25.189504636347433	24.52908882607466
80-84	24.836093310132735	25.40535815302635	25.20997390136464	24.54857463547628
85-89	24.90103557178153	25.537035525994057	24.996224028966395	24.56570487325802
90-94	24.88171932388422	25.44900165726167	25.077958398044913	24.5913206208092
95-99	24.702517987410932	25.44608028754628	25.188345554035745	24.663056171007042
100	25.09509931326225	24.9993747043439	24.76354308830806	25.14198289408579
>>END_MODULE
>>Per base GC content	fail
#Base	%GC
1	77.60602237595486
2	43.24620266061505
3	54.764839962323286
4	51.96558364853612
5	48.40311105106038
6	43.36926969477696
7	43.08455454262128
8	48.32201829200826
9	48.18178469770212
10-14	47.790014340622484
15-19	48.684632706707745
20-24	48.38155439613291
25-29	48.34633005098634
30-34	48.50839330806098
35-39	48.518330326372464
40-44	48.90712579909629
45-49	48.773500876555396
50-54	48.83499547874116
55-59	49.26516563759817
60-64	49.311196146676906
65-69	49.17419981985962
70-74	49.36018428363192
75-79	49.33606458583262
80-84	49.38466794560901
85-89	49.46674044503955
90-94	49.47303994469342
95-99	49.36557415841797
100	50.23708220734804
>>END_MODULE
>>Per sequence GC content	warn
#GC Content	Count
0	5547.0
1	3691.0
2	1700.5
3	1497.5
4	1380.5
5	1298.5
6	1264.5
7	1255.0
8	1216.0
9	1194.0
10	1237.5
11	1300.5
12	1337.0
13	1370.5
14	1420.5
15	1498.0
16	1662.0
17	1928.5
18	2291.5
19	2896.5
20	4010.5
21	5432.0
22	7443.5
23	10328.0
24	13709.5
25	18320.5
26	24698.0
27	32418.0
28	40292.5
29	48034.0
30	57301.5
31	69062.5
32	82651.0
33	95619.5
34	106622.5
35	117760.0
36	126746.5
37	132498.0
38	138527.5
39	145630.5
40	154435.0
41	163814.5
42	176430.0
43	191622.5
44	213114.0
45	228265.5
46	238745.5
47	251497.0
48	261938.0
49	269283.5
50	277593.5
51	287693.0
52	295588.5
53	301323.0
54	291131.5
55	279486.0
56	268491.5
57	250004.0
58	230162.0
59	211854.0
60	188963.0
61	159954.0
62	133740.5
63	112539.5
64	96768.0
65	82380.5
66	70488.5
67	62339.5
68	54272.5
69	43103.5
70	32789.0
71	25400.0
72	19404.5
73	17838.0
74	17586.5
75	16589.5
76	14057.0
77	11004.5
78	7897.5
79	4999.5
80	4215.5
81	4337.0
82	4391.0
83	4168.0
84	4225.0
85	3542.0
86	2489.0
87	1972.5
88	1477.0
89	1109.0
90	815.0
91	580.5
92	418.0
93	294.0
94	175.0
95	106.0
96	75.0
97	43.0
98	21.0
99	12.0
100	8.0
>>END_MODULE
>>Per base N content	pass
#Base	N-Count
1	0.04107122113856816
2	0.055920987828761676
3	0.041505981005069706
4	0.04010659768476785
5	0.04949469355203566
6	0.03734858978164865
7	0.040650047517894784
8	0.04770130910271677
9	0.03747086599410221
10-14	0.03458243013103255
15-19	0.052157597734357644
20-24	0.05022291632842575
25-29	0.031199454919817377
30-34	0.057105708464978394
35-39	0.057486123348167245
40-44	0.0940439936226162
45-49	0.0695181026535976
50-54	0.0667274877604908
55-59	0.07402601901938553
60-64	0.06551559463261772
65-69	0.06806709159914869
70-74	0.06476563386290256
75-79	0.06037184196207128
80-84	0.06559439485842113
85-89	0.0633282090542818
90-94	0.056434547921066634
95-99	0.05307602795234217
100	0.052510840125890156
>>END_MODULE
>>Sequence Length Distribution	pass
#Length	Count
100	7360385.0
>>END_MODULE
>>Sequence Duplication Levels	warn
#Total Duplicate Percentage	39.36883905220898
#Duplication Level	Relative count
1	100.0
2	15.461850286357276
3	5.773308905206365
4	3.3252066532985185
5	2.182662762013301
6	1.6784719918059983
7	1.28319796881086
8	1.0574301418081622
9	0.9261530027842294
10++	12.572310621907414
>>END_MODULE
>>Overrepresented sequences	warn
#Sequence	Count	Percentage	Possible Source
TTTTTTTTTTTTTTTTTTTTTTTTTTTTTTTTTTTTTTTTTTTTTTTTTT	10267	0.13948998591785622	No Hit
>>END_MODULE
>>Kmer Content	fail
#Sequence	Count	Obs/Exp Overall	Obs/Exp Max	Max Obs/Exp Position
TTTTT	4560220	6.0238853	10.410791	2
AAAAA	3303365	4.41849	6.330919	2
CTCCA	1465940	2.195521	6.884562	1
GAAGA	1508060	2.1395283	5.0633454	2
CTCCT	1411270	2.1083672	6.952693	1
CTCTG	1357270	2.0093873	5.2161074	1
CTGGA	1349425	1.9846902	6.7537546	1
GAAAA	1438625	1.9817826	5.065795	2
CTGCA	1324555	1.9658605	5.308928	1
CTTTT	1362190	1.8747514	5.7036567	1
CTGAA	1276955	1.8235956	5.479061	1
GTTTT	1306640	1.7820635	7.391138	1
CTTTG	1196660	1.700408	5.085568	1
GGAAA	1170210	1.6602108	6.347994	1
CTCAG	1090345	1.618254	5.516186	1
CTGGG	983415	1.4896077	6.069547	1
CTCCC	902850	1.4052927	5.1202765	1
GTTTG	988050	1.3913056	5.014652	1
>>END_MODULE
