##FastQC	0.10.1
>>Basic Statistics	pass
#Measure	Value	
Filename	L_parva_NA_BW_2_R1.fastq.gz	
File type	Conventional base calls	
Encoding	Sanger / Illumina 1.9	
Total Sequences	10964790	
Filtered Sequences	0	
Sequence length	100	
%GC	49	
>>END_MODULE
>>Per base sequence quality	pass
#Base	Mean	Median	Lower Quartile	Upper Quartile	10th Percentile	90th Percentile
1	30.833236295451165	33.0	31.0	34.0	26.0	34.0
2	31.16112702568859	34.0	31.0	34.0	27.0	34.0
3	30.892550700925415	34.0	31.0	34.0	27.0	34.0
4	34.38033614870873	37.0	35.0	37.0	30.0	37.0
5	32.86602433790342	37.0	35.0	37.0	22.0	37.0
6	33.26406233042311	37.0	35.0	37.0	19.0	37.0
7	33.88199299758591	37.0	35.0	37.0	29.0	37.0
8	34.00214632473581	37.0	35.0	37.0	30.0	37.0
9	35.58561677879832	39.0	37.0	39.0	30.0	39.0
10-14	35.70230784173705	39.2	36.6	39.4	30.0	39.4
15-19	36.49785269029321	40.0	37.0	41.0	29.2	41.0
20-24	36.27684672483467	40.0	36.6	41.0	27.8	41.0
25-29	35.95020346034899	40.0	36.0	41.0	27.0	41.0
30-34	35.53920556618047	40.0	35.4	41.0	25.4	41.0
35-39	35.15746836920725	39.2	35.0	41.0	24.4	41.0
40-44	34.879803954293706	39.0	35.0	41.0	23.6	41.0
45-49	34.35497086583509	38.6	34.0	41.0	22.0	41.0
50-54	33.69893851136228	37.6	33.2	40.0	19.0	41.0
55-59	32.9507456868759	36.4	32.8	40.0	15.2	41.0
60-64	32.1488366307061	35.2	32.0	39.0	9.4	41.0
65-69	31.42537830637887	35.0	31.4	37.4	5.6	40.0
70-74	30.688317824600375	35.0	31.0	36.2	2.0	39.0
75-79	29.689592066970732	34.2	30.2	35.2	2.0	37.4
80-84	29.6357560883519	35.0	30.6	35.0	2.0	36.4
85-89	29.16622788033332	34.2	30.0	35.0	2.0	35.6
90-94	28.700807657966998	34.0	29.8	35.0	2.0	35.0
95-99	28.182850651950474	34.0	29.0	35.0	2.0	35.0
100	27.06734410782149	33.0	26.0	35.0	2.0	35.0
>>END_MODULE
>>Per sequence quality scores	pass
#Quality	Count
2	278549.0
3	93570.0
4	48757.0
5	38573.0
6	39126.0
7	38320.0
8	38567.0
9	41003.0
10	44660.0
11	47228.0
12	47488.0
13	48837.0
14	49653.0
15	50351.0
16	50093.0
17	49414.0
18	47733.0
19	46456.0
20	46519.0
21	47960.0
22	52837.0
23	60414.0
24	72643.0
25	89255.0
26	108307.0
27	132412.0
28	160403.0
29	188993.0
30	227987.0
31	276109.0
32	343905.0
33	450230.0
34	629374.0
35	961277.0
36	1605843.0
37	2320473.0
38	1745849.0
39	345145.0
40	477.0
>>END_MODULE
>>Per base sequence content	fail
#Base	G	A	T	C
1	32.63626553753225	15.517546796169288	8.124313028312583	43.72187463798588
2	24.370814516222442	18.210305901765263	38.02358021084892	19.395299371163368
3	23.87164313953721	22.987160610976627	24.145690806337853	28.99550544314831
4	25.518785755348976	30.34639347481498	20.077072805809674	24.057747964026365
5	27.88845186530471	31.438676785746534	21.70897557316445	18.963895775784305
6	21.97641844465013	33.95803273244327	23.343075729299763	20.722473093606833
7	20.34870395046832	18.646700266396294	38.14017321051147	22.864422572623923
8	20.884277470688197	21.078154985395084	30.189440058341187	27.84812748557553
9	22.39499161290605	20.222978812551005	31.29371471617461	26.088314858368335
10-14	24.193803118150644	26.444676824472175	25.235797595779204	24.125722461597984
15-19	24.50396367988055	25.105747788775517	25.899335837599974	24.490952693743957
20-24	24.298159280503338	25.5470948737118	25.724539185203714	24.430206660581145
25-29	24.451398270068427	25.625664593764785	25.52229256528185	24.400644570884936
30-34	24.220672463580016	25.621085149520045	25.580400168017626	24.577842218882317
35-39	24.404325584104665	25.59347725766038	25.490066654919293	24.512130503315667
40-44	24.514944105797593	25.495246046327726	25.35363678035278	24.636173067521906
45-49	24.51235059086384	25.51799886688546	25.294202177089176	24.67544836516152
50-54	24.530740241655135	25.584445521749366	25.21690734361599	24.66790689297951
55-59	24.784066309192923	25.314771734537622	25.092083332451676	24.80907862381778
60-64	24.770674717785663	25.267979007819307	25.135019895983984	24.826326378411046
65-69	24.734006756484753	25.346315581322376	25.13771882298823	24.78195883920464
70-74	24.884791844981454	25.331462342571566	25.055893778682105	24.72785203376488
75-79	24.881482016279776	25.225891645193087	25.022747404957148	24.86987893356999
80-84	24.824704438444673	25.177833823227868	25.08642539299231	24.911036345335145
85-89	24.853463035357297	25.36036997530548	24.866176750259918	24.919990239077304
90-94	24.762822174238668	25.23915889852646	24.956887040763252	25.04113188647161
95-99	24.671823098305637	25.325423056404134	25.00722120445184	24.995532640838388
100	24.956780261500967	24.953806980625064	24.560020553944117	25.529392203929856
>>END_MODULE
>>Per base GC content	fail
#Base	%GC
1	76.35814017551813
2	43.76611388738581
3	52.867148582685516
4	49.57653371937534
5	46.85234764108902
6	42.69889153825696
7	43.21312652309224
8	48.73240495626373
9	48.48330647127438
10-14	48.31952557974863
15-19	48.994916373624505
20-24	48.72836594108448
25-29	48.85204284095337
30-34	48.79851468246233
35-39	48.91645608742033
40-44	49.1511171733195
45-49	49.18779895602536
50-54	49.19864713463464
55-59	49.593144933010706
60-64	49.59700109619671
65-69	49.515965595689394
70-74	49.61264387874633
75-79	49.75136094984977
80-84	49.73574078377982
85-89	49.7734532744346
90-94	49.80395406071029
95-99	49.66735573914403
100	50.486172465430826
>>END_MODULE
>>Per sequence GC content	warn
#GC Content	Count
0	9799.0
1	6741.0
2	3284.5
3	2841.5
4	2719.0
5	2557.0
6	2490.5
7	2488.5
8	2503.0
9	2526.5
10	2527.0
11	2564.0
12	2608.0
13	2626.0
14	2710.0
15	3034.0
16	3364.5
17	3800.5
18	4617.0
19	5920.5
20	7946.5
21	10882.0
22	14910.0
23	20395.0
24	27517.5
25	36148.5
26	46815.0
27	59676.0
28	73188.5
29	87843.0
30	103298.0
31	119717.0
32	137281.5
33	152357.5
34	166381.0
35	179172.0
36	189980.0
37	200442.0
38	208954.5
39	217845.0
40	228304.0
41	242177.5
42	253826.0
43	265045.5
44	286000.0
45	305991.5
46	323962.0
47	338195.5
48	344393.5
49	351694.0
50	368410.5
51	382819.0
52	393669.0
53	395360.5
54	381224.0
55	377967.0
56	376582.0
57	356688.5
58	337892.5
59	320656.5
60	298521.0
61	267188.5
62	230631.0
63	202975.0
64	181660.5
65	163253.0
66	140451.0
67	121279.5
68	107804.0
69	90236.0
70	70981.5
71	53698.0
72	42596.5
73	40337.5
74	36377.0
75	30761.5
76	25137.5
77	19890.5
78	16667.0
79	14750.0
80	15715.5
81	14145.5
82	9238.0
83	4912.0
84	2601.5
85	1581.5
86	909.5
87	637.0
88	437.5
89	283.0
90	193.0
91	139.5
92	105.0
93	82.0
94	66.0
95	46.5
96	31.0
97	16.5
98	8.0
99	8.0
100	4.0
>>END_MODULE
>>Per base N content	pass
#Base	N-Count
1	0.01659858510742112
2	0.0023438661387951798
3	0.00582774499101214
4	0.007943608587122963
5	3.5380431362570555
6	0.03743801750877126
7	0.04722388664078382
8	0.052978670818136966
9	0.04645779809736438
10-14	0.0522581827832544
15-19	0.02995223802735848
20-24	0.025678558367282913
25-29	0.025813535872552053
30-34	0.04982676366806842
35-39	0.04723118272214972
40-44	0.03837556396428933
45-49	0.028677247808667563
50-54	0.014862117742337063
55-59	0.005388156088716701
60-64	0.004715092582712482
65-69	8.591135808346534E-4
70-74	0.003026049746506773
75-79	0.004217135029489849
80-84	0.005411868353155875
85-89	0.002305561711624208
90-94	0.009422889084059066
95-99	0.017669285047866856
100	0.004295567904173267
>>END_MODULE
>>Sequence Length Distribution	pass
#Length	Count
100	1.096479E7
>>END_MODULE
>>Sequence Duplication Levels	warn
#Total Duplicate Percentage	44.49172970556524
#Duplication Level	Relative count
1	100.0
2	19.966680089379476
3	7.617784304900869
4	4.189465539158791
5	2.8843041112979764
6	2.0584124878603407
7	1.6383605340660556
8	1.4212284150934458
9	1.183567441236153
10++	16.95446542072309
>>END_MODULE
>>Overrepresented sequences	warn
#Sequence	Count	Percentage	Possible Source
TTTTTTTTTTTTTTTTTTTTTTTTTTTTTTTTTTTTTTTTTTTTTTTTTT	21845	0.19922862179759027	No Hit
>>END_MODULE
>>Kmer Content	fail
#Sequence	Count	Obs/Exp Overall	Obs/Exp Max	Max Obs/Exp Position
TTTTT	8614215	7.8574967	12.973455	2
AAAAA	6041520	5.578618	8.682948	2
CTCCT	2192545	2.1323006	6.3290396	1
GAAGA	2182415	2.1284635	5.4636445	2
CTCCA	2158675	2.1045032	6.4263654	1
GAAAA	2174730	2.063764	5.7041664	2
CTGGA	2028275	2.0109813	6.3332076	1
AAAAT	2122045	1.9546663	5.10537	3
CTTTT	2024460	1.8864914	5.9949217	1
CTTCA	1961145	1.871522	5.3260865	1
GTTTT	1968600	1.8499612	8.100536	1
CTGAA	1841235	1.7762995	5.2947145	1
GGAAA	1635685	1.595249	6.378941	1
CTCAG	1578820	1.5522239	5.2132072	1
CTGGG	1421365	1.4483083	5.274511	1
>>END_MODULE
