##FastQC	0.10.1
>>Basic Statistics	pass
#Measure	Value	
Filename	L_parva_NA_transfer_3_R2.fastq.gz	
File type	Conventional base calls	
Encoding	Sanger / Illumina 1.9	
Total Sequences	12882551	
Filtered Sequences	0	
Sequence length	100	
%GC	49	
>>END_MODULE
>>Per base sequence quality	pass
#Base	Mean	Median	Lower Quartile	Upper Quartile	10th Percentile	90th Percentile
1	29.93347101827891	31.0	31.0	34.0	26.0	34.0
2	29.982158192115833	31.0	31.0	34.0	25.0	34.0
3	30.02514991013814	31.0	31.0	34.0	26.0	34.0
4	33.35373638342282	37.0	35.0	37.0	27.0	37.0
5	33.30201122432972	37.0	35.0	37.0	27.0	37.0
6	33.24511845518795	37.0	35.0	37.0	27.0	37.0
7	33.26221615579088	37.0	35.0	37.0	27.0	37.0
8	33.20227694033581	37.0	35.0	37.0	27.0	37.0
9	34.64315010280185	39.0	35.0	39.0	27.0	39.0
10-14	34.72130715414983	39.2	35.2	39.4	26.6	39.4
15-19	35.459051937772266	40.0	36.0	41.0	25.4	41.0
20-24	35.20267080642646	40.0	35.6	41.0	24.0	41.0
25-29	34.930316627506464	39.0	35.0	41.0	22.6	41.0
30-34	34.1004842441532	39.0	33.8	41.0	17.0	41.0
35-39	33.970279970170495	38.6	33.2	40.8	15.8	41.0
40-44	33.630420869282794	38.0	33.0	40.0	12.4	41.0
45-49	33.27944844153926	38.0	33.0	40.0	8.6	41.0
50-54	32.44021119730091	37.0	32.0	39.6	4.8	40.6
55-59	32.364479814595725	36.6	32.0	40.0	2.0	41.0
60-64	31.63190385196224	35.2	31.2	39.2	2.0	41.0
65-69	30.84457134305154	35.0	31.0	37.8	2.0	40.2
70-74	30.13754288261696	35.0	30.0	36.4	2.0	39.2
75-79	29.410892935723677	34.8	29.8	35.4	2.0	37.6
80-84	28.765451237103584	34.0	29.0	35.0	2.0	36.4
85-89	28.224784671917853	34.0	29.0	35.0	2.0	35.6
90-94	27.707228777902763	34.0	28.0	35.0	2.0	35.0
95-99	27.098015944202352	34.0	27.0	35.0	2.0	35.0
100	25.824177292214873	33.0	23.0	35.0	2.0	35.0
>>END_MODULE
>>Per sequence quality scores	pass
#Quality	Count
2	586952.0
3	87122.0
4	56772.0
5	47997.0
6	49694.0
7	49559.0
8	51859.0
9	54239.0
10	57492.0
11	59470.0
12	58265.0
13	56970.0
14	56733.0
15	57830.0
16	58072.0
17	57685.0
18	57358.0
19	57926.0
20	60020.0
21	63881.0
22	71382.0
23	83245.0
24	99728.0
25	120955.0
26	142988.0
27	168610.0
28	199558.0
29	238076.0
30	285989.0
31	348842.0
32	436196.0
33	567150.0
34	771006.0
35	1132382.0
36	1802831.0
37	2479302.0
38	1880194.0
39	367687.0
40	534.0
>>END_MODULE
>>Per base sequence content	fail
#Base	G	A	T	C
1	35.55848138382445	13.782574375982565	8.789308914789933	41.86963532540305
2	26.854658174382607	17.336937645584452	35.95781444843957	19.85058973159337
3	26.567534927467534	22.233160298268054	22.808200072933165	28.391104701331248
4	27.583317640800843	29.22578027477786	19.125074984420714	24.065827100000583
5	29.52602691321256	30.569914748292927	21.243995394738118	18.660062943756394
6	22.533072442786278	34.19954057876639	22.522519514375823	20.74486746407151
7	20.470736200330407	18.368921912000253	38.32080522799319	22.83953665967615
8	21.1422251174153	21.3872370445546	29.549475960733478	27.921061877296623
9	22.5048236197909	20.40684506339875	31.09185692530628	25.99647439150406
10-14	24.5409461350004	26.544164817097492	25.255423178673137	23.659465869228974
15-19	24.82983798382215	25.088885366061948	25.726967491856257	24.354309158259646
20-24	24.632490831987354	25.497232630844945	25.681506970755724	24.188769566411974
25-29	24.702305019720956	25.745126318997862	25.41131249854508	24.141256162736095
30-34	24.746078558397166	25.581603425787875	25.518821588470736	24.153496427344226
35-39	24.587719943304357	25.67431240159574	25.488027203669095	24.249940451430813
40-44	24.687693817842025	25.535921071178464	25.450784764280755	24.32560034669876
45-49	24.67208984480441	25.57065595857619	25.371916740686768	24.385337455932632
50-54	24.656000857531676	25.599554456368416	25.436238170101973	24.308206515997938
55-59	24.784962729120615	25.45549909280429	25.302581248916837	24.45695692915826
60-64	24.693372823904223	25.407129224958087	25.34361851681004	24.555879434327647
65-69	24.63385841493327	25.482691545903453	25.399670273141243	24.48377976602203
70-74	24.761073005125873	25.473133386469215	25.29127966975863	24.47451393864628
75-79	24.750901296242038	25.394142299477735	25.285509700281246	24.569446703998988
80-84	24.736944782032637	25.435385723182264	25.26601148803753	24.561658006747567
85-89	24.89145633297091	25.375257620814786	25.148748592377114	24.584537453837193
90-94	24.73586946982212	25.259239065853027	25.242737946283988	24.762153518040865
95-99	24.834925683161693	25.418931570254177	25.20868292708386	24.537459819500274
100	25.30243322796853	25.007215029629	24.761764226190014	24.92858751621246
>>END_MODULE
>>Per base GC content	fail
#Base	%GC
1	77.4281167092275
2	46.70524790597598
3	54.95863962879879
4	51.649144740801425
5	48.186089856968955
6	43.27793990685779
7	43.310272860006556
8	49.06328699471192
9	48.50129801129496
10-14	48.20041200422938
15-19	49.18414714208179
20-24	48.82126039839933
25-29	48.84356118245706
30-34	48.89957498574139
35-39	48.837660394735174
40-44	49.01329416454078
45-49	49.05742730073705
50-54	48.96420737352961
55-59	49.241919658278874
60-64	49.24925225823187
65-69	49.1176381809553
70-74	49.235586943772155
75-79	49.320348000241026
80-84	49.29860278878021
85-89	49.475993786808104
90-94	49.49802298786299
95-99	49.37238550266196
100	50.23102074418099
>>END_MODULE
>>Per sequence GC content	warn
#GC Content	Count
0	6846.0
1	4612.0
2	2106.0
3	1842.0
4	1768.5
5	1608.5
6	1492.0
7	1522.5
8	1560.0
9	1564.0
10	1575.5
11	1611.0
12	1704.0
13	1745.0
14	1859.0
15	2100.5
16	2391.0
17	2917.0
18	3788.5
19	5092.5
20	7177.5
21	10411.5
22	14642.0
23	20060.0
24	27580.0
25	37077.0
26	48389.5
27	62050.5
28	76998.5
29	93394.5
30	112026.0
31	131821.5
32	151969.0
33	171048.0
34	187404.5
35	202002.5
36	218276.5
37	232487.0
38	245479.0
39	263352.0
40	280537.0
41	297220.5
42	312459.0
43	328908.5
44	350487.5
45	371088.0
46	389539.0
47	410447.5
48	430430.0
49	444124.5
50	456474.5
51	469338.5
52	479357.5
53	479579.5
54	470553.5
55	459309.0
56	449284.5
57	431329.5
58	406772.0
59	380141.5
60	351059.5
61	317088.5
62	279257.0
63	245198.0
64	214160.0
65	186495.0
66	159679.0
67	135554.0
68	113301.0
69	91512.0
70	72978.5
71	57400.0
72	45161.0
73	36067.5
74	28697.5
75	22503.5
76	17293.5
77	13237.0
78	10186.5
79	7736.0
80	5989.5
81	4530.5
82	3107.5
83	2099.0
84	1477.0
85	1039.5
86	703.5
87	481.5
88	361.0
89	274.5
90	177.0
91	119.5
92	98.5
93	78.5
94	46.0
95	29.0
96	20.5
97	16.5
98	14.0
99	8.0
100	3.0
>>END_MODULE
>>Per base N content	pass
#Base	N-Count
1	0.03808251952582994
2	0.05327361017239521
3	0.038866525737022116
4	0.03784964639379266
5	0.04638832790182627
6	0.03577707551866086
7	0.039627244635010564
8	0.04684631172816626
9	0.0370578777448659
10-14	0.03288634370630475
15-19	0.05067474601885916
20-24	0.0490151368312068
25-29	0.029615252444954415
30-34	0.055665993482191534
35-39	0.057027525060836165
40-44	0.09234506426561012
45-49	0.06827840231333064
50-54	0.06513461503082736
55-59	0.07268746694656983
60-64	0.06354797275788002
65-69	0.06599003566917763
70-74	0.06316450833379196
75-79	0.0589510571314641
80-84	0.06380568569066794
85-89	0.06216936381621932
90-94	0.054810572843841256
95-99	0.05164660322322807
100	0.05162797337266509
>>END_MODULE
>>Sequence Length Distribution	pass
#Length	Count
100	1.2882551E7
>>END_MODULE
>>Sequence Duplication Levels	warn
#Total Duplicate Percentage	41.71403564908054
#Duplication Level	Relative count
1	100.0
2	19.99483316783324
3	8.434853512234897
4	5.013441836808835
5	3.221196928964131
6	2.315386664729105
7	1.9101132666489056
8	1.622708227372908
9	1.3490275860398653
10++	17.601944020602744
>>END_MODULE
>>Overrepresented sequences	pass
>>END_MODULE
>>Kmer Content	warn
#Sequence	Count	Obs/Exp Overall	Obs/Exp Max	Max Obs/Exp Position
TTTTT	7865735	6.038435	9.907231	2
AAAAA	6254370	4.8840218	7.334649	2
CTCCT	2863375	2.449154	6.844658	1
CTCCA	2685325	2.3047109	6.828102	1
TCCAG	2646335	2.2399647	5.229302	7
CTGGA	2659835	2.2203822	6.9878116	1
GAAGA	2688955	2.180064	5.4915457	2
GAAAA	2567365	2.0428076	5.273427	2
GGAGA	2380625	1.9666294	5.028565	1
GTTTT	2375745	1.8647153	7.555544	1
GGAAG	2023715	1.6717868	5.1780148	1
GGAAA	2060310	1.6703913	5.961834	1
CTCAG	1918475	1.6238745	5.180418	1
CTGGG	1795675	1.5273784	5.83234	1
GGGAG	1700570	1.4314358	5.181938	1
GGGAA	1573605	1.2999517	5.036096	1
>>END_MODULE
