##FastQC	0.10.1
>>Basic Statistics	pass
#Measure	Value	
Filename	F_chrysotus_NA_FW_3_R1.fastq.gz	
File type	Conventional base calls	
Encoding	Sanger / Illumina 1.9	
Total Sequences	18789624	
Filtered Sequences	0	
Sequence length	100	
%GC	48	
>>END_MODULE
>>Per base sequence quality	pass
#Base	Mean	Median	Lower Quartile	Upper Quartile	10th Percentile	90th Percentile
1	31.113282043323487	33.0	31.0	34.0	27.0	34.0
2	31.422756144561486	34.0	31.0	34.0	28.0	34.0
3	31.165597991742676	34.0	31.0	34.0	27.0	34.0
4	34.69633149657492	37.0	35.0	37.0	31.0	37.0
5	33.20273354059666	37.0	35.0	37.0	26.0	37.0
6	33.61331546602529	37.0	35.0	37.0	25.0	37.0
7	34.24236855404877	37.0	35.0	37.0	30.0	37.0
8	34.37371892061278	37.0	35.0	37.0	31.0	37.0
9	36.00057143240333	39.0	37.0	39.0	31.0	39.0
10-14	36.14112042901976	39.2	37.0	39.4	30.2	39.4
15-19	36.980969039082424	40.0	37.0	41.0	30.6	41.0
20-24	36.793042000201815	40.0	37.0	41.0	30.0	41.0
25-29	36.51628396608682	40.0	36.6	41.0	29.8	41.0
30-34	36.16626871298755	40.0	36.0	41.0	28.4	41.0
35-39	35.86119905326471	40.0	35.4	41.0	27.0	41.0
40-44	35.66697467708774	39.8	35.0	41.0	26.8	41.0
45-49	35.23016253012833	39.0	35.0	41.0	25.8	41.0
50-54	34.64514114811452	38.4	34.2	40.6	24.2	41.0
55-59	33.937129769068285	37.4	33.6	40.0	22.6	41.0
60-64	33.15408317909927	35.8	33.0	39.4	21.4	41.0
65-69	32.41332040492135	35.0	32.6	38.4	19.8	40.4
70-74	31.631630499897177	35.0	32.0	36.6	17.2	39.4
75-79	30.578666044621222	34.6	30.8	35.2	12.0	37.4
80-84	30.501528939589207	35.0	31.4	35.0	8.4	36.6
85-89	30.03558543800557	35.0	31.0	35.0	2.6	35.8
90-94	29.599276185622443	34.4	31.0	35.0	2.0	35.0
95-99	29.13102526160183	34.0	30.8	35.0	2.0	35.0
100	28.061979260468437	34.0	29.0	35.0	2.0	35.0
>>END_MODULE
>>Per sequence quality scores	pass
#Quality	Count
2	335916.0
3	124817.0
4	66990.0
5	53725.0
6	55282.0
7	53047.0
8	53309.0
9	57567.0
10	63566.0
11	68363.0
12	69881.0
13	73184.0
14	75250.0
15	74855.0
16	75041.0
17	73494.0
18	72311.0
19	70137.0
20	70220.0
21	72699.0
22	80157.0
23	93623.0
24	112894.0
25	138700.0
26	171172.0
27	211026.0
28	257911.0
29	304348.0
30	368329.0
31	455408.0
32	568801.0
33	744031.0
34	1038783.0
35	1554468.0
36	2648473.0
37	4218805.0
38	3500464.0
39	661659.0
40	918.0
>>END_MODULE
>>Per base sequence content	fail
#Base	G	A	T	C
1	37.815579577340415	15.408443503956518	8.00484774517996	38.771129173523114
2	25.2983947590329	17.701069188455243	36.34964525373188	20.65089079877998
3	25.15253225498012	22.056498048369523	22.956461638087973	29.83450805856238
4	26.961026253360572	28.20524939471024	19.926619544308583	24.90710480762061
5	28.58867939755847	29.611699457516842	22.127272019641985	19.672349125282707
6	22.98724435821257	32.98808344009089	23.488883283178314	20.53578891851823
7	20.436136122843283	19.670713755612	38.051579644723304	21.841570476821417
8	20.8342929287954	21.752570539917883	30.993883527431205	26.41925300385551
9	21.945101026838543	20.83801543196992	32.234507968584005	24.98237557260753
10-14	23.77060193197629	27.132778571786247	26.07998127180839	23.016638224429073
15-19	24.133932892283916	25.780495405836085	26.418866679664326	23.666705022215677
20-24	23.959482228989522	26.04727220212597	26.328645789370263	23.664599779514244
25-29	24.02638098797215	26.06136257408939	26.220738748579965	23.69151768935849
30-34	23.8690179259216	26.13700224412941	26.166438564734378	23.827541265214613
35-39	23.92681847797937	26.119969645731516	26.131790341369232	23.821421534919885
40-44	24.036286030029004	26.11354721658105	25.9858049261448	23.864361827245144
45-49	23.971544427970244	26.088939649503462	26.027796504591656	23.911719417934638
50-54	23.948075057995354	26.23124321670012	25.95638160855318	23.864300116751348
55-59	24.091739594798	26.00564711678076	25.91769958788534	23.984913700535902
60-64	24.08977803990196	25.996906420349227	25.90130437521995	24.01201116452886
65-69	24.041231849652338	26.099874808634887	25.869214822332342	23.989678519380437
70-74	24.157309548178564	26.069749657888764	25.791709200716873	23.981231593215803
75-79	24.058491523087692	26.00258506238183	25.87205246237911	24.066870952151373
80-84	24.04863436824119	26.010937853305567	25.845500501505626	24.094927276947622
85-89	24.134083228838097	26.07773457935179	25.688446329530752	24.099735862279363
90-94	24.04863418234234	25.976548530312236	25.729482981924857	24.245334305420567
95-99	24.051204024031083	26.09388440619821	25.76315786111778	24.091753708652927
100	24.317342016661947	25.893376591726103	25.36364614218864	24.425635249423312
>>END_MODULE
>>Per base GC content	fail
#Base	%GC
1	76.58670875086352
2	45.94928555781288
3	54.9870403135425
4	51.868131060981185
5	48.26102852284117
6	43.5230332767308
7	42.2777065996647
8	47.25354593265091
9	46.927476599446074
10-14	46.78724015640536
15-19	47.800637914499596
20-24	47.62408200850377
25-29	47.71789867733064
30-34	47.69655919113621
35-39	47.74824001289926
40-44	47.90064785727415
45-49	47.88326384590488
50-54	47.812375174746705
55-59	48.076653295333905
60-64	48.10178920443082
65-69	48.030910369032775
70-74	48.13854114139436
75-79	48.125362475239065
80-84	48.14356164518881
85-89	48.23381909111746
90-94	48.29396848776291
95-99	48.14295773268401
100	48.742977266085255
>>END_MODULE
>>Per sequence GC content	warn
#GC Content	Count
0	28020.0
1	18403.0
2	7736.5
3	6447.0
4	5754.5
5	4994.5
6	4730.5
7	4770.5
8	4715.5
9	4720.5
10	4804.0
11	4914.5
12	5048.5
13	5125.5
14	5279.0
15	5618.0
16	6093.0
17	6875.0
18	8010.0
19	9830.5
20	12893.5
21	17289.0
22	23543.0
23	32222.0
24	43209.5
25	57141.5
26	76371.5
27	95674.5
28	115664.5
29	141365.5
30	171794.0
31	206854.5
32	244266.5
33	276330.0
34	303253.0
35	326375.5
36	351189.5
37	376675.5
38	400438.5
39	421478.5
40	434225.5
41	453822.5
42	477718.5
43	500158.0
44	527071.0
45	554637.0
46	580503.5
47	600492.0
48	628791.0
49	657434.5
50	676171.0
51	701259.0
52	725976.5
53	737583.0
54	734141.5
55	722348.5
56	699999.0
57	654066.5
58	593121.0
59	535498.5
60	477105.5
61	418704.5
62	357948.0
63	296145.5
64	244793.0
65	203331.0
66	166460.0
67	136659.0
68	111503.5
69	85168.5
70	63840.5
71	47237.0
72	32706.5
73	24509.0
74	20569.5
75	16918.5
76	13323.5
77	10099.0
78	7884.0
79	5886.0
80	5258.5
81	5063.5
82	3457.0
83	2219.0
84	1869.0
85	1525.5
86	958.5
87	527.5
88	317.5
89	215.0
90	156.5
91	102.5
92	74.5
93	55.5
94	39.0
95	28.0
96	18.5
97	10.5
98	4.0
99	2.0
100	1.5
>>END_MODULE
>>Per base N content	pass
#Base	N-Count
1	0.016807148455977618
2	0.0022352762354371754
3	0.005189034117979157
4	0.008062960706398383
5	3.457791385287965
6	0.038265800316174506
7	0.04727077029322141
8	0.05326876152497783
9	0.0472175494304729
10-14	0.05219689334922295
15-19	0.03048171693057828
20-24	0.026176149134224294
25-29	0.025993069366369435
30-34	0.050153212219680395
35-39	0.04791687156698825
40-44	0.038729886239341454
45-49	0.02930766469834628
50-54	0.015224359997837103
55-59	0.004901641459137235
60-64	0.0048143592442296875
65-69	7.940552722076823E-4
70-74	0.0029793038966612635
75-79	0.004014981885747154
80-84	0.005328472778380238
85-89	0.002185248624453581
90-94	0.009235948521375414
95-99	0.017499019671708173
100	0.004380077004201894
>>END_MODULE
>>Sequence Length Distribution	pass
#Length	Count
100	1.8789624E7
>>END_MODULE
>>Sequence Duplication Levels	fail
#Total Duplicate Percentage	54.9605637917184
#Duplication Level	Relative count
1	100.0
2	31.650046617211885
3	13.574729417487536
4	7.751631602415988
5	5.054927236612753
6	3.7486318861729298
7	2.9176294134338643
8	2.4980745064656045
9	2.0430499817584824
10++	33.44480927479833
>>END_MODULE
>>Overrepresented sequences	warn
#Sequence	Count	Percentage	Possible Source
TTTTTTTTTTTTTTTTTTTTTTTTTTTTTTTTTTTTTTTTTTTTTTTTTT	41167	0.21909432567676712	No Hit
>>END_MODULE
>>Kmer Content	fail
#Sequence	Count	Obs/Exp Overall	Obs/Exp Max	Max Obs/Exp Position
TTTTT	15256950	7.1608467	10.453036	2
AAAAA	10779585	5.202888	6.218982	95-96
CTCCT	4097995	2.433658	7.22907	1
CTCCA	3855840	2.3026943	6.366621	1
CTGGA	3743090	2.2091875	6.03258	1
GAAGA	3934395	2.1710746	5.04115	2
GGGGG	2638920	1.7801418	5.8119903	1
GTTTT	3492810	1.7626983	6.8800263	1
GGAAA	2940510	1.62263	6.019779	1
CTGGG	2446220	1.543743	5.54901	1
GGGAG	2298200	1.4499031	5.247758	1
GGGAA	2255020	1.3305291	5.0452332	1
GGGGA	2070635	1.3063354	5.123154	1
>>END_MODULE
