##FastQC	0.10.1
>>Basic Statistics	pass
#Measure	Value	
Filename	F_rathbuni_NA_transfer_3_R2.fastq.gz	
File type	Conventional base calls	
Encoding	Sanger / Illumina 1.9	
Total Sequences	18098773	
Filtered Sequences	0	
Sequence length	100	
%GC	49	
>>END_MODULE
>>Per base sequence quality	pass
#Base	Mean	Median	Lower Quartile	Upper Quartile	10th Percentile	90th Percentile
1	31.058918579729134	31.0	31.0	34.0	28.0	34.0
2	31.120483526700955	33.0	31.0	34.0	28.0	34.0
3	31.169748247574574	34.0	31.0	34.0	28.0	34.0
4	34.61020495698797	37.0	35.0	37.0	32.0	37.0
5	34.569716355909875	37.0	35.0	37.0	32.0	37.0
6	34.545519245973196	37.0	35.0	37.0	31.0	37.0
7	34.55239109303155	37.0	35.0	37.0	32.0	37.0
8	34.519443997667686	37.0	35.0	37.0	32.0	37.0
9	36.09691049221956	39.0	37.0	39.0	32.0	39.0
10-14	36.239531983742765	39.2	37.2	39.4	31.2	39.4
15-19	37.128152731679656	40.0	37.6	41.0	31.0	41.0
20-24	36.92321407644595	40.0	37.0	41.0	30.6	41.0
25-29	36.69616608816521	40.0	37.0	41.0	30.0	41.0
30-34	35.88940118758327	40.0	36.2	41.0	25.4	41.0
35-39	35.83940103563926	39.0	35.4	41.0	27.8	41.0
40-44	35.56664853468244	39.0	35.0	41.0	26.8	41.0
45-49	35.26888222754106	39.0	35.0	41.0	26.2	41.0
50-54	34.42855275327228	38.0	34.0	40.0	25.4	40.6
55-59	34.35895849956237	37.4	34.0	40.0	25.2	41.0
60-64	33.61578665028839	36.2	33.4	39.6	24.0	41.0
65-69	32.80274116924943	35.0	33.0	38.6	22.6	40.6
70-74	32.071958855995376	35.0	32.8	36.8	21.0	39.4
75-79	31.33985752514825	35.0	32.0	35.6	19.2	38.0
80-84	30.714786134949588	35.0	31.8	35.0	16.0	36.6
85-89	30.21857353534408	35.0	31.0	35.0	8.0	35.8
90-94	29.7640390870696	34.0	31.0	35.0	2.0	35.0
95-99	29.24047553941917	34.0	30.8	35.0	2.0	35.0
100	27.957122728706526	34.0	29.0	35.0	2.0	35.0
>>END_MODULE
>>Per sequence quality scores	pass
#Quality	Count
2	408598.0
3	64236.0
4	44100.0
5	38879.0
6	41079.0
7	44221.0
8	46121.0
9	49766.0
10	54210.0
11	57020.0
12	55500.0
13	55594.0
14	55768.0
15	57669.0
16	59027.0
17	57690.0
18	58370.0
19	59930.0
20	62230.0
21	67517.0
22	74694.0
23	87832.0
24	105709.0
25	129508.0
26	156599.0
27	190061.0
28	230421.0
29	281047.0
30	346645.0
31	435580.0
32	562956.0
33	754100.0
34	1063459.0
35	1622665.0
36	2753694.0
37	4089381.0
38	3169150.0
39	606837.0
40	910.0
>>END_MODULE
>>Per base sequence content	fail
#Base	G	A	T	C
1	37.21176416160536	14.004947711969251	8.234308436563587	40.5489796898618
2	26.76566041766126	17.456930244365072	36.40373648967036	19.373672848303315
3	26.396720911512844	22.41225983601352	23.12681335033767	28.064205902135974
4	27.75174926907437	28.874436439980965	19.167413584515874	24.206400706428784
5	29.57802246956734	30.279146865542177	21.397198631127818	18.745632033762668
6	22.80809000210805	33.75221651956932	22.574574048528472	20.865119429794156
7	21.043919937178664	18.941171769112913	37.27673141574678	22.738176877961642
8	21.40674050699209	21.59815975727139	29.624114812413943	27.370984923322574
9	22.66077864118314	20.352008059997637	31.007433930642257	25.97977936817697
10-14	24.631636651162918	26.327357867385604	25.229752154400902	23.81125332705058
15-19	24.82156498239279	25.032845991253417	25.73807419124931	24.407514835104486
20-24	24.68197631497703	25.51121579561683	25.589417774739935	24.217390114666202
25-29	24.682179898602737	25.732888059220908	25.304703907504944	24.28022813467141
30-34	24.803097536126998	25.514088940867367	25.44159568225614	24.241217840749496
35-39	24.40100334012927	25.575712266974882	25.53574198811842	24.487542404777425
40-44	24.646196190051946	25.463477308624853	25.509206445184667	24.381120056138535
45-49	24.595005044150025	25.532841424024944	25.39226405019593	24.4798894816291
50-54	24.568643569905372	25.545226345025963	25.47532139205454	24.410808693014122
55-59	24.832272439232806	25.34859797341979	25.291104493203225	24.52802509414418
60-64	24.62159955201749	25.363916958347975	25.28628983262345	24.728193657011087
65-69	24.540552262806933	25.46535471466037	25.4643915964698	24.529701426062896
70-74	24.693231345733345	25.57523048008129	25.254140441387012	24.47739773279835
75-79	24.646067813465653	25.527602376824944	25.231260521472638	24.59506928823677
80-84	24.630452644445956	25.551867251208165	25.271596763007885	24.546083341337994
85-89	24.78285340565383	25.452232371148593	25.17811471930266	24.586799503894916
90-94	24.67494463674102	25.394736105981863	25.211715112600245	24.71860414467687
95-99	24.74166304756215	25.533013911634704	25.211383583556163	24.513939457246984
100	25.184570262186178	25.18758304500909	24.691247805090974	24.93659888771375
>>END_MODULE
>>Per base GC content	fail
#Base	%GC
1	77.76074385146717
2	46.139333265964574
3	54.46092681364881
4	51.958149975503154
5	48.323654503330005
6	43.67320943190221
7	43.78209681514031
8	48.77772543031467
9	48.640558009360106
10-14	48.44288997821349
15-19	49.22907981749727
20-24	48.89936642964323
25-29	48.962408033274144
30-34	49.04431537687649
35-39	48.8885457449067
40-44	49.02731624619048
45-49	49.07489452577913
50-54	48.979452262919494
55-59	49.360297533376986
60-64	49.349793209028576
65-69	49.07025368886983
70-74	49.1706290785317
75-79	49.24113710170242
80-84	49.17653598578395
85-89	49.36965290954875
90-94	49.39354878141789
95-99	49.25560250480913
100	50.121169149899934
>>END_MODULE
>>Per sequence GC content	warn
#GC Content	Count
0	3986.0
1	2825.5
2	1533.0
3	1372.0
4	1294.5
5	1193.0
6	1191.0
7	1239.5
8	1245.0
9	1320.5
10	1399.0
11	1459.5
12	1607.0
13	1802.5
14	2038.5
15	2399.5
16	2928.0
17	3686.5
18	4840.5
19	6563.5
20	9139.0
21	12782.0
22	18022.5
23	25445.0
24	35203.5
25	48430.5
26	65674.0
27	83148.0
28	100365.5
29	120573.0
30	143426.0
31	169788.5
32	196748.0
33	221627.0
34	245337.0
35	268170.0
36	288842.5
37	307522.5
38	327567.5
39	347682.5
40	364561.5
41	387414.0
42	415148.5
43	443543.5
44	478645.5
45	514693.5
46	552662.5
47	589013.0
48	619482.0
49	650268.0
50	681757.0
51	717139.5
52	754367.5
53	771536.0
54	760628.5
55	736881.5
56	711636.0
57	683588.0
58	639361.0
59	573618.0
60	507695.0
61	441995.0
62	375614.5
63	322127.0
64	272194.5
65	223330.5
66	180841.5
67	146638.5
68	120083.5
69	95230.0
70	71553.5
71	52815.0
72	38270.0
73	29645.0
74	24393.0
75	19243.5
76	14324.5
77	10059.5
78	6956.5
79	4738.5
80	3624.5
81	2879.0
82	2259.5
83	1879.5
84	1444.5
85	1052.0
86	713.0
87	444.5
88	360.0
89	325.0
90	242.5
91	143.0
92	105.5
93	73.0
94	35.5
95	20.5
96	16.0
97	13.0
98	8.0
99	6.0
100	6.0
>>END_MODULE
>>Per base N content	pass
#Base	N-Count
1	0.0374279516075482
2	0.05127971934893045
3	0.038212535181252345
4	0.036715196107493034
5	0.04563845294926899
6	0.03436144538638061
7	0.03773736484788223
8	0.04484281890269578
9	0.035693027367103836
10-14	0.031193274814817557
15-19	0.04830161691071544
20-24	0.04662194503461643
25-29	0.028230643038619246
30-34	0.05480261009959073
35-39	0.05432633471893371
40-44	0.09197971597301098
45-49	0.06673712079818891
50-54	0.06432811771273113
55-59	0.07125455410706572
60-64	0.062331297265289756
65-69	0.0645822785887198
70-74	0.061530137982282004
75-79	0.0575000305269313
80-84	0.06292581270564584
85-89	0.06073450393570879
90-94	0.05359810855686184
95-99	0.050407837039560636
100	0.05074929665121497
>>END_MODULE
>>Sequence Length Distribution	pass
#Length	Count
100	1.8098773E7
>>END_MODULE
>>Sequence Duplication Levels	fail
#Total Duplicate Percentage	52.280440399432045
#Duplication Level	Relative count
1	100.0
2	29.254468118317334
3	12.668773901506283
4	7.374346366971045
5	4.915905720752361
6	3.606688519472411
7	2.8145243112463905
8	2.3657613361429797
9	2.0330913915554514
10++	30.080777335518615
>>END_MODULE
>>Overrepresented sequences	pass
>>END_MODULE
>>Kmer Content	warn
#Sequence	Count	Obs/Exp Overall	Obs/Exp Max	Max Obs/Exp Position
TTTTT	9085155	4.982558	7.531895	2
AAAAA	8494020	4.7192564	6.765803	70-74
CTCCT	4197700	2.547606	7.007145	1
CTCCA	3938790	2.3966894	6.4621134	1
CTCTG	3820640	2.2923293	5.2374763	1
GAAGA	3955950	2.2862778	5.942225	2
CTGGA	3812590	2.2673006	6.967394	1
GGAGA	3487465	2.0556395	5.627938	1
GAAAA	3486050	1.9753902	5.4178324	2
GTTTT	3286830	1.84325	7.4807506	1
GGAAG	2923560	1.7232534	5.7410803	1
CTCAG	2839735	1.7082317	5.1287045	1
GGAAA	2852635	1.6486346	6.4297066	1
CTGGG	2494480	1.5129619	5.7392807	1
GGGAG	2379455	1.4304528	5.656292	1
GTTTG	2482620	1.4236532	5.3313584	1
GGGAA	2189625	1.2906451	5.177918	1
GGGGA	2060480	1.2386951	5.164716	1
>>END_MODULE
