##FastQC	0.10.1
>>Basic Statistics	pass
#Measure	Value	
Filename	F_heteroclitus_MDPL_transfer_3_R2.fastq.gz	
File type	Conventional base calls	
Encoding	Sanger / Illumina 1.9	
Total Sequences	45805608	
Filtered Sequences	0	
Sequence length	100	
%GC	49	
>>END_MODULE
>>Per base sequence quality	pass
#Base	Mean	Median	Lower Quartile	Upper Quartile	10th Percentile	90th Percentile
1	31.022862877401387	31.0	31.0	34.0	28.0	34.0
2	31.067032687351297	33.0	31.0	34.0	28.0	34.0
3	31.13179329482975	34.0	31.0	34.0	28.0	34.0
4	34.58124131874857	37.0	35.0	37.0	32.0	37.0
5	34.5330381380376	37.0	35.0	37.0	32.0	37.0
6	34.495165984916085	37.0	35.0	37.0	31.0	37.0
7	34.49790575861366	37.0	35.0	37.0	31.0	37.0
8	34.457949079073465	37.0	35.0	37.0	31.0	37.0
9	36.03124905579247	39.0	37.0	39.0	32.0	39.0
10-14	36.172468803383204	39.2	37.0	39.4	31.0	39.4
15-19	37.054152199005856	40.0	37.0	41.0	31.0	41.0
20-24	36.834860015393744	40.0	37.0	41.0	30.2	41.0
25-29	36.606269105739194	40.0	37.0	41.0	30.0	41.0
30-34	35.792446492577945	39.8	36.0	41.0	25.0	41.0
35-39	35.71781480992458	39.0	35.0	41.0	26.8	41.0
40-44	35.42115374606532	39.0	35.0	41.0	26.4	41.0
45-49	35.106604994742135	39.0	35.0	41.0	26.0	41.0
50-54	34.24976712895068	38.0	33.6	39.8	24.8	40.6
55-59	34.16597627521941	37.2	34.0	40.0	24.2	41.0
60-64	33.42452967767615	35.8	33.0	39.4	23.2	41.0
65-69	32.624130626101504	35.0	33.0	38.2	22.0	40.4
70-74	31.91753650339059	35.0	32.4	36.6	20.2	39.4
75-79	31.20781766721664	35.0	32.0	35.6	18.4	37.8
80-84	30.59760030256557	35.0	31.4	35.0	13.8	36.4
85-89	30.104866115956803	34.8	31.0	35.0	5.8	35.8
90-94	29.64232859435028	34.0	31.0	35.0	2.0	35.0
95-99	29.101442220786588	34.0	30.4	35.0	2.0	35.0
100	27.809965910724294	34.0	27.0	35.0	2.0	35.0
>>END_MODULE
>>Per sequence quality scores	pass
#Quality	Count
2	1055136.0
3	173635.0
4	119571.0
5	104720.0
6	106153.0
7	113063.0
8	120080.0
9	129728.0
10	140146.0
11	146107.0
12	143076.0
13	142605.0
14	143202.0
15	145397.0
16	150220.0
17	148172.0
18	149714.0
19	152722.0
20	159823.0
21	173049.0
22	194452.0
23	228714.0
24	277400.0
25	339477.0
26	412014.0
27	498408.0
28	604127.0
29	735437.0
30	904325.0
31	1137586.0
32	1473266.0
33	1970742.0
34	2796524.0
35	4231119.0
36	7105966.0
37	1.0105153E7
38	7613458.0
39	1459225.0
40	1896.0
>>END_MODULE
>>Per base sequence content	fail
#Base	G	A	T	C
1	41.73804323501348	14.50725898886572	6.947750039185216	36.806947736935584
2	26.16893017751924	17.469994704080506	36.789719145022005	19.571355973378253
3	26.69264799910668	21.725840961058292	21.665125204381432	29.916385835453596
4	29.613336875048006	26.806376580201352	18.736648275476796	24.843638269273846
5	30.26811446364276	27.89278828658951	21.678492542579082	20.160604707188654
6	24.555218710495144	31.49479743049275	22.748709998532878	21.20127386047923
7	21.876989102842206	19.353809997675185	35.80301143004216	22.966189469440444
8	21.86745930502308	21.539391262076823	29.500810074076366	27.09233935882373
9	22.89359621013567	20.823878061869486	30.667737533100503	25.614788194894345
10-14	25.04095404255181	26.060690691992978	24.980578142947742	23.917777122507466
15-19	25.14268386542909	24.882613207486465	25.38640760679372	24.588295320290726
20-24	24.984232385634574	25.226378001168413	25.317112058872098	24.472277554324915
25-29	24.95387781858267	25.1689000037652	25.23169819016741	24.64552398748472
30-34	25.155040284305862	25.239533405784925	25.111158329141787	24.49426798076743
35-39	24.80397052169271	25.219223625395493	25.266421863513166	24.71038398939863
40-44	24.976147978921208	25.205979669956346	25.14998086873695	24.6678914823855
45-49	24.972916202399258	25.11985455633134	25.088512041686556	24.818717199582842
50-54	24.902254633500316	25.249015931637864	25.195386204182306	24.65334323067951
55-59	25.031059335832072	25.091599370929274	25.03343886938967	24.843902423848984
60-64	24.945333152755783	25.119097757459873	25.03191093911069	24.90365815067365
65-69	24.858683797731953	25.17775349173706	25.13296190775937	24.830600802771617
70-74	25.059333071582245	25.14291936135461	25.019210603949304	24.77853696311384
75-79	24.96185428298529	25.014925825136658	25.060402300114	24.962817591764054
80-84	24.962006771055798	25.15984326710378	25.0617881068601	24.816361854980325
85-89	25.093703305954378	25.07579963483501	24.97266435338537	24.857832705825242
90-94	25.003062379419354	25.041236402358248	24.95673832075329	24.998962897469106
95-99	24.975030856929735	25.150355234746463	25.018170973007294	24.856442935316508
100	25.620298885026678	24.807545456556927	24.388495885438772	25.183659772977627
>>END_MODULE
>>Per base GC content	fail
#Base	%GC
1	78.54499097194906
2	45.74028615089749
3	56.60903383456027
4	54.45697514432185
5	50.428719170831414
6	45.75649257097438
7	44.84317857228265
8	48.95979866384681
9	48.508384405030014
10-14	48.958731165059284
15-19	49.73097918571982
20-24	49.45650993995949
25-29	49.599401806067384
30-34	49.64930826507329
35-39	49.51435451109134
40-44	49.644039461306704
45-49	49.791633401982104
50-54	49.55559786417983
55-59	49.87496175968106
60-64	49.848991303429436
65-69	49.68928460050357
70-74	49.83787003469609
75-79	49.92467187474934
80-84	49.778368626036126
85-89	49.951536011779616
90-94	50.00202527688846
95-99	49.83147379224624
100	50.8039586580043
>>END_MODULE
>>Per sequence GC content	warn
#GC Content	Count
0	6106.0
1	4060.0
2	1854.5
3	1617.0
4	1504.5
5	1450.0
6	1404.5
7	1427.0
8	1517.5
9	1637.0
10	1765.5
11	1936.5
12	2194.0
13	2499.5
14	2889.5
15	3479.5
16	4276.5
17	5487.5
18	7464.5
19	10433.5
20	15127.5
21	22576.5
22	33733.0
23	48387.5
24	68552.0
25	97279.0
26	134713.5
27	178458.5
28	224156.5
29	273910.0
30	336977.5
31	399985.0
32	463096.5
33	531676.5
34	596376.0
35	658150.5
36	719644.5
37	788785.5
38	855540.0
39	900616.0
40	938305.5
41	984522.0
42	1038141.5
43	1098185.5
44	1164371.5
45	1238316.5
46	1330698.5
47	1433920.0
48	1526736.0
49	1596231.5
50	1656853.5
51	1732129.0
52	1787119.5
53	1817641.0
54	1829824.5
55	1825249.0
56	1783929.0
57	1713959.5
58	1632764.5
59	1518605.5
60	1379333.0
61	1220637.0
62	1066287.0
63	930333.0
64	795585.0
65	666668.0
66	553385.5
67	458492.0
68	379820.0
69	307222.5
70	242546.5
71	185948.5
72	140598.0
73	107288.0
74	82873.5
75	62794.5
76	46133.0
77	33307.5
78	23876.0
79	16757.5
80	12408.5
81	9232.0
82	7139.0
83	5673.5
84	4067.0
85	2962.5
86	2102.0
87	1381.0
88	1020.5
89	796.5
90	569.0
91	371.5
92	256.0
93	178.5
94	117.5
95	78.5
96	52.5
97	35.5
98	34.5
99	26.5
100	15.0
>>END_MODULE
>>Per base N content	pass
#Base	N-Count
1	0.036360176684042705
2	0.050626988730288223
3	0.03675314166771894
4	0.03517254917782119
5	0.04426313913353142
6	0.03351118055239
7	0.037250897313708835
8	0.04429370307670624
9	0.034700991197409714
10-14	0.03090844247717441
15-19	0.04813864712809837
20-24	0.04640567155008618
25-29	0.027432885510437936
30-34	0.053712200479906304
35-39	0.0538401324134809
40-44	0.09119232736742627
45-49	0.06567973074388621
50-54	0.06278226893091345
55-59	0.06971024159312544
60-64	0.06122787410659411
65-69	0.06364155236188547
70-74	0.0606161586153381
75-79	0.05653106929614383
80-84	0.061365848478640427
85-89	0.05957174501427861
90-94	0.05286164960412708
95-99	0.04955550420813102
100	0.049598730356335406
>>END_MODULE
>>Sequence Length Distribution	pass
#Length	Count
100	4.5805608E7
>>END_MODULE
>>Sequence Duplication Levels	fail
#Total Duplicate Percentage	61.88686718186404
#Duplication Level	Relative count
1	100.0
2	39.16593470488538
3	18.727499907216114
4	11.074684844061213
5	7.599618967500897
6	5.705590538517685
7	4.368265436146128
8	3.556715697796692
9	3.035888807788898
10++	54.18950181237861
>>END_MODULE
>>Overrepresented sequences	pass
>>END_MODULE
>>Kmer Content	warn
#Sequence	Count	Obs/Exp Overall	Obs/Exp Max	Max Obs/Exp Position
TTTTT	19426970	4.4494185	6.666034	2
AAAAA	18783835	4.4364944	6.4764247	2
CTCCT	10841630	2.5786467	6.519451	1
CTCCA	10037390	2.4020917	5.665433	1
GGAGG	10593530	2.3959944	5.2820997	1
CTCTG	9792805	2.289322	5.0987206	1
CTGGA	9887390	2.2858906	6.2112494	1
GGAGA	8983460	2.0539575	5.3057046	1
GTTTT	7940400	1.8101283	7.3137207	1
GGAAG	7410365	1.6942886	5.036025	1
GGGGG	7494525	1.6768204	5.7578473	1
GGAAA	6828050	1.5781457	5.61734	1
GTGGA	6916560	1.571688	5.6161046	1
GTCCA	6523370	1.5344166	5.1433873	1
CTGGG	6503585	1.487387	5.4495535	1
GGGAG	6280935	1.4205921	5.059606	1
GTCAG	5510230	1.2739239	5.021741	1
>>END_MODULE
