##FastQC	0.10.1
>>Basic Statistics	pass
#Measure	Value	
Filename	F_chrysotus_NA_FW_2_R2.fastq.gz	
File type	Conventional base calls	
Encoding	Sanger / Illumina 1.9	
Total Sequences	15495308	
Filtered Sequences	0	
Sequence length	100	
%GC	48	
>>END_MODULE
>>Per base sequence quality	pass
#Base	Mean	Median	Lower Quartile	Upper Quartile	10th Percentile	90th Percentile
1	29.972714321006073	31.0	31.0	34.0	26.0	34.0
2	30.000983458992877	31.0	31.0	34.0	26.0	34.0
3	30.04296732920701	31.0	31.0	34.0	26.0	34.0
4	33.40549558614776	37.0	35.0	37.0	27.0	37.0
5	33.35162076158796	37.0	35.0	37.0	27.0	37.0
6	33.2433499869767	37.0	35.0	37.0	27.0	37.0
7	33.29179426443153	37.0	35.0	37.0	27.0	37.0
8	33.24603499330249	37.0	35.0	37.0	27.0	37.0
9	34.66601496401362	39.0	35.0	39.0	27.0	39.0
10-14	34.750364820112	39.2	35.2	39.4	27.0	39.4
15-19	35.45636303582994	40.0	35.8	41.0	25.8	41.0
20-24	35.142188861299175	39.0	35.0	41.0	24.4	41.0
25-29	34.92429637410241	39.0	35.0	41.0	23.6	41.0
30-34	34.62105821968818	39.0	34.4	41.0	21.6	41.0
35-39	34.21872418412077	39.0	33.8	40.8	18.4	41.0
40-44	33.775215349059216	38.0	33.0	40.0	15.0	41.0
45-49	33.320952445733894	38.0	33.0	40.0	9.8	41.0
50-54	32.603492166790105	37.0	32.0	39.6	7.8	40.6
55-59	32.59669818760621	36.8	32.0	40.0	3.8	41.0
60-64	31.833179321120944	35.6	31.2	39.2	2.0	41.0
65-69	31.07507103440603	35.0	31.0	38.2	2.0	40.2
70-74	30.308790815903752	35.0	30.2	36.6	2.0	39.4
75-79	29.560188555141984	34.6	30.0	35.6	2.0	38.0
80-84	28.885049383981265	34.0	29.0	35.0	2.0	36.4
85-89	28.341862840028732	34.0	29.0	35.0	2.0	35.6
90-94	27.841476774775952	34.0	28.8	35.0	2.0	35.0
95-99	27.234762226088048	34.0	27.0	35.0	2.0	35.0
100	26.002284497991262	33.0	24.0	35.0	2.0	35.0
>>END_MODULE
>>Per sequence quality scores	pass
#Quality	Count
2	650940.0
3	98214.0
4	68008.0
5	56064.0
6	56988.0
7	54596.0
8	56806.0
9	62030.0
10	67663.0
11	70236.0
12	69996.0
13	70433.0
14	71529.0
15	73411.0
16	74235.0
17	72894.0
18	71070.0
19	71614.0
20	73287.0
21	77965.0
22	86739.0
23	100328.0
24	121049.0
25	146504.0
26	175848.0
27	207437.0
28	246799.0
29	293295.0
30	349915.0
31	426608.0
32	533149.0
33	688450.0
34	929465.0
35	1348857.0
36	2100836.0
37	3002051.0
38	2341992.0
39	427424.0
40	583.0
>>END_MODULE
>>Per base sequence content	fail
#Base	G	A	T	C
1	36.224678519003476	14.631460248313461	8.094777372412407	41.04908386027065
2	25.097590303720317	17.19387664833565	38.66484764134758	19.043685406596456
3	25.551111546730727	22.039380357782314	23.317674271629578	29.09183382385738
4	26.9460951802675	28.640064577672124	19.957106623795674	24.456733618264707
5	28.783251777643294	29.844688532204838	22.43089568479823	18.941164005353638
6	22.17259436372304	33.377984416199574	23.9298574662794	20.519563753797986
7	20.027692952372835	18.947816314822834	38.97665210994922	22.047838622855114
8	20.438584116619175	21.414062699237927	31.336674047313835	26.810679136829062
9	21.810049808471422	20.55179782062351	32.509924791707064	25.128227579197997
10-14	23.659368978869768	26.95133218152964	26.373051889439292	23.016246950161293
15-19	24.006137897401086	25.589205054555826	26.755135421377346	23.64952162666574
20-24	23.880761958294315	25.90277619769153	26.621006428320303	23.595455415693852
25-29	23.96079984786778	26.05351903296937	26.42623341365102	23.559447705511833
30-34	23.798813133030304	26.024401120447543	26.46322439381684	23.713561352705316
35-39	23.84694903592232	26.07930036347768	26.401048035462267	23.672702565137733
40-44	24.01185900192702	25.980115938597496	26.257568288644183	23.750456770831303
45-49	23.98147997701271	25.99818127951633	26.22746260697408	23.792876136496876
50-54	23.907218457170785	26.152835065347112	26.216371841988433	23.723574635493662
55-59	24.074431224833234	25.955068949439593	26.134886055851375	23.835613769875803
60-64	24.05478612669588	25.90763384062276	26.129315020603105	23.90826501207825
65-69	23.980841911905934	26.008571653615277	26.144554895325662	23.86603153915313
70-74	24.140150789722387	25.967165364105927	26.04755496630332	23.84512887986837
75-79	24.04860081245377	25.94707174412967	26.053101534428386	23.951225908988174
80-84	24.050004908774305	25.95977001100599	26.02169807421033	23.968527006009374
85-89	24.18677569739143	25.994471994482844	25.84847896532932	23.970273342796407
90-94	24.098636831192678	25.90563005312297	25.897156981695918	24.098576133988434
95-99	24.136897427352878	26.033370273642443	25.911642913789585	23.918089385215094
100	24.59811957113724	25.77466796254022	25.384136329962352	24.243076136360187
>>END_MODULE
>>Per base GC content	fail
#Base	%GC
1	77.27376237927413
2	44.141275710316776
3	54.6429453705881
4	51.402828798532205
5	47.72441578299693
6	42.692158117521025
7	42.07553157522795
8	47.249263253448234
9	46.93827738766942
10-14	46.67561592903106
15-19	47.65565952406683
20-24	47.47621737398816
25-29	47.52024755337961
30-34	47.51237448573561
35-39	47.519651601060055
40-44	47.76231577275832
45-49	47.77435611350958
50-54	47.630793092664454
55-59	47.91004499470903
60-64	47.963051138774134
65-69	47.84687345105906
70-74	47.98527966959075
75-79	47.99982672144195
80-84	48.01853191478368
85-89	48.157049040187836
90-94	48.197212965181116
95-99	48.054986812567975
100	48.84119570749743
>>END_MODULE
>>Per sequence GC content	warn
#GC Content	Count
0	42648.0
1	26159.0
2	8423.0
3	7011.5
4	6536.5
5	5959.0
6	5594.5
7	5476.5
8	5460.5
9	5364.0
10	5260.5
11	5238.0
12	5276.0
13	5303.5
14	5318.0
15	5515.5
16	5713.0
17	6254.0
18	7303.0
19	9004.5
20	11986.5
21	15660.5
22	20468.5
23	27248.0
24	36240.0
25	48354.5
26	63839.5
27	79686.0
28	96914.0
29	117568.0
30	141429.0
31	169567.0
32	198526.5
33	222033.5
34	242845.5
35	261411.5
36	281014.0
37	301512.5
38	322269.0
39	339558.0
40	350634.5
41	369225.0
42	391615.0
43	410220.0
44	434560.5
45	459735.0
46	483399.0
47	505964.5
48	533378.0
49	559613.0
50	576551.0
51	595977.0
52	611527.5
53	614052.0
54	608044.5
55	598259.0
56	578600.5
57	539970.0
58	489244.0
59	437619.0
60	384232.5
61	333967.5
62	282916.0
63	234540.5
64	194782.0
65	160540.5
66	130612.0
67	106584.5
68	85966.5
69	65866.5
70	50703.0
71	38959.0
72	27398.5
73	19450.0
74	15964.0
75	13398.5
76	10481.5
77	8162.0
78	6440.5
79	4713.0
80	3936.5
81	3543.5
82	2425.0
83	1564.5
84	1212.0
85	929.5
86	674.0
87	512.0
88	355.0
89	238.0
90	149.0
91	96.5
92	65.0
93	35.0
94	26.5
95	21.5
96	11.0
97	7.0
98	5.0
99	3.0
100	2.5
>>END_MODULE
>>Per base N content	pass
#Base	N-Count
1	0.04661411054236547
2	0.05566846428609228
3	0.05027328272532562
4	0.04906001223079915
5	0.04857599474628062
6	0.0504346218868318
7	0.04913100146186187
8	0.04261289933701221
9	0.05540386806122215
10-14	0.04007793843142712
15-19	0.045222721613536174
20-24	0.047789950351422514
25-29	0.029506996569542213
30-34	0.04561638916761125
35-39	0.04010117127068401
40-44	0.08907728713749995
45-49	0.06825033745699022
50-54	0.06317008993948361
55-59	0.08188026982103228
60-64	0.07971316220368127
65-69	0.07319118793895546
70-74	0.0659606120768945
75-79	0.0672113132568904
80-84	0.08278635055205098
85-89	0.0772233762633179
90-94	0.05548776442520536
95-99	0.07013736028996649
100	0.07284140463681006
>>END_MODULE
>>Sequence Length Distribution	pass
#Length	Count
100	1.5495308E7
>>END_MODULE
>>Sequence Duplication Levels	fail
#Total Duplicate Percentage	51.066211553989575
#Duplication Level	Relative count
1	100.0
2	26.65197824864054
3	11.333208325520346
4	6.530095630976936
5	4.472154509656853
6	3.262703918994937
7	2.599849990624414
8	2.096381023813988
9	1.7382336396024751
10++	28.827114194637165
>>END_MODULE
>>Overrepresented sequences	warn
#Sequence	Count	Percentage	Possible Source
TTTTTTTTTTTTTTTTTTTTTTTTTTTTTTTTTTTTTTTTTTTTTTTTTT	69342	0.4475032054864608	No Hit
>>END_MODULE
>>Kmer Content	fail
#Sequence	Count	Obs/Exp Overall	Obs/Exp Max	Max Obs/Exp Position
TTTTT	15830265	8.573715	13.122278	2
AAAAA	8471100	5.030461	6.2903976	2
CTCCT	3406025	2.4383223	8.178724	1
TCCTC	3321470	2.3777907	5.1532755	2
CTCCA	3222085	2.349512	7.291443	1
CTGGA	3115585	2.233459	7.3412566	1
GAAGA	3241395	2.1967351	5.618074	2
CTCTG	3060890	2.1726506	5.436756	1
GGAGA	2828605	2.0478914	5.2674456	1
GAAAA	3140325	1.992193	5.0662317	2
GGGGG	2370960	1.9590101	5.2965307	1
GTTTT	2914380	1.7175659	6.9459743	1
GGAAG	2358795	1.7077521	5.40503	1
CTCAG	2344630	1.6951724	5.628009	1
GGAAA	2458290	1.6660148	6.2794356	1
CTGGG	2092635	1.602584	6.4343023	1
GTGGA	2202450	1.5654649	5.029781	1
GGGAG	1910665	1.4777743	5.3725405	1
CTCCC	1808980	1.4212306	5.1916127	1
GGGGA	1767520	1.3670609	5.081922	1
GGGAA	1871270	1.3547872	5.170164	1
>>END_MODULE
