##FastQC	0.10.1
>>Basic Statistics	pass
#Measure	Value	
Filename	A_xenica_NA_FW_1_R2.fastq.gz	
File type	Conventional base calls	
Encoding	Sanger / Illumina 1.9	
Total Sequences	16289423	
Filtered Sequences	0	
Sequence length	100	
%GC	48	
>>END_MODULE
>>Per base sequence quality	pass
#Base	Mean	Median	Lower Quartile	Upper Quartile	10th Percentile	90th Percentile
1	29.55650540844817	31.0	30.0	34.0	25.0	34.0
2	29.471966563824882	31.0	30.0	34.0	23.0	34.0
3	29.551323579724095	31.0	30.0	34.0	23.0	34.0
4	32.93584763560993	37.0	35.0	37.0	26.0	37.0
5	32.88966773101785	37.0	33.0	37.0	26.0	37.0
6	32.80425402422173	37.0	33.0	37.0	25.0	37.0
7	32.78649691889025	37.0	33.0	37.0	25.0	37.0
8	32.729907191924475	36.0	33.0	37.0	25.0	37.0
9	34.10065912095229	38.0	34.0	39.0	25.0	39.0
10-14	34.19769629654776	38.2	34.0	39.4	24.6	39.4
15-19	34.823087312546306	39.0	34.0	41.0	23.0	41.0
20-24	34.56805335584938	39.0	34.0	41.0	20.0	41.0
25-29	34.314274323897166	39.0	34.0	41.0	18.4	41.0
30-34	33.94651437316104	38.4	33.0	40.2	16.4	41.0
35-39	33.52025861198399	38.0	33.0	40.0	13.4	41.0
40-44	33.05060047860504	38.0	32.0	40.0	8.6	41.0
45-49	32.619637687596416	37.8	32.0	40.0	5.6	41.0
50-54	31.764468010929544	36.4	30.6	39.6	2.0	40.6
55-59	31.76437995378965	36.2	31.0	39.8	2.0	41.0
60-64	30.99220841646754	35.0	30.2	39.0	2.0	40.8
65-69	30.13941634396749	35.0	29.4	37.4	2.0	40.0
70-74	29.4237709708932	34.6	29.0	36.2	2.0	39.0
75-79	28.649195088125587	34.0	28.6	35.2	2.0	37.6
80-84	27.9680748299065	34.0	27.4	35.0	2.0	36.2
85-89	27.3810665976321	34.0	26.6	35.0	2.0	35.4
90-94	26.83228579674062	33.6	25.4	35.0	2.0	35.0
95-99	26.11916889873877	33.0	24.2	35.0	2.0	35.0
100	24.69072962252868	32.0	18.0	35.0	2.0	35.0
>>END_MODULE
>>Per sequence quality scores	pass
#Quality	Count
2	748423.0
3	112721.0
4	76569.0
5	65689.0
6	67449.0
7	67235.0
8	71490.0
9	78279.0
10	84477.0
11	89075.0
12	86756.0
13	86702.0
14	88552.0
15	90409.0
16	91165.0
17	91456.0
18	90447.0
19	90778.0
20	93119.0
21	97757.0
22	108060.0
23	125100.0
24	150068.0
25	181665.0
26	218850.0
27	258317.0
28	302647.0
29	355809.0
30	422114.0
31	507854.0
32	624996.0
33	791160.0
34	1043285.0
35	1449752.0
36	2145445.0
37	2811209.0
38	2051626.0
39	372396.0
40	522.0
>>END_MODULE
>>Per base sequence content	fail
#Base	G	A	T	C
1	36.879583183778095	14.441132139081617	8.013113167544757	40.666171509595536
2	26.227518771648384	17.442485165833585	36.790197189761464	19.53979887275657
3	26.061492970720785	22.029536597450708	22.54601794167451	29.362952490153997
4	27.542913888494823	28.49840848138479	19.432162862436662	24.52651476768373
5	29.3754737647783	29.406453113885224	22.084381998222067	19.133691123114417
6	22.67164565000175	33.05130285307905	23.48908163121173	20.787969865707474
7	20.417658874987	18.90559818914829	38.21009621316618	22.46664672269853
8	21.12953233214157	21.52761273233332	30.478295863872113	26.864559071652998
9	22.134615788515017	20.598888768658544	31.890640853798658	25.37585458902778
10-14	24.0034188322692	26.903273473428463	25.884423918938072	23.208883775364264
15-19	24.328853623701196	25.503823928763296	26.28379769851119	23.883524749024314
20-24	24.205194443971074	25.875581448880926	26.13070738259359	23.78851672455441
25-29	24.244957143669353	25.901830073777244	26.032361096493506	23.820851686059896
30-34	24.088480710952485	25.89046730611018	26.055439718018786	23.96561226491855
35-39	24.075688602407418	25.991936524159385	26.022765553723836	23.909609319709357
40-44	24.268594741899097	25.868613894346076	25.930855661978374	23.931935701776453
45-49	24.245950416227863	25.9137028840303	25.857088918023734	23.983257781718105
50-54	24.153590560881145	25.951103733756064	25.912131178018793	23.98317452734399
55-59	24.300238178320075	25.870433519328873	25.74157789845121	24.087750403899843
60-64	24.253779656489368	25.80366922313434	25.794326463891288	24.148224656485006
65-69	24.24597732584961	25.87322186752318	25.79446200047679	24.086338806150415
70-74	24.358137106148785	25.862654593830808	25.73516897460586	24.044039325414545
75-79	24.271016108847682	25.804145936089572	25.719265751830118	24.205572203232627
80-84	24.28886651306044	25.813903152899453	25.705385844437274	24.191844489602836
85-89	24.406078927735955	25.817868766125624	25.584457144092603	24.191595162045815
90-94	24.276980568638027	25.736497849060218	25.632663612311994	24.353857969989757
95-99	24.36274755883603	25.84473475048723	25.647765998371113	24.144751692305626
100	24.822312788572255	25.470634436586405	25.26102276077818	24.44603001406316
>>END_MODULE
>>Per base GC content	fail
#Base	%GC
1	77.54575469337362
2	45.767317644404955
3	55.424445460874786
4	52.06942865617855
5	48.509164887892716
6	43.459615515709224
7	42.88430559768553
8	47.99409140379456
9	47.510470377542795
10-14	47.21230260763347
15-19	48.21237837272551
20-24	47.99371116852548
25-29	48.06580882972924
30-34	48.054092975871036
35-39	47.98529792211678
40-44	48.20053044367555
45-49	48.229208197945965
50-54	48.13676508822514
55-59	48.38798858221992
60-64	48.40200431297438
65-69	48.332316132000024
70-74	48.40217643156333
75-79	48.47658831208031
80-84	48.48071100266328
85-89	48.597674089781776
90-94	48.630838538627785
95-99	48.50749925114165
100	49.268342802635416
>>END_MODULE
>>Per sequence GC content	warn
#GC Content	Count
0	21422.0
1	13694.0
2	5364.0
3	4671.5
4	4361.0
5	3961.5
6	3755.0
7	3741.5
8	3729.0
9	3731.0
10	3725.5
11	3760.0
12	3794.0
13	3850.0
14	4022.0
15	4270.0
16	4687.0
17	5392.5
18	6676.5
19	8480.5
20	11237.0
21	15020.0
22	20590.0
23	28763.0
24	38910.5
25	50977.5
26	65716.5
27	82549.0
28	101259.0
29	121156.0
30	142425.0
31	167668.5
32	194051.0
33	221234.5
34	244786.5
35	267160.0
36	291390.0
37	313315.0
38	335008.5
39	359690.5
40	382422.5
41	397331.0
42	412545.5
43	437173.0
44	465027.0
45	480935.0
46	497462.5
47	522028.5
48	549722.5
49	571914.0
50	584369.0
51	600768.5
52	618298.0
53	623736.0
54	614816.0
55	600215.0
56	582724.5
57	559355.5
58	523707.0
59	476837.0
60	421187.5
61	368763.0
62	325110.0
63	280669.0
64	238210.0
65	198454.0
66	163568.5
67	134457.0
68	109245.0
69	86905.5
70	66736.5
71	50130.0
72	37930.5
73	29906.0
74	23836.0
75	18887.5
76	14369.5
77	10575.5
78	7973.5
79	5660.5
80	4049.5
81	2995.0
82	2462.5
83	2143.5
84	1522.5
85	931.0
86	620.0
87	438.0
88	301.5
89	210.5
90	152.5
91	103.0
92	75.0
93	62.0
94	41.5
95	27.0
96	20.5
97	10.5
98	4.0
99	1.5
100	1.5
>>END_MODULE
>>Per base N content	pass
#Base	N-Count
1	0.03086665500674886
2	0.2327890926523303
3	0.06279534885919533
4	0.038264093209440256
5	0.04671129235209866
6	0.03875520943866458
7	0.04383212345827105
8	0.03701174682491823
9	0.03600495855500836
10-14	0.045258816104167716
15-19	0.04205059933675981
20-24	0.07012403078979532
25-29	0.035510158954064855
30-34	0.05676321377374754
35-39	0.041240257558539675
40-44	0.04561487537035536
45-49	0.03999527791745601
50-54	0.04102539420825403
55-59	0.04400769751021875
60-64	0.04478488894296624
65-69	0.03996949431542173
70-74	0.035016587143694405
75-79	0.03972270841023651
80-84	0.04889675957214691
85-89	0.053144914954937325
90-94	0.039009362087288176
95-99	0.04074545795759617
100	0.039633079698403066
>>END_MODULE
>>Sequence Length Distribution	pass
#Length	Count
100	1.6289423E7
>>END_MODULE
>>Sequence Duplication Levels	warn
#Total Duplicate Percentage	46.64754677433692
#Duplication Level	Relative count
1	100.0
2	23.547156574735826
3	10.452931117639322
4	6.110404700311308
5	4.188187837067567
6	3.0122330863331435
7	2.472048055421581
8	1.9599245845573727
9	1.5749550576577367
10++	22.06690928223791
>>END_MODULE
>>Overrepresented sequences	warn
#Sequence	Count	Percentage	Possible Source
TTTTTTTTTTTTTTTTTTTTTTTTTTTTTTTTTTTTTTTTTTTTTTTTTT	42075	0.2582964418076687	No Hit
>>END_MODULE
>>Kmer Content	fail
#Sequence	Count	Obs/Exp Overall	Obs/Exp Max	Max Obs/Exp Position
TTTTT	13479870	7.4689035	11.340387	2
AAAAA	8878695	5.138589	6.407691	2
CTCCT	3550565	2.421471	7.141822	1
CTCCA	3290420	2.263695	6.3842225	1
CTGGA	3253995	2.1895127	6.6123466	1
CTCTG	3241140	2.186058	5.171512	1
GAAGA	3415565	2.182189	5.3299623	2
GGGGG	2739915	2.0303433	5.5285764	1
GAAAA	3299625	2.0064433	5.1392827	2
GGAGA	2959160	1.9863958	5.0922723	2
GTTTT	3084745	1.8115183	7.0917134	1
GGAAG	2495385	1.6750773	5.22637	1
CTCAG	2442475	1.6617999	5.143817	1
GGAAA	2593305	1.6568508	6.076637	1
CTGGG	2212720	1.5643163	6.1519074	1
GGGAG	2121225	1.496069	5.537669	1
GGGGA	1910360	1.3473489	5.147644	1
GGGAA	1964865	1.3189553	5.0010595	1
>>END_MODULE
