##FastQC	0.10.1
>>Basic Statistics	pass
#Measure	Value	
Filename	F_catanatus_NA_FW_2_R2.fastq.gz	
File type	Conventional base calls	
Encoding	Sanger / Illumina 1.9	
Total Sequences	36860538	
Filtered Sequences	0	
Sequence length	100	
%GC	50	
>>END_MODULE
>>Per base sequence quality	pass
#Base	Mean	Median	Lower Quartile	Upper Quartile	10th Percentile	90th Percentile
1	29.47909930126359	31.0	30.0	34.0	25.0	34.0
2	29.469539402816096	31.0	30.0	34.0	23.0	34.0
3	29.528612306201282	31.0	30.0	34.0	23.0	34.0
4	32.83037461363152	37.0	35.0	37.0	25.0	37.0
5	32.748451229876245	37.0	35.0	37.0	25.0	37.0
6	32.60887111848449	37.0	35.0	37.0	23.0	37.0
7	32.633014661912966	37.0	35.0	37.0	23.0	37.0
8	32.58363228447724	37.0	35.0	37.0	23.0	37.0
9	33.96168262655309	39.0	35.0	39.0	23.0	39.0
10-14	34.04393800763298	39.0	35.0	39.4	22.0	39.4
15-19	34.72224615386786	39.0	35.0	41.0	18.6	41.0
20-24	34.39396416840145	39.0	34.0	41.0	17.6	41.0
25-29	34.13688491470201	39.0	34.0	41.0	14.8	41.0
30-34	33.786445678031065	39.0	33.4	41.0	9.4	41.0
35-39	33.338894858235655	38.0	33.0	40.2	7.4	41.0
40-44	32.84280526779072	38.0	32.2	40.0	2.0	41.0
45-49	32.34171719360146	38.0	31.6	40.0	2.0	41.0
50-54	31.590805522154888	36.6	31.0	39.6	2.0	40.6
55-59	31.516769500217276	35.8	31.0	39.8	2.0	41.0
60-64	30.721959630648904	35.0	30.0	38.8	2.0	40.8
65-69	29.96712741957266	35.0	29.4	37.4	2.0	40.0
70-74	29.241488835567186	34.8	29.0	36.2	2.0	39.0
75-79	28.549338433421674	34.0	29.0	35.0	2.0	37.2
80-84	27.923642400444617	34.0	27.6	35.0	2.0	36.0
85-89	27.410391063744107	34.0	27.0	35.0	2.0	35.2
90-94	26.916858071903345	34.0	25.6	35.0	2.0	35.0
95-99	26.299831060523314	34.0	24.6	35.0	2.0	35.0
100	25.055245042815166	32.0	19.0	35.0	2.0	35.0
>>END_MODULE
>>Per sequence quality scores	pass
#Quality	Count
2	2113249.0
3	297662.0
4	198016.0
5	157824.0
6	150171.0
7	153847.0
8	161197.0
9	174842.0
10	186032.0
11	189455.0
12	181395.0
13	176182.0
14	176616.0
15	177938.0
16	179102.0
17	175670.0
18	175128.0
19	178077.0
20	184649.0
21	196556.0
22	218224.0
23	253618.0
24	304879.0
25	366547.0
26	434916.0
27	512716.0
28	605482.0
29	713971.0
30	851337.0
31	1036491.0
32	1291701.0
33	1671306.0
34	2269491.0
35	3250302.0
36	5089793.0
37	6805120.0
38	4785034.0
39	814981.0
40	1021.0
>>END_MODULE
>>Per base sequence content	fail
#Base	G	A	T	C
1	42.88416828219091	12.595595325684098	7.371654648787625	37.14858174333736
2	27.927456809184687	18.303951291706163	29.285042401204137	24.483549497905017
3	28.23410414250313	21.869935972244605	19.43861904673104	30.457340838521223
4	32.31112029068871	25.538711983716283	18.185710171811344	23.964457553783657
5	31.565211016043442	26.728592070682982	21.377347714463244	20.328849198810328
6	25.951696912161704	30.54522510849808	22.849469202847555	20.65360877649266
7	23.285612095136145	20.787811530854764	33.92479250413089	22.001783869878206
8	22.763029037001566	21.941688882355454	29.44817920016572	25.847102880477262
9	22.2221839163052	20.5212283715857	32.35947416279319	24.897113549315907
10-14	25.350027668654512	25.720372156024006	25.072711439226335	23.856888736095144
15-19	25.30058603172	24.455721210612523	25.577907289027102	24.66578546864037
20-24	25.226991021572477	25.160374470454716	25.33403047701649	24.27860403095632
25-29	25.15217026517465	25.01037065650126	25.274870432197204	24.562588646126887
30-34	25.047954816133366	25.178834493176684	25.244878527041887	24.528332163648063
35-39	25.058424832924935	25.102335908201606	25.167550311939735	24.671688946933727
40-44	25.179262413805255	25.14805810067575	25.02223720065942	24.65044228485958
45-49	25.165802719602574	24.97817440043823	24.9993443442308	24.856678535728395
50-54	25.008778996587566	25.274078003922984	25.06007387713761	24.65706912235184
55-59	25.22218852139894	24.94107456214558	24.961420504201065	24.875316412254413
60-64	25.115036546412835	25.079254156648805	24.95467424579291	24.851035051145452
65-69	25.036012143616944	25.051918651902216	25.077978978452144	24.834090226028696
70-74	25.20788337120682	25.113054681078662	24.868296894599986	24.810765053114537
75-79	25.11106412650121	24.934761433561807	24.975260094322145	24.978914345614843
80-84	25.167011838178045	25.113237755806427	24.838484827863063	24.881265578152465
85-89	25.29515083450101	25.015808245738892	24.796388279806823	24.89265263995328
90-94	25.2591405717116	25.038563499622363	24.70124159582169	25.001054332844348
95-99	25.226663535530275	25.12604298202536	24.802928429190967	24.8443650532534
100	25.869235291667714	24.72501843654313	24.161170546861456	25.2445757249277
>>END_MODULE
>>Per base GC content	fail
#Base	%GC
1	80.03275002552827
2	52.4110063070897
3	58.691444981024354
4	56.275577844472366
5	51.89406021485377
6	46.60530568865436
7	45.28739596501435
8	48.610131917478824
9	47.119297465621116
10-14	49.206916404749656
15-19	49.966371500360374
20-24	49.5055950525288
25-29	49.71475891130154
30-34	49.57628697978143
35-39	49.73011377985866
40-44	49.829704698664834
45-49	50.02248125533097
50-54	49.6658481189394
55-59	50.09750493365336
60-64	49.96607159755829
65-69	49.87010236964564
70-74	50.018648424321356
75-79	50.089978472116044
80-84	50.048277416330514
85-89	50.187803474454284
90-94	50.260194904555945
95-99	50.071028588783676
100	51.11381101659541
>>END_MODULE
>>Per sequence GC content	warn
#GC Content	Count
0	17591.0
1	12008.5
2	6072.0
3	5430.5
4	4667.5
5	3890.0
6	3584.0
7	3531.5
8	3509.5
9	3605.0
10	3762.0
11	3946.0
12	4137.5
13	4420.0
14	4827.5
15	5450.5
16	6375.5
17	8035.5
18	10436.5
19	13478.5
20	18349.0
21	25215.5
22	35226.5
23	47473.5
24	62206.0
25	82904.0
26	108088.5
27	136793.5
28	172396.5
29	212534.0
30	256475.0
31	308426.0
32	362533.0
33	410058.5
34	454645.5
35	496636.5
36	535067.0
37	578458.0
38	624169.5
39	672933.5
40	722210.5
41	768713.0
42	814714.5
43	864304.0
44	921789.0
45	979898.0
46	1045417.5
47	1110476.5
48	1171821.5
49	1233178.5
50	1293579.5
51	1364255.5
52	1432501.0
53	1478738.5
54	1499320.0
55	1504361.0
56	1478061.0
57	1431439.0
58	1368082.5
59	1264983.5
60	1144952.0
61	1010585.0
62	884646.0
63	774517.5
64	662326.0
65	559602.5
66	471813.0
67	396019.0
68	328208.5
69	259802.0
70	197642.5
71	151775.0
72	117448.0
73	92779.0
74	74657.5
75	61534.5
76	48785.0
77	36778.0
78	26757.5
79	19355.0
80	15047.5
81	12920.5
82	11170.0
83	9220.5
84	7112.0
85	4777.0
86	3377.5
87	2494.0
88	1594.0
89	1144.5
90	926.5
91	670.5
92	538.5
93	436.5
94	260.5
95	162.0
96	115.5
97	74.5
98	46.5
99	39.0
100	23.5
>>END_MODULE
>>Per base N content	pass
#Base	N-Count
1	0.051654156539983224
2	0.06181949921620786
3	0.05540071064616583
4	0.05508601095296005
5	0.053610177908960534
6	0.05682771097915066
7	0.05536272964870995
8	0.04769599401940362
9	0.0613040428221639
10-14	0.045249475197567654
15-19	0.05038776156766892
20-24	0.05301984469136072
25-29	0.033478621500315595
30-34	0.04923639475907812
35-39	0.04484524886750161
40-44	0.09457159849376046
45-49	0.07375258603116427
50-54	0.06753346899060454
55-59	0.08832046889820219
60-64	0.08629065587702492
65-69	0.07887350965957143
70-74	0.07142272313008562
75-79	0.07250952224300145
80-84	0.08887390628970201
85-89	0.08330914757673911
90-94	0.059891692302483486
95-99	0.0757020963720063
100	0.0781214859099452
>>END_MODULE
>>Sequence Length Distribution	pass
#Length	Count
100	3.6860538E7
>>END_MODULE
>>Sequence Duplication Levels	fail
#Total Duplicate Percentage	62.06681560762716
#Duplication Level	Relative count
1	100.0
2	44.12845064810549
3	22.81007583021006
4	12.369413903450337
5	7.9964139408051205
6	5.555901433178518
7	4.1227229146692235
8	3.3918143218239094
9	2.7916474704585923
10++	45.86544807062544
>>END_MODULE
>>Overrepresented sequences	pass
>>END_MODULE
>>Kmer Content	warn
#Sequence	Count	Obs/Exp Overall	Obs/Exp Max	Max Obs/Exp Position
TTTTT	19579665	5.7655225	7.272911	10-14
AAAAA	15124030	4.5561204	6.75524	2
GGAGG	8874030	2.397365	5.3312535	1
CTGGA	7808455	2.2190158	5.6585026	1
GAAAA	6757550	1.9810176	5.004508	1
GGGGG	7261405	1.9089974	6.084512	1
GTTTT	6324455	1.8205675	5.932229	1
GGAAA	5711095	1.6292578	5.474058	1
CTGGG	5467150	1.5119162	5.139917	1
GGCGG	4447805	1.2024381	5.0277696	1
>>END_MODULE
