##FastQC	0.10.1
>>Basic Statistics	pass
#Measure	Value	
Filename	F_olivaceous_NA_FW_1_R2.fastq.gz	
File type	Conventional base calls	
Encoding	Sanger / Illumina 1.9	
Total Sequences	14335813	
Filtered Sequences	0	
Sequence length	100	
%GC	49	
>>END_MODULE
>>Per base sequence quality	fail
#Base	Mean	Median	Lower Quartile	Upper Quartile	10th Percentile	90th Percentile
1	28.90502387273048	31.0	30.0	34.0	22.0	34.0
2	28.77443058164891	31.0	30.0	34.0	16.0	34.0
3	28.86749701603948	31.0	30.0	34.0	16.0	34.0
4	32.165941757192286	35.0	33.0	37.0	19.0	37.0
5	32.10207896824547	35.0	33.0	37.0	19.0	37.0
6	31.98068369055874	35.0	32.0	37.0	17.0	37.0
7	31.957360981201415	35.0	32.0	37.0	17.0	37.0
8	31.881495454774697	35.0	32.0	37.0	17.0	37.0
9	33.204245130708664	38.0	33.0	39.0	17.0	39.0
10-14	33.283721209254054	38.2	33.0	39.4	16.6	39.4
15-19	33.868814722959904	39.0	33.0	41.0	13.2	41.0
20-24	33.59368093040834	39.0	33.0	41.0	10.0	41.0
25-29	33.33374874518801	38.2	32.4	40.8	8.6	41.0
30-34	32.95915499176782	38.0	32.0	40.0	4.2	41.0
35-39	32.51708340503605	38.0	31.2	40.0	2.0	41.0
40-44	32.04702204193093	38.0	30.8	40.0	2.0	41.0
45-49	31.62186711001322	37.0	30.0	40.0	2.0	41.0
50-54	30.75465095701234	36.0	29.4	39.2	2.0	40.6
55-59	30.7276811855735	35.4	29.6	39.6	2.0	41.0
60-64	29.952532542102773	35.0	28.8	38.6	2.0	40.6
65-69	29.10785771270873	34.8	28.0	37.2	2.0	39.8
70-74	28.42484450655153	34.0	27.4	35.8	2.0	39.0
75-79	27.698567957045753	34.0	26.4	35.0	2.0	37.2
80-84	27.069566727746796	34.0	25.6	35.0	2.0	36.0
85-89	26.52723021707942	33.2	24.6	35.0	2.0	35.0
90-94	26.012791015061374	33.0	23.4	35.0	2.0	35.0
95-99	25.34751678192231	33.0	15.8	35.0	2.0	35.0
100	24.01841423294235	32.0	2.0	34.0	2.0	35.0
>>END_MODULE
>>Per sequence quality scores	pass
#Quality	Count
2	918984.0
3	130667.0
4	84964.0
5	68121.0
6	66324.0
7	68978.0
8	72246.0
9	79886.0
10	86107.0
11	87049.0
12	82817.0
13	80732.0
14	81048.0
15	81831.0
16	81129.0
17	80522.0
18	80006.0
19	80631.0
20	82132.0
21	86235.0
22	96422.0
23	113346.0
24	137169.0
25	165548.0
26	197815.0
27	231929.0
28	268583.0
29	312903.0
30	367985.0
31	440821.0
32	540743.0
33	679245.0
34	893183.0
35	1238650.0
36	1834081.0
37	2385201.0
38	1661678.0
39	289682.0
40	420.0
>>END_MODULE
>>Per base sequence content	fail
#Base	G	A	T	C
1	39.120291740503795	13.554521874536846	7.528749379321548	39.79643700563781
2	27.40328114135372	18.058484676635064	32.64436905763675	21.893865124374468
3	27.797780106793773	22.540398786671705	20.31244306502911	29.349378041505407
4	31.058675636783406	27.092493198336825	18.08869409253388	23.760137072345884
5	31.156406344195602	28.16757187497252	21.284033945625527	19.391987835206354
6	24.373983413041287	31.82559547885206	22.942582917347416	20.85783819075924
7	22.467916152061225	19.834643723446653	35.265248878510825	22.432191245981297
8	22.09861971422901	21.167487178714197	30.13371317779473	26.60017992926206
9	22.097708111656843	19.901833834466416	32.54680746775758	25.453650586119153
10-14	24.993161972468073	25.960896239662052	25.320884780111996	23.72505700775788
15-19	25.032514054714504	24.738500124729796	25.76829563932564	24.460690181230053
20-24	24.990344050093668	25.284455507691128	25.55429285888969	24.170907583325516
25-29	24.886208105269912	25.154840380120252	25.56870128074289	24.390250233866947
30-34	24.8520438307479	25.26597142465286	25.45809720336265	24.42388754123659
35-39	24.856814465717843	25.265580618173715	25.41985627690017	24.45774863920827
40-44	24.974003783095103	25.261243485941247	25.281465402210678	24.483287328752976
45-49	24.921016025550884	25.182652032889223	25.30659898243359	24.5897329591263
50-54	24.804481827277364	25.365208503100312	25.352997493107143	24.47731217651518
55-59	24.995365752303066	25.164180638138944	25.197575415760166	24.642878193797827
60-64	24.906786491666047	25.20849382678553	25.205899086197686	24.678820595350736
65-69	24.875535738867534	25.241745885491863	25.27998256599418	24.602735809646425
70-74	24.991384769668404	25.21576455682239	25.18250806507258	24.61034260843662
75-79	24.9100642448197	25.112345635229065	25.223367110541815	24.754223009409415
80-84	24.935560345101333	25.2464493580908	25.12921884237912	24.688771454428746
85-89	25.084349993111292	25.201293261869477	25.04066010962463	24.6736966353946
90-94	24.99035553878327	25.14632079279125	25.051063201971175	24.81226046645431
95-99	24.99430621919416	25.259197176208524	25.11704735698729	24.629449247610026
100	25.585342045366367	24.868736109475062	24.56259326644853	24.983328578710044
>>END_MODULE
>>Per base GC content	fail
#Base	%GC
1	78.9167287461416
2	49.29714626572819
3	57.147158148299184
4	54.8188127091293
5	50.54839417940195
6	45.231821603800526
7	44.90010739804252
8	48.69879964349108
9	47.551358697775996
10-14	48.718218980225956
15-19	49.49320423594456
20-24	49.161251633419184
25-29	49.27645833913686
30-34	49.27593137198449
35-39	49.31456310492611
40-44	49.45729111184808
45-49	49.510748984677186
50-54	49.28179400379255
55-59	49.63824394610089
60-64	49.58560708701678
65-69	49.478271548513966
70-74	49.601727378105025
75-79	49.664287254229116
80-84	49.62433179953008
85-89	49.758046628505895
90-94	49.802616005237574
95-99	49.62375546680419
100	50.568670624076404
>>END_MODULE
>>Per sequence GC content	warn
#GC Content	Count
0	12099.0
1	10142.5
2	7907.0
3	7473.5
4	6200.5
5	4306.5
6	3277.5
7	2966.0
8	2840.0
9	2740.5
10	2668.0
11	2732.5
12	2882.5
13	2947.0
14	3067.5
15	3335.5
16	3673.5
17	4135.0
18	4990.0
19	6256.5
20	8197.0
21	10894.0
22	14682.0
23	19768.0
24	26394.5
25	35027.5
26	45344.0
27	57405.0
28	70606.5
29	84608.5
30	101624.5
31	122665.5
32	144173.5
33	164448.5
34	183918.0
35	200085.5
36	215668.5
37	231799.5
38	247103.0
39	263275.5
40	279300.0
41	296370.5
42	318201.0
43	340586.0
44	364865.5
45	385880.5
46	405394.0
47	436000.0
48	465935.0
49	493966.0
50	520681.5
51	545296.5
52	571186.0
53	588608.5
54	592731.0
55	584510.0
56	566838.0
57	544060.0
58	515860.0
59	478279.5
60	433703.0
61	385280.5
62	334502.0
63	288036.0
64	247061.5
65	207916.0
66	171997.0
67	141913.5
68	116063.0
69	91742.0
70	70351.0
71	53494.0
72	40228.0
73	30224.0
74	22775.0
75	17273.5
76	13087.5
77	9578.5
78	6857.5
79	4992.5
80	3794.5
81	3086.5
82	2478.5
83	1802.5
84	1319.5
85	974.5
86	690.0
87	495.5
88	362.5
89	254.5
90	183.5
91	136.5
92	95.0
93	65.0
94	50.5
95	41.0
96	32.0
97	22.0
98	10.5
99	5.0
100	5.0
>>END_MODULE
>>Per base N content	pass
#Base	N-Count
1	0.032931512150723506
2	0.34318946543178264
3	0.0715620383720128
4	0.04089060034474501
5	0.05057962181844866
6	0.041860200045857186
7	0.047949844211835076
8	0.040018658167485864
9	0.03920949582698937
10-14	0.054763549161808964
15-19	0.050504286014333474
20-24	0.09455759502443287
25-29	0.03796505995160512
30-34	0.058789829359520804
35-39	0.044626698185865
40-44	0.04746853212998802
45-49	0.042787946522460915
50-54	0.04270424007344404
55-59	0.046222701147120154
60-64	0.04762617927563648
65-69	0.04267075749383729
70-74	0.037513045126913974
75-79	0.041663489890667524
80-84	0.050860038422655206
85-89	0.05588103025618429
90-94	0.040642271212661604
95-99	0.04285072635922358
100	0.041162646304049866
>>END_MODULE
>>Sequence Length Distribution	pass
#Length	Count
100	1.4335813E7
>>END_MODULE
>>Sequence Duplication Levels	warn
#Total Duplicate Percentage	45.830635059440816
#Duplication Level	Relative count
1	100.0
2	26.172359028953384
3	10.54381402816803
4	5.709523726417564
5	3.6684758896315817
6	2.782771078029285
7	2.18328417598911
8	1.7478490026003943
9	1.4555227839927398
10++	20.259515872877362
>>END_MODULE
>>Overrepresented sequences	pass
>>END_MODULE
>>Kmer Content	fail
#Sequence	Count	Obs/Exp Overall	Obs/Exp Max	Max Obs/Exp Position
TTTTT	10938220	7.781308	10.604755	10-14
AAAAA	6858740	5.136018	7.408569	2
GGAGG	3421560	2.4766493	5.293437	1
CTCCA	3076410	2.381969	5.1643085	1
CTGGA	3077950	2.2758272	6.9067507	1
GAAGA	3035790	2.2350285	5.024156	2
GAAAA	2704580	2.0081518	5.3589945	2
GGGGG	2732495	1.961166	5.894777	1
CTTTT	2637855	1.923684	5.6820464	1
GTTTT	2608685	1.859077	6.5646157	1
GGAAA	2240245	1.6493272	6.0953255	1
CTGGG	2136440	1.566329	6.010206	1
GTGGA	2117595	1.5300778	5.199891	1
>>END_MODULE
