##FastQC	0.10.1
>>Basic Statistics	pass
#Measure	Value	
Filename	F_parvapinis_NA_FW_2_R1.fastq.gz	
File type	Conventional base calls	
Encoding	Sanger / Illumina 1.9	
Total Sequences	7862298	
Filtered Sequences	0	
Sequence length	100	
%GC	49	
>>END_MODULE
>>Per base sequence quality	pass
#Base	Mean	Median	Lower Quartile	Upper Quartile	10th Percentile	90th Percentile
1	30.68808623127742	31.0	31.0	34.0	26.0	34.0
2	30.989275908900936	33.0	31.0	34.0	27.0	34.0
3	29.524434713616806	31.0	31.0	34.0	16.0	34.0
4	33.28843093965657	37.0	35.0	37.0	19.0	37.0
5	34.04412590313926	37.0	35.0	37.0	30.0	37.0
6	31.454956680604067	37.0	33.0	37.0	10.0	37.0
7	32.33671084459022	37.0	33.0	37.0	17.0	37.0
8	33.54620697409332	37.0	33.0	37.0	28.0	37.0
9	35.33306585428331	39.0	35.0	39.0	30.0	39.0
10-14	34.9824234594008	39.2	34.8	39.4	24.6	39.4
15-19	36.2373951992153	40.0	35.8	41.0	28.6	41.0
20-24	36.224478288663185	40.0	36.0	41.0	28.8	41.0
25-29	35.89486399523396	40.0	35.6	41.0	27.4	41.0
30-34	35.50297650890363	39.4	35.0	41.0	26.4	41.0
35-39	35.188668656415715	39.0	34.8	41.0	25.4	41.0
40-44	34.91671412098601	39.0	34.0	41.0	24.6	41.0
45-49	34.487722190128125	38.4	33.6	40.4	23.6	41.0
50-54	33.8374286499952	37.6	33.0	40.0	22.0	41.0
55-59	33.16865539820546	36.6	32.6	40.0	20.0	41.0
60-64	32.34904550806901	35.2	31.8	39.0	17.2	40.8
65-69	31.59662739824921	35.0	31.0	37.4	12.2	40.0
70-74	30.781627076460342	35.0	30.8	36.2	6.0	39.0
75-79	29.73161233522311	34.0	29.6	35.0	2.0	37.2
80-84	29.626418052330244	34.0	30.0	35.0	2.0	36.2
85-89	29.144338767113634	34.0	30.0	35.0	2.0	35.4
90-94	28.72281065917369	34.0	29.0	35.0	2.0	35.0
95-99	28.165269492456275	34.0	29.0	35.0	2.0	35.0
100	27.06655229806858	33.0	27.0	35.0	2.0	35.0
>>END_MODULE
>>Per sequence quality scores	pass
#Quality	Count
2	181797.0
3	57941.0
4	30080.0
5	22472.0
6	23130.0
7	24166.0
8	24748.0
9	27226.0
10	29334.0
11	31532.0
12	32836.0
13	34080.0
14	35215.0
15	36277.0
16	36207.0
17	35660.0
18	34740.0
19	33927.0
20	33849.0
21	34154.0
22	36925.0
23	43064.0
24	52785.0
25	67905.0
26	89548.0
27	121410.0
28	154928.0
29	162021.0
30	197063.0
31	231962.0
32	274564.0
33	362710.0
34	508316.0
35	744422.0
36	1149283.0
37	1579995.0
38	1109245.0
39	176631.0
40	150.0
>>END_MODULE
>>Per base sequence content	fail
#Base	G	A	T	C
1	32.97038915991808	14.909807202446974	7.8202968335767125	44.29950680405824
2	23.415326395458848	17.94832234074785	38.98825052156166	19.64810074223165
3	24.425779992043797	23.105652798036626	22.75854239414356	29.710024815776016
4	26.300332091699435	29.857343541154798	19.045067189167106	24.79725717797866
5	28.30903796392376	30.835471430154293	21.409425282882008	19.44606532303994
6	21.489860573863297	35.477939430326686	22.57928138200633	20.452918613803696
7	20.374741823006296	18.507483156948965	38.19412619826314	22.9236488217816
8	20.75287381914183	20.91360412226852	30.463729762397023	27.869792296192625
9	22.342302981385156	20.19587513834634	31.27957532777857	26.18224655248993
10-14	24.179924182060955	26.70181178560166	25.077037466179856	24.04122656615753
15-19	24.628373645512855	25.151027234542806	25.65871231545137	24.561886804492964
20-24	24.408339213897932	25.53872043934992	25.597186854592348	24.4557534921598
25-29	24.4654592437654	25.571533108078576	25.53868267843556	24.424324969720463
30-34	24.255689404571626	25.678573354401486	25.44845420337775	24.617283037649134
35-39	24.47608059014478	25.59903624072809	25.38215223284131	24.54273093628582
40-44	24.811783355206206	25.43678416626275	25.132376514764193	24.619055963766854
45-49	24.60757221828844	25.52415426549503	25.276343706563882	24.591929809652648
50-54	24.706381375551874	25.599248422620718	25.052082342154964	24.642287859672447
55-59	24.993970351043988	25.227316048517736	25.040492962628235	24.738220637810045
60-64	24.963981220246428	25.167599417492347	25.056173015303862	24.81224634695736
65-69	24.833989455710288	25.304163572941718	25.04472058486995	24.81712638647804
70-74	25.061075577319254	25.28223891990478	24.859914619858525	24.79677088291744
75-79	24.985564764563332	25.21582387735741	24.97809339501932	24.82051796305994
80-84	24.99532058507568	25.118587999583823	25.001705652463578	24.884385762876914
85-89	24.96678560768938	25.34313271213743	24.7651627290904	24.924918951082788
90-94	24.942432755023983	25.29187743746367	24.86419579526141	24.90149401225094
95-99	24.72346967965388	25.305147850283465	24.944799780718096	25.026582689344558
100	24.890595381707342	24.9161775086672	24.6206791361408	25.572547973484657
>>END_MODULE
>>Per base GC content	fail
#Base	%GC
1	77.26989596397632
2	43.063427137690496
3	54.13580480781981
4	51.0975892696781
5	47.755103286963696
6	41.94277918766699
7	43.2983906447879
8	48.622666115334454
9	48.52454953387508
10-14	48.221150748218484
15-19	49.190260450005816
20-24	48.86409270605773
25-29	48.88978421348587
30-34	48.872972442220764
35-39	49.0188115264306
40-44	49.43083931897306
45-49	49.19950202794109
50-54	49.34866923522432
55-59	49.732190988854036
60-64	49.77622756720378
65-69	49.65111584218833
70-74	49.85784646023669
75-79	49.80608272762328
80-84	49.8797063479526
85-89	49.89170455877217
90-94	49.84392676727493
95-99	49.75005236899844
100	50.463143355191995
>>END_MODULE
>>Per sequence GC content	warn
#GC Content	Count
0	3863.0
1	2650.5
2	1266.0
3	1072.0
4	1061.0
5	1054.0
6	1005.5
7	1026.5
8	1091.5
9	1082.0
10	1129.5
11	1193.5
12	1256.0
13	1290.5
14	1350.5
15	1480.5
16	1605.5
17	1830.5
18	2252.0
19	2864.0
20	3831.0
21	5145.5
22	7029.5
23	9717.5
24	13070.5
25	17555.0
26	23627.5
27	30821.0
28	38298.0
29	46082.5
30	55425.0
31	67107.0
32	81028.5
33	93976.0
34	104818.5
35	116650.5
36	126451.0
37	133209.5
38	140086.0
39	147764.5
40	158126.5
41	169903.0
42	184173.5
43	201055.5
44	225170.0
45	243530.0
46	257434.5
47	272173.5
48	283689.5
49	294651.0
50	307171.0
51	318095.5
52	326503.5
53	332309.5
54	320363.5
55	308996.5
56	297347.0
57	276244.0
58	253661.5
59	232907.0
60	207372.5
61	174661.0
62	146045.5
63	123601.0
64	104624.5
65	86721.0
66	75430.0
67	68823.5
68	60166.5
69	47596.5
70	34787.0
71	25407.0
72	19259.5
73	18123.5
74	19445.5
75	19491.0
76	16094.5
77	11978.5
78	8034.0
79	4863.5
80	4422.0
81	4687.0
82	4780.5
83	4605.0
84	4838.0
85	4012.0
86	2507.5
87	1734.5
88	1053.5
89	644.0
90	505.0
91	403.5
92	302.5
93	231.5
94	147.5
95	86.0
96	59.0
97	33.0
98	17.5
99	7.0
100	1.5
>>END_MODULE
>>Per base N content	pass
#Base	N-Count
1	0.027167629616684588
2	0.004222684004091425
3	3.3155955167306046
4	0.007809421622024503
5	0.016979768510427866
6	2.255027728534329
7	0.030271047981137323
8	0.03240782783862937
9	0.03173372466930152
10-14	0.9520549844333044
15-19	0.022833019048629295
20-24	0.01748598183380991
25-29	0.0154356906848354
30-34	0.03787951054513578
35-39	0.03909798382101518
40-44	0.027729806222048563
45-49	0.020553787200637778
50-54	0.01633619076763562
55-59	0.00400137466170832
60-64	0.0054309821377922845
65-69	0.001867138589760907
70-74	0.002996579371578131
75-79	0.0036325257577364788
80-84	0.0025946612555260563
85-89	0.00247001576383902
90-94	0.01012681025318552
95-99	0.022021551459891243
100	0.01705608207676687
>>END_MODULE
>>Sequence Length Distribution	pass
#Length	Count
100	7862298.0
>>END_MODULE
>>Sequence Duplication Levels	warn
#Total Duplicate Percentage	43.37206103316191
#Duplication Level	Relative count
1	100.0
2	16.512945467591486
3	6.639410428127242
4	3.784232241090648
5	2.6160009567089215
6	1.9059435541736427
7	1.4926154030136332
8	1.2676393207366659
9	1.059106673044726
10++	14.207874910308538
>>END_MODULE
>>Overrepresented sequences	warn
#Sequence	Count	Percentage	Possible Source
CTGCAAGTCATTTAGCACCACGTTCTCCACAAACATGCTGTGCGTAATCG	8575	0.10906480522615654	No Hit
>>END_MODULE
>>Kmer Content	warn
#Sequence	Count	Obs/Exp Overall	Obs/Exp Max	Max Obs/Exp Position
TTTTT	4247550	5.5492897	8.880101	2
AAAAA	3455210	4.460504	6.5360265	2
CTCCA	1616235	2.2080142	7.3022733	1
GAAGA	1629715	2.2043955	5.348286	2
AAGAA	1613085	2.1315765	5.108257	2
CTCCT	1553935	2.1279826	7.6155677	1
CTGGA	1474635	2.0358715	6.6137676	1
CTCTG	1472515	2.0271187	5.4862647	1
GAAAA	1484615	1.9618126	5.304267	2
CTGCA	1408595	1.9344954	5.7318244	1
CTTCA	1413785	1.9013785	5.301222	1
CTGAA	1384650	1.8675473	5.9971824	1
CTTTT	1391115	1.8461803	5.845909	1
GTTTT	1317130	1.7572109	6.647683	1
CTTTG	1270935	1.7223871	5.187848	1
CTCAG	1203110	1.6522924	5.8363724	1
GGAAA	1187035	1.6056149	6.251785	1
CTGGG	1019860	1.4412541	5.8065753	1
CTCCC	985275	1.3705813	5.2439513	1
>>END_MODULE
