##FastQC	0.10.1
>>Basic Statistics	pass
#Measure	Value	
Filename	A_xenica_NA_transfer_3_R1.fastq.gz	
File type	Conventional base calls	
Encoding	Sanger / Illumina 1.9	
Total Sequences	11488889	
Filtered Sequences	0	
Sequence length	100	
%GC	50	
>>END_MODULE
>>Per base sequence quality	pass
#Base	Mean	Median	Lower Quartile	Upper Quartile	10th Percentile	90th Percentile
1	30.850390146514602	33.0	31.0	34.0	26.0	34.0
2	31.128894447496187	34.0	31.0	34.0	27.0	34.0
3	30.897592534839532	34.0	31.0	34.0	27.0	34.0
4	34.39242236564388	37.0	35.0	37.0	30.0	37.0
5	32.88628743823706	37.0	35.0	37.0	22.0	37.0
6	33.23508043292959	37.0	35.0	37.0	19.0	37.0
7	33.83210004030851	37.0	35.0	37.0	29.0	37.0
8	33.95658466192858	37.0	35.0	37.0	30.0	37.0
9	35.55357136795386	39.0	37.0	39.0	30.0	39.0
10-14	35.68911094884806	39.2	36.6	39.4	30.0	39.4
15-19	36.497648763078836	40.0	37.0	41.0	29.2	41.0
20-24	36.27072299157908	40.0	36.8	41.0	27.8	41.0
25-29	35.93306626950613	40.0	36.0	41.0	27.0	41.0
30-34	35.53113877242612	40.0	35.4	41.0	25.2	41.0
35-39	35.186522003998824	39.4	35.0	41.0	24.4	41.0
40-44	34.956783636781594	39.0	35.0	41.0	23.6	41.0
45-49	34.46089098780569	38.6	34.2	41.0	22.4	41.0
50-54	33.80468114889091	37.6	33.6	40.0	19.8	41.0
55-59	33.04731904016133	36.4	33.0	40.0	16.4	41.0
60-64	32.2361932646403	35.2	32.2	39.0	11.2	41.0
65-69	31.507469242674375	35.0	31.8	37.4	7.2	40.0
70-74	30.767268532231448	35.0	31.0	36.2	2.0	39.0
75-79	29.795354189600054	34.2	30.2	35.0	2.0	37.2
80-84	29.771712478029862	35.0	31.0	35.0	2.0	36.0
85-89	29.35276310877405	34.4	30.4	35.0	2.0	35.4
90-94	28.931825540311166	34.0	30.0	35.0	2.0	35.0
95-99	28.45910453134328	34.0	30.0	35.0	2.0	35.0
100	27.360998439448757	34.0	27.0	35.0	2.0	35.0
>>END_MODULE
>>Per sequence quality scores	pass
#Quality	Count
2	298398.0
3	100934.0
4	51334.0
5	40302.0
6	39775.0
7	40568.0
8	40416.0
9	43647.0
10	48366.0
11	49426.0
12	47986.0
13	48169.0
14	48073.0
15	48105.0
16	46774.0
17	46265.0
18	45395.0
19	44305.0
20	44276.0
21	45953.0
22	52843.0
23	61726.0
24	72479.0
25	88321.0
26	107102.0
27	132011.0
28	160014.0
29	188959.0
30	229372.0
31	281901.0
32	353557.0
33	466472.0
34	666023.0
35	1004432.0
36	1734156.0
37	2543828.0
38	1826035.0
39	300747.0
40	444.0
>>END_MODULE
>>Per base sequence content	fail
#Base	G	A	T	C
1	43.54252659147064	11.625475300066492	8.332670262281889	36.49932784618098
2	27.082249471020063	18.746740796828444	26.75021658387025	27.42079314828124
3	28.640975170454013	20.83413813841208	19.75543964814952	30.769447042984382
4	32.42263914569038	25.12987232866119	18.705863233267582	23.74162529238085
5	30.86544242255067	26.245341824349495	21.80250705691296	21.086708696186868
6	26.83829240479788	30.022940668774567	23.35082487490866	19.787942051518893
7	23.26711566495462	21.23753193757217	33.784404189025146	21.710948208448063
8	23.615296998605814	22.560927977111998	29.133199282363716	24.690575741918472
9	22.18042657453124	20.89312333487701	32.4709192915748	24.455530799016945
10-14	25.377754101842694	25.443931185238615	25.26946717911887	23.908847533799822
15-19	25.36172672752629	24.545319447538745	25.43100501473522	24.661948810199746
20-24	25.14007547401106	25.07895656970759	25.392809979062857	24.388157977218494
25-29	25.303935413139207	24.756554781891047	25.174065807913344	24.76544399705641
30-34	25.036272896468525	25.13426915214594	25.18377498297105	24.64568296841448
35-39	25.07132209284065	25.027390578282	25.043441673991346	24.85784565488601
40-44	25.126122070469815	25.117027955435006	24.972533926604466	24.784316047490716
45-49	25.15594738412418	24.965010593726873	24.8946556539875	24.984386368161445
50-54	25.066178941003574	25.263382530897623	24.923840309611638	24.74659821848716
55-59	25.21330088270136	24.94934717159512	24.79152576609623	25.04582617960729
60-64	25.148731753402426	25.07036877828826	24.86505092435686	24.91584854395245
65-69	25.115239787173994	25.066818647940785	24.84136919697279	24.976572367912432
70-74	25.24058317896331	25.080484247520314	24.730089287208013	24.948843286308367
75-79	25.082451180645755	24.940751406595922	24.871465709594762	25.105331703163564
80-84	25.093055816185018	25.041091248607287	24.759019518841423	25.10683341636627
85-89	25.166529168260272	24.9899317742134	24.703423858291746	25.14011519923458
90-94	25.05126547398181	24.96466540752842	24.709748670562238	25.274320447927533
95-99	24.958468257557342	25.116854138507787	24.820768808517062	25.103908795417805
100	25.41235237006102	24.681960531508693	24.310009945724165	25.595677152706127
>>END_MODULE
>>Per base GC content	fail
#Base	%GC
1	80.04185443765162
2	54.50304261930131
3	59.410422213438395
4	56.16426443807123
5	51.95215111873755
6	46.62623445631677
7	44.97806387340268
8	48.305872740524286
9	46.63595737354819
10-14	49.28660163564251
15-19	50.02367553772603
20-24	49.52823345122955
25-29	50.069379410195616
30-34	49.68195586488301
35-39	49.92916774772665
40-44	49.91043811796053
45-49	50.14033375228563
50-54	49.81277715949074
55-59	50.25912706230865
60-64	50.06458029735488
65-69	50.09181215508642
70-74	50.18942646527168
75-79	50.18778288380932
80-84	50.199889232551286
85-89	50.306644367494854
90-94	50.325585921909344
95-99	50.06237705297515
100	51.00802952276714
>>END_MODULE
>>Per sequence GC content	warn
#GC Content	Count
0	2002.0
1	1615.5
2	1228.0
3	1211.0
4	1017.5
5	762.5
6	712.5
7	777.0
8	814.0
9	903.5
10	1025.5
11	1145.0
12	1284.0
13	1485.5
14	1792.0
15	2064.5
16	2390.0
17	2883.5
18	3729.5
19	4899.0
20	6382.0
21	8451.5
22	11426.5
23	15456.5
24	20618.5
25	27090.5
26	34537.5
27	43187.5
28	53307.0
29	63951.0
30	76098.5
31	90000.0
32	103765.5
33	118369.5
34	132353.0
35	146655.0
36	161438.0
37	175220.0
38	188833.5
39	205617.5
40	222107.0
41	235049.5
42	248949.0
43	266464.0
44	287675.0
45	303978.5
46	321281.0
47	345531.5
48	371545.5
49	392977.0
50	409803.5
51	430126.5
52	452200.0
53	467692.5
54	471487.0
55	469041.0
56	464762.0
57	454117.5
58	433080.5
59	401449.5
60	358197.5
61	316676.0
62	283157.5
63	250471.0
64	216943.5
65	182783.5
66	151744.0
67	124797.0
68	102284.5
69	80860.0
70	61436.0
71	45969.5
72	33993.0
73	26521.5
74	21606.5
75	17223.5
76	12810.5
77	9571.5
78	6962.0
79	4771.5
80	3590.5
81	2780.0
82	2586.5
83	2396.0
84	1492.5
85	742.5
86	485.5
87	325.0
88	221.5
89	173.0
90	130.5
91	92.0
92	70.0
93	60.0
94	55.0
95	39.0
96	20.5
97	12.5
98	10.5
99	5.0
100	2.0
>>END_MODULE
>>Per base N content	pass
#Base	N-Count
1	0.016842359605006192
2	0.0023326885654478863
3	0.005222437086823626
4	0.007624758146762493
5	3.4610570264888105
6	0.03900290097676111
7	0.048298838991307165
8	0.053895550736019815
9	0.04789845214798402
10-14	0.05276402270054137
15-19	0.031479109947010545
20-24	0.02681721444083932
25-29	0.026639651579887312
30-34	0.050459187132889875
35-39	0.04840154692068137
40-44	0.03950773656182073
45-49	0.029703481337490508
50-54	0.015454932152273384
55-59	0.005107543470913506
60-64	0.004834235930036403
65-69	9.156673025564091E-4
70-74	0.003199613121860608
75-79	0.004482591832856946
80-84	0.0058874274092125005
85-89	0.0023588007508820045
90-94	0.009905222341342144
95-99	0.018564023031295715
100	0.0046566730690844
>>END_MODULE
>>Sequence Length Distribution	pass
#Length	Count
100	1.1488889E7
>>END_MODULE
>>Sequence Duplication Levels	fail
#Total Duplicate Percentage	54.7794881480782
#Duplication Level	Relative count
1	100.0
2	45.30010024225211
3	19.072132653913624
4	8.967504803274581
5	5.288822988889817
6	3.566953470887979
7	2.67208253278757
8	2.0518335978614988
9	1.6007434633698103
10++	20.31785147439646
>>END_MODULE
>>Overrepresented sequences	pass
>>END_MODULE
>>Kmer Content	warn
#Sequence	Count	Obs/Exp Overall	Obs/Exp Max	Max Obs/Exp Position
TTTTT	6218125	5.9593506	9.244816	6
AAAAA	5404855	5.289388	6.4811335	2
GAAAA	2120835	2.0164406	5.057453	1
GGGGG	2035440	1.724112	6.268609	1
GCCAG	1634810	1.4888437	5.057209	1
GGCGG	1357895	1.1755451	5.0096564	1
GCCGG	1154505	1.0214915	5.0058856	1
>>END_MODULE
