##FastQC	0.10.1
>>Basic Statistics	pass
#Measure	Value	
Filename	F_sciadicus_NA_BW_1_R1.fastq.gz	
File type	Conventional base calls	
Encoding	Sanger / Illumina 1.9	
Total Sequences	26751294	
Filtered Sequences	0	
Sequence length	100	
%GC	49	
>>END_MODULE
>>Per base sequence quality	pass
#Base	Mean	Median	Lower Quartile	Upper Quartile	10th Percentile	90th Percentile
1	29.97579077856944	31.0	30.0	34.0	25.0	34.0
2	30.284680546668135	31.0	30.0	34.0	26.0	34.0
3	29.845118669773505	31.0	30.0	34.0	25.0	34.0
4	31.60018752737718	35.0	32.0	37.0	16.0	37.0
5	32.63486110241994	35.0	33.0	37.0	19.0	37.0
6	33.00388168138708	35.0	33.0	37.0	27.0	37.0
7	33.13773513161644	36.0	35.0	37.0	27.0	37.0
8	33.12167243199525	36.0	35.0	37.0	27.0	37.0
9	34.564960708068924	39.0	35.0	39.0	27.0	39.0
10-14	34.62166526224862	38.8	35.0	39.4	26.6	39.4
15-19	34.781961478199904	39.0	33.8	41.0	21.0	41.0
20-24	35.013512931374464	39.0	34.4	41.0	24.4	41.0
25-29	34.68466907058776	39.0	34.0	41.0	22.4	41.0
30-34	34.28972739038343	39.0	33.6	41.0	18.8	41.0
35-39	33.91259688596746	38.0	33.0	40.2	16.6	41.0
40-44	33.68039610345578	38.0	33.0	40.0	14.8	41.0
45-49	33.21075542738232	38.0	32.6	40.0	10.0	41.0
50-54	32.556745681162184	37.2	31.8	40.0	6.0	41.0
55-59	31.20597174103055	35.6	29.6	39.4	2.0	41.0
60-64	30.974743300268017	35.0	30.0	38.8	2.0	40.6
65-69	30.242853089648673	35.0	29.6	37.2	2.0	39.8
70-74	29.470413191974934	34.4	29.0	35.8	2.0	38.8
75-79	28.41084576319934	33.4	28.2	35.0	2.0	37.0
80-84	28.371516510565804	34.0	29.0	35.0	2.0	36.0
85-89	27.885733437791835	34.0	28.0	35.0	2.0	35.2
90-94	26.861929632263774	33.6	25.2	35.0	2.0	35.0
95-99	26.652082026387212	33.4	25.2	35.0	2.0	35.0
100	25.511446250039345	33.0	23.0	35.0	2.0	35.0
>>END_MODULE
>>Per sequence quality scores	pass
#Quality	Count
2	912885.0
3	285876.0
4	155852.0
5	115451.0
6	105733.0
7	109124.0
8	114485.0
9	125836.0
10	137962.0
11	145115.0
12	147991.0
13	151557.0
14	153156.0
15	151658.0
16	149011.0
17	145344.0
18	142060.0
19	139737.0
20	140281.0
21	146230.0
22	162427.0
23	190574.0
24	231668.0
25	282796.0
26	345163.0
27	417829.0
28	497916.0
29	587027.0
30	701023.0
31	842135.0
32	1030364.0
33	1315623.0
34	1760959.0
35	2507090.0
36	3745434.0
37	4807165.0
38	3176723.0
39	473487.0
40	547.0
>>END_MODULE
>>Per base sequence content	fail
#Base	G	A	T	C
1	35.981473376146965	14.982245075522712	7.869454725410438	41.16682682291988
2	25.43609044170887	18.6148655885228	35.6730005509833	20.27604341878503
3	25.998632459180598	22.99841268518034	21.88100824789879	29.121946607740266
4	27.783987236727615	29.334762725417722	18.692640478849455	24.188609559005208
5	29.367501036853515	30.01556906491178	21.345854929930983	19.271074968303722
6	23.411388805123494	33.06330801877943	22.924683002301556	20.600620173795512
7	21.231112610722242	19.34888172523406	36.7393689358047	22.680636728238994
8	21.590242239164443	21.502860868758955	30.0033685869731	26.903528305103503
9	22.285485404855372	20.300600920680893	31.72983754159268	25.684076132871052
10-14	24.463929200117207	26.516377415768233	25.392815358918547	23.626878025196014
15-19	24.630550007188905	25.421761559183736	25.728395243698216	24.219293189929143
20-24	24.535410057597698	25.642910084532357	25.665272018394553	24.156407839475396
25-29	24.52266826752083	25.654816957408404	25.57765054105464	24.24486423401612
30-34	24.398317012915893	25.714975458712757	25.547520958170693	24.339186570200653
35-39	24.418828923979	25.74384332975565	25.516873553374907	24.320454192890445
40-44	24.518513900636012	25.67407111723344	25.430253900045425	24.377161082085127
45-49	24.49352641009423	25.63072654484207	25.40933618894276	24.466410856120945
50-54	24.47195409498382	25.69847255889068	25.415733113128127	24.413840232997376
55-59	24.566334332700475	25.573793066216655	25.328712081889883	24.531160519192984
60-64	24.526157640487515	25.51797547919774	25.33323983781453	24.622627042500213
65-69	24.471141498495196	25.61781938503318	25.37019833429291	24.54084078217871
70-74	24.62067904878233	25.543093307881158	25.265722981370452	24.57050466196606
75-79	24.52383622924298	25.457894135493436	25.30806009863659	24.71020953662699
80-84	24.527488196709502	25.56098498719212	25.295151233787983	24.616375582310393
85-89	24.605462901365797	25.525861738768548	25.21250062327176	24.656174736593897
90-94	24.501172626581834	25.47436664712673	25.20379565353179	24.820665072759645
95-99	24.512644210887828	25.569789141737044	25.257107891039855	24.660458756335277
100	24.859882162213367	25.283935653027612	24.81464505468621	25.041537130072815
>>END_MODULE
>>Per base GC content	fail
#Base	%GC
1	77.14830019906685
2	45.7121338604939
3	55.12057906692086
4	51.97259679573282
5	48.63857600515724
6	44.012008978919006
7	43.911749338961236
8	48.493770544267946
9	47.96956153772642
10-14	48.09080722531322
15-19	48.84984319711805
20-24	48.69181789707309
25-29	48.767532501536955
30-34	48.73750358311655
35-39	48.739283116869444
40-44	48.89567498272114
45-49	48.95993726621517
50-54	48.885794327981195
55-59	49.097494851893465
60-64	49.148784682987724
65-69	49.011982280673905
70-74	49.19118371074839
75-79	49.23404576586997
80-84	49.143863779019895
85-89	49.261637637959694
90-94	49.32183769934148
95-99	49.1731029672231
100	49.90141929228618
>>END_MODULE
>>Per sequence GC content	warn
#GC Content	Count
0	16221.0
1	14924.0
2	12108.0
3	10307.5
4	8569.5
5	5945.0
6	4624.5
7	4339.0
8	4188.5
9	4131.0
10	4193.0
11	4307.5
12	4404.0
13	4648.0
14	4930.0
15	5419.0
16	6189.5
17	7295.5
18	8861.0
19	11328.5
20	15037.0
21	20319.0
22	28377.0
23	39449.0
24	52930.0
25	68392.5
26	86707.0
27	110325.5
28	139438.5
29	171495.0
30	205673.0
31	244578.0
32	285880.0
33	324930.0
34	360554.5
35	391517.0
36	425123.5
37	461286.0
38	490294.0
39	518019.0
40	547570.5
41	582300.5
42	624415.0
43	673807.0
44	730148.0
45	782111.0
46	827817.0
47	877060.5
48	933971.0
49	984070.0
50	1026098.5
51	1068572.5
52	1100085.0
53	1111935.0
54	1102507.5
55	1083011.5
56	1053406.0
57	995982.0
58	920988.5
59	830943.0
60	737206.0
61	649888.0
62	560007.5
63	473550.5
64	394193.0
65	325038.0
66	266384.0
67	214690.0
68	173035.0
69	137048.0
70	101039.5
71	72772.0
72	53231.5
73	40224.5
74	30676.5
75	22463.5
76	16611.0
77	12532.0
78	8917.0
79	6074.5
80	4551.0
81	3805.0
82	3058.5
83	2204.0
84	1630.0
85	1242.5
86	881.5
87	615.0
88	486.5
89	376.5
90	287.5
91	200.0
92	148.5
93	110.0
94	64.5
95	42.0
96	26.5
97	16.5
98	9.5
99	5.0
100	2.0
>>END_MODULE
>>Per base N content	pass
#Base	N-Count
1	0.1257359737439243
2	0.0035026343024752373
3	0.004063354841825595
4	3.7190350492951856
5	0.007835135003189005
6	0.012365756961139899
7	0.013528317546059642
8	0.015602983541655966
9	0.018698160918869944
10-14	0.021355976275390643
15-19	0.17808260041551635
20-24	0.005126480984433875
25-29	0.005885322781021359
30-34	0.01617491849179333
35-39	0.01639098280628967
40-44	0.018797595361181405
45-49	0.007741681579963945
50-54	0.009070215444531394
55-59	0.9272620606689156
60-64	0.002376707459459718
65-69	0.002468665627913177
70-74	0.0037082318335703683
75-79	0.003352361197929341
80-84	0.003893643425248887
85-89	0.004954526685699765
90-94	0.9881593017519077
95-99	0.01037781574229643
100	0.004227832866701701
>>END_MODULE
>>Sequence Length Distribution	pass
#Length	Count
100	2.6751294E7
>>END_MODULE
>>Sequence Duplication Levels	warn
#Total Duplicate Percentage	47.591921035567616
#Duplication Level	Relative count
1	100.0
2	25.16978123195645
3	11.602863139371832
4	6.848988644591288
5	4.555910953066143
6	3.4295350606263346
7	2.670674817387798
8	2.1491875246308805
9	1.7981688372391418
10++	25.074465452612476
>>END_MODULE
>>Overrepresented sequences	pass
>>END_MODULE
>>Kmer Content	warn
#Sequence	Count	Obs/Exp Overall	Obs/Exp Max	Max Obs/Exp Position
TTTTT	18356925	6.8363056	9.225072	10-14
AAAAA	12748055	4.700615	7.094333	2
CTCCT	6051760	2.492387	6.1799283	1
CTCCA	5788790	2.3793561	6.223699	1
CTGGA	5735810	2.3378718	7.0890994	1
GAAGA	5779320	2.2688596	5.460842	2
GAAAA	5197165	1.977367	5.5210233	2
CTTTT	4889955	1.8832028	5.7116623	1
GTTTT	4748210	1.8209555	6.5053244	1
GGAAG	4172800	1.6903181	5.1184554	1
CTCAG	4127275	1.689321	5.0716376	1
GGAAA	4142755	1.6263727	6.2444572	1
CTGGG	3782010	1.5905914	6.0385633	1
GGGAG	3501305	1.46346	5.064897	1
>>END_MODULE
