##FastQC	0.10.1
>>Basic Statistics	pass
#Measure	Value	
Filename	F_grandis_NA_BW_2_R2.fastq.gz	
File type	Conventional base calls	
Encoding	Sanger / Illumina 1.9	
Total Sequences	3756677	
Filtered Sequences	0	
Sequence length	100	
%GC	49	
>>END_MODULE
>>Per base sequence quality	fail
#Base	Mean	Median	Lower Quartile	Upper Quartile	10th Percentile	90th Percentile
1	28.51459121984669	31.0	30.0	34.0	16.0	34.0
2	28.521699629752572	31.0	30.0	34.0	16.0	34.0
3	28.557811597856297	31.0	30.0	34.0	16.0	34.0
4	31.74349671265323	35.0	33.0	37.0	16.0	37.0
5	31.655858355669118	35.0	33.0	37.0	16.0	37.0
6	31.523733874378873	36.0	32.0	37.0	10.0	37.0
7	31.557009293053408	36.0	32.0	37.0	11.0	37.0
8	31.483763176871474	36.0	32.0	37.0	10.0	37.0
9	32.751017455054026	38.0	33.0	39.0	10.0	39.0
10-14	32.7938132024659	38.2	33.0	39.4	8.8	39.4
15-19	33.380556326774965	39.0	33.0	41.0	4.2	41.0
20-24	33.03925511828672	39.0	32.0	41.0	2.0	41.0
25-29	32.77168039732987	38.0	32.0	40.8	2.0	41.0
30-34	32.40591309819822	38.0	31.4	40.0	2.0	41.0
35-39	31.92997039670965	38.0	30.6	40.0	2.0	41.0
40-44	31.41534856470226	37.8	30.0	40.0	2.0	41.0
45-49	30.889981491621448	37.0	29.2	40.0	2.0	41.0
50-54	30.178096014110345	36.0	28.6	39.4	2.0	40.6
55-59	30.090035688455515	35.4	28.4	39.4	2.0	41.0
60-64	29.301402702441543	35.0	27.6	38.6	2.0	40.6
65-69	28.55207583723594	34.6	26.2	37.2	2.0	40.0
70-74	27.820580156345624	34.0	26.0	35.8	2.0	39.0
75-79	27.106505669771444	34.0	24.8	35.0	2.0	37.2
80-84	26.447188086705353	33.8	23.6	35.0	2.0	36.0
85-89	25.891630555408415	33.0	21.0	35.0	2.0	35.2
90-94	25.34160983230658	33.0	17.6	35.0	2.0	35.0
95-99	24.65177842013035	33.0	3.0	35.0	2.0	35.0
100	23.39230042934221	31.0	2.0	34.0	2.0	35.0
>>END_MODULE
>>Per sequence quality scores	pass
#Quality	Count
2	304096.0
3	38948.0
4	24318.0
5	18934.0
6	18365.0
7	18332.0
8	19240.0
9	20697.0
10	22030.0
11	22246.0
12	21738.0
13	21129.0
14	20970.0
15	21262.0
16	21374.0
17	20885.0
18	21139.0
19	21182.0
20	22100.0
21	23357.0
22	25525.0
23	29769.0
24	34900.0
25	41899.0
26	48487.0
27	56679.0
28	66555.0
29	77494.0
30	91187.0
31	109196.0
32	134842.0
33	171100.0
34	226695.0
35	319313.0
36	479779.0
37	615010.0
38	428035.0
39	77772.0
40	98.0
>>END_MODULE
>>Per base sequence content	fail
#Base	G	A	T	C
1	37.31399647713842	12.2592014385462	10.536946104052783	39.8898559802626
2	28.364683152067084	20.31815569205495	29.153919788286846	22.16324136759112
3	28.605012626645976	25.8072024881497	20.388637563326316	25.199147321878
4	30.496459945072154	31.095488800301695	17.59869647571179	20.809354778914354
5	29.89899963726797	31.892294687547107	20.154185080687903	18.05452059449702
6	22.206766067232408	35.02382476182562	22.209376124421958	20.560033046520008
7	21.808193026760208	18.363892814282906	36.786484547323205	23.041429611633678
8	22.66866257684396	21.037669120631307	28.73442215364425	27.559246148880483
9	22.53918730749931	19.777671358241186	31.32563525893507	26.357506075324434
10-14	25.035092033401384	26.22021877402882	24.76444863711357	23.980240555456227
15-19	24.987066369166968	24.997878793995984	25.689431898687896	24.32562293814915
20-24	24.949674429123757	25.853476034439293	25.272137325517026	23.924712210919925
25-29	24.918735549162577	25.792236199475223	25.131310007071615	24.157718244290585
30-34	24.691040554236185	25.77053709207095	25.41707154999458	24.121350803698288
35-39	24.79564740898091	25.745696885010084	25.250372035559256	24.208283670449752
40-44	24.94230495001894	25.656328486743085	25.188607979960253	24.21275858327772
45-49	24.883203119193688	25.639826235287742	25.16929827145784	24.307672374060726
50-54	24.747271878775738	25.68556232006972	25.27658919320916	24.29057660794538
55-59	24.985878453944206	25.444375122186475	25.130597326079062	24.43914909779026
60-64	24.83442503571146	25.5075413009624	25.154009932872732	24.504023730453405
65-69	24.79262574109045	25.561932986818025	25.236065240468253	24.40937603162327
70-74	24.983765774528784	25.588298550349858	25.07212769549542	24.355807979625936
75-79	24.86734863925138	25.44852345114526	25.19530367619919	24.48882423340417
80-84	24.926645293046107	25.57667240659334	25.056354456892233	24.440327843468328
85-89	25.05875030250292	25.44192066521977	24.961874775353955	24.53745425692336
90-94	24.94603062045157	25.44969333630645	25.003758120443315	24.60051792279867
95-99	24.99023298740376	25.501037223972347	25.0582304682524	24.45049932037149
100	25.510770576673792	25.10947462303914	24.570106648182474	24.809648152104593
>>END_MODULE
>>Per base GC content	fail
#Base	%GC
1	77.20385245740103
2	50.52792451965821
3	53.804159948523974
4	51.30581472398651
5	47.95352023176499
6	42.76679911375242
7	44.84962263839389
8	50.22790872572445
9	48.89669338282375
10-14	49.01533258885761
15-19	49.31268930731611
20-24	48.87438664004368
25-29	49.07645379345316
30-34	48.81239135793447
35-39	49.003931079430664
40-44	49.155063533296655
45-49	49.19087549325442
50-54	49.03784848672112
55-59	49.425027551734466
60-64	49.338448766164866
65-69	49.20200177271372
70-74	49.33957375415472
75-79	49.35617287265555
80-84	49.36697313651443
85-89	49.596204559426276
90-94	49.54654854325024
95-99	49.44073230777526
100	50.320418728778385
>>END_MODULE
>>Per sequence GC content	warn
#GC Content	Count
0	2144.0
1	1409.0
2	609.5
3	544.5
4	508.0
5	427.5
6	406.0
7	424.5
8	437.5
9	430.0
10	420.5
11	443.0
12	475.0
13	542.5
14	615.0
15	753.5
16	897.0
17	1051.5
18	1333.5
19	1794.0
20	2484.5
21	3453.0
22	4749.0
23	6427.5
24	8579.0
25	11411.5
26	14712.0
27	18176.0
28	22381.5
29	27350.5
30	32605.0
31	37771.0
32	42881.0
33	48677.0
34	53555.0
35	57331.5
36	61444.5
37	65245.0
38	69319.5
39	73541.5
40	77366.5
41	82030.0
42	87128.5
43	91955.5
44	97300.0
45	102690.5
46	108645.0
47	114796.5
48	120537.5
49	125936.0
50	131300.5
51	137263.0
52	141690.5
53	143897.5
54	143827.0
55	142508.5
56	139961.0
57	135595.0
58	128352.5
59	118557.0
60	107945.0
61	95559.5
62	83557.5
63	73193.0
64	62732.5
65	53138.5
66	45333.5
67	38205.5
68	32063.0
69	26066.0
70	20279.5
71	15808.5
72	12132.5
73	9519.5
74	7645.5
75	6001.0
76	4625.0
77	3586.5
78	2679.5
79	1851.0
80	1447.5
81	1193.5
82	1065.0
83	949.5
84	673.0
85	440.5
86	277.5
87	181.5
88	136.5
89	119.0
90	87.5
91	47.0
92	34.5
93	27.5
94	17.5
95	9.0
96	7.5
97	4.0
98	2.5
99	3.5
100	2.0
>>END_MODULE
>>Per base N content	pass
#Base	N-Count
1	0.04724920454965918
2	0.057577481375162144
3	0.05108237945396956
4	0.05145504923633307
5	0.048952837840463795
6	0.05243996223257949
7	0.05118885653464484
8	0.04432108483108875
9	0.05709833451212335
10-14	0.0412918118858768
15-19	0.046253643845345235
20-24	0.048617435036336636
25-29	0.029249254061501695
30-34	0.04487476565060025
35-39	0.04059971086148743
40-44	0.09304499694810067
45-49	0.07137158717664574
50-54	0.06508411556276997
55-59	0.08499000579501512
60-64	0.0830627706347924
65-69	0.07677529902091662
70-74	0.06844346745807532
75-79	0.069896879609293
80-84	0.08525619849670334
85-89	0.07970341873948705
90-94	0.05698120972338053
95-99	0.07225534694625063
100	0.07557210800928586
>>END_MODULE
>>Sequence Length Distribution	pass
#Length	Count
100	3756677.0
>>END_MODULE
>>Sequence Duplication Levels	warn
#Total Duplicate Percentage	25.573248559431487
#Duplication Level	Relative count
1	100.0
2	12.254974160620401
3	4.074745288395653
4	2.2362109927829046
5	1.4786400865795322
6	1.0841652951836933
7	0.8657953213752826
8	0.7300345165442471
9	0.5622546539700429
10++	4.789410657223179
>>END_MODULE
>>Overrepresented sequences	warn
#Sequence	Count	Percentage	Possible Source
TTTTTTTTTTTTTTTTTTTTTTTTTTTTTTTTTTTTTTTTTTTTTTTTTT	4219	0.11230670084226033	No Hit
>>END_MODULE
>>Kmer Content	warn
#Sequence	Count	Obs/Exp Overall	Obs/Exp Max	Max Obs/Exp Position
TTTTT	2245110	6.298204	8.347932	2
AAAAA	1895065	4.936207	9.676189	2
TCCAG	743080	2.167799	5.0900187	7
CTGGA	764120	2.1620464	6.666762	1
GAAGA	803090	2.1445768	5.5924253	2
GAAAA	755000	1.9912248	6.5381923	1
CTTTT	675295	1.9485642	5.030563	1
AAAAC	711345	1.9343437	5.4037457	3
GGAGA	713220	1.9284347	5.044727	1
GTTTT	677840	1.8970048	6.800877	1
AAAAT	696205	1.840553	5.7140746	3
GGAAG	617260	1.6689742	5.4300885	1
GGAAA	599550	1.6010423	6.825092	1
CTGGG	534480	1.531225	5.378193	1
GCCAG	499585	1.4539683	5.2428784	1
GGGAG	523550	1.433322	5.2524066	1
>>END_MODULE
