##FastQC	0.10.1
>>Basic Statistics	pass
#Measure	Value	
Filename	F_zebrinus_NA_FW_1_R1.fastq.gz	
File type	Conventional base calls	
Encoding	Sanger / Illumina 1.9	
Total Sequences	14763674	
Filtered Sequences	0	
Sequence length	100	
%GC	48	
>>END_MODULE
>>Per base sequence quality	pass
#Base	Mean	Median	Lower Quartile	Upper Quartile	10th Percentile	90th Percentile
1	30.417617118882468	31.0	30.0	34.0	26.0	34.0
2	30.747120872487432	31.0	31.0	34.0	27.0	34.0
3	30.299391262635574	31.0	30.0	34.0	26.0	34.0
4	32.0341014032144	37.0	33.0	37.0	19.0	37.0
5	33.125809876322116	37.0	33.0	37.0	22.0	37.0
6	33.593970918079066	37.0	33.0	37.0	28.0	37.0
7	33.75771884423891	37.0	35.0	37.0	29.0	37.0
8	33.75808243937112	37.0	35.0	37.0	29.0	37.0
9	35.268849542464835	39.0	35.0	39.0	29.0	39.0
10-14	35.351429434163876	39.2	35.2	39.4	28.6	39.4
15-19	35.56711749392461	39.2	35.0	41.0	24.0	41.0
20-24	35.84975401109507	39.0	36.0	41.0	27.0	41.0
25-29	35.57247093101622	39.0	35.2	41.0	26.6	41.0
30-34	35.21453383487064	39.0	35.0	41.0	25.0	41.0
35-39	34.87320130477007	39.0	34.0	41.0	24.2	41.0
40-44	34.67183224175771	38.8	34.0	40.8	23.6	41.0
45-49	34.237841136291685	38.0	33.2	40.0	22.4	41.0
50-54	33.622492544877375	37.6	33.0	40.0	19.8	41.0
55-59	32.27002259735619	36.2	31.2	39.8	11.6	41.0
60-64	32.08826456070487	35.4	31.0	39.0	12.4	40.8
65-69	31.36232760219441	35.0	31.0	37.8	7.6	40.0
70-74	30.57263388503431	35.0	30.2	36.4	3.6	39.0
75-79	29.471644537802717	33.8	29.4	35.2	2.0	37.4
80-84	29.41642149508313	34.0	30.0	35.0	2.0	36.4
85-89	28.916723303427045	34.0	29.4	35.0	2.0	35.6
90-94	27.862238383210034	34.0	27.8	35.0	2.0	35.0
95-99	27.682357440295686	34.0	28.6	35.0	2.0	35.0
100	26.535483782695284	33.0	25.0	35.0	2.0	35.0
>>END_MODULE
>>Per sequence quality scores	pass
#Quality	Count
2	349347.0
3	110014.0
4	62539.0
5	48297.0
6	45424.0
7	46245.0
8	48857.0
9	53938.0
10	59324.0
11	63758.0
12	66960.0
13	69877.0
14	71202.0
15	71648.0
16	71343.0
17	70498.0
18	69292.0
19	68593.0
20	69533.0
21	73105.0
22	81544.0
23	96507.0
24	118196.0
25	145469.0
26	180936.0
27	220413.0
28	265985.0
29	318018.0
30	383542.0
31	466688.0
32	579814.0
33	743522.0
34	998978.0
35	1419071.0
36	2126965.0
37	2774671.0
38	1942530.0
39	310702.0
40	329.0
>>END_MODULE
>>Per base sequence content	fail
#Base	G	A	T	C
1	34.38723970628706	15.18688955328501	8.284971863383364	42.14089887704456
2	24.161966577151258	18.834968909844306	35.924082552867624	21.07898196013681
3	24.279546493530457	23.40048297454118	23.406694408361606	28.913276123566757
4	26.086278245049836	29.934677610423943	19.768560123007145	24.210484021519076
5	28.141064816966164	31.031267006817696	21.696353900860167	19.13131427535597
6	21.856885930087408	34.07864050487497	23.430470999096116	20.634002565941508
7	20.284408046293926	19.29498123451819	38.055111349807255	22.365499369380633
8	20.638005577652592	21.547119458192572	30.64896862473882	27.16590633941602
9	21.479006537237105	20.362007227706354	32.442665037867414	25.716321197189128
10-14	23.96493032731571	27.00451432703431	25.564180450213787	23.4663748954362
15-19	24.226872142379182	25.832490513441854	25.898395342396118	24.04224200178285
20-24	24.139698324759664	26.049640380487084	25.866547734367195	23.94411356038606
25-29	24.19946308689554	26.099305392260746	25.69003849517855	24.011193025665165
30-34	23.972178733248946	26.11308045946612	25.795377612310123	24.11936319497481
35-39	24.065156270448355	26.100872075098447	25.743091318144028	24.09088033630917
40-44	24.17868244443726	26.052932679171427	25.662413183452138	24.10597169293918
45-49	24.14976258783058	25.981013258448154	25.69183212179607	24.17739203192519
50-54	24.13367406389641	26.045632450489215	25.697668155014558	24.123025330599816
55-59	24.286697173532854	25.85965661007588	25.589755009521742	24.26389120686952
60-64	24.207139216460423	25.843186851047196	25.597835587586403	24.35183834490598
65-69	24.190584304053978	25.94182705718667	25.599859034324158	24.26772960443519
70-74	24.339261862641216	25.92044114213426	25.50714133646293	24.233155658761593
75-79	24.271984603898687	25.773951180562392	25.59061581289391	24.363448402645005
80-84	24.27715340817008	25.871288595974377	25.565147748994367	24.28641024686118
85-89	24.367707482501803	25.850230476053092	25.4554843860826	24.326577655362502
90-94	24.20687526832614	25.810312108867784	25.475342291659047	24.507470331147026
95-99	24.28436889532595	25.878098611612977	25.52145277357194	24.316079719489135
100	24.64747971134151	25.46363214487303	25.162034595694344	24.72685354809111
>>END_MODULE
>>Per base GC content	fail
#Base	%GC
1	76.52813858333163
2	45.24094853728807
3	53.192822617097214
4	50.29676226656892
5	47.27237909232214
6	42.490888496028916
7	42.64990741567456
8	47.80391191706861
9	47.195327734426236
10-14	47.43130522275191
15-19	48.26911414416203
20-24	48.08381188514572
25-29	48.210656112560706
30-34	48.091541928223755
35-39	48.156036606757525
40-44	48.28465413737644
45-49	48.32715461975577
50-54	48.25669939449623
55-59	48.550588380402374
60-64	48.558977561366405
65-69	48.45831390848917
70-74	48.572417521402805
75-79	48.63543300654369
80-84	48.56356365503126
85-89	48.694285137864306
90-94	48.71434559947317
95-99	48.600448614815086
100	49.37433325943262
>>END_MODULE
>>Per sequence GC content	warn
#GC Content	Count
0	3607.0
1	2717.0
2	1578.5
3	1351.5
4	1225.0
5	1013.0
6	931.5
7	944.5
8	1017.0
9	1056.5
10	1098.5
11	1189.0
12	1310.5
13	1437.5
14	1626.5
15	1920.0
16	2308.5
17	2990.0
18	3918.5
19	5342.5
20	7680.5
21	11230.0
22	15927.5
23	22098.5
24	30230.5
25	40425.0
26	53822.5
27	69769.0
28	87523.5
29	106398.5
30	126300.5
31	150983.5
32	177960.5
33	202208.0
34	224437.0
35	246931.5
36	265368.0
37	283812.0
38	302921.5
39	318907.5
40	335180.0
41	354545.5
42	377785.5
43	399041.0
44	422776.5
45	446844.5
46	475063.0
47	502525.5
48	523221.0
49	541517.5
50	562556.0
51	586718.5
52	603225.0
53	604302.5
54	592336.5
55	577521.0
56	557506.5
57	523716.0
58	479713.5
59	430512.0
60	374757.5
61	319391.5
62	269941.5
63	227012.5
64	187141.0
65	150950.5
66	122789.5
67	98675.0
68	78268.0
69	62212.5
70	47693.5
71	35228.0
72	25719.5
73	19955.0
74	15815.0
75	12369.5
76	8897.0
77	6364.5
78	4550.5
79	3326.0
80	3215.5
81	3132.5
82	2381.0
83	1608.0
84	1297.0
85	985.5
86	559.5
87	329.0
88	227.0
89	168.5
90	120.5
91	83.0
92	62.5
93	47.0
94	31.0
95	19.0
96	13.0
97	8.5
98	2.5
99	1.5
100	1.0
>>END_MODULE
>>Per base N content	pass
#Base	N-Count
1	0.12273367726759613
2	0.003251223238876719
3	0.003908241268399722
4	3.7420698939843837
5	0.008209338678163714
6	0.012469795797441749
7	0.013519669968329023
8	0.015355256421944836
9	0.018274583955186222
10-14	0.020784799230868956
15-19	0.172396112241438
20-24	0.005184346389658834
25-29	0.00567744858088847
30-34	0.015803654293639918
35-39	0.016252052165335
40-44	0.018429017059032864
45-49	0.007870669590780723
50-54	0.009176577591729539
55-59	0.9325388788725625
60-64	0.0023761023170790685
65-69	0.0024641562797986464
70-74	0.0036643995254839684
75-79	0.0030886620769328826
80-84	0.003621049882298945
85-89	0.004505653538543319
90-94	0.9965893313547833
95-99	0.010310441696287795
100	0.004219816828792074
>>END_MODULE
>>Sequence Length Distribution	pass
#Length	Count
100	1.4763674E7
>>END_MODULE
>>Sequence Duplication Levels	warn
#Total Duplicate Percentage	45.24283179228542
#Duplication Level	Relative count
1	100.0
2	24.205804344303537
3	9.520966765310387
4	5.429100181652268
5	3.6603358434890882
6	2.555071339024536
7	1.947858123608825
8	1.5751724843719352
9	1.360259941837161
10++	20.31094092463563
>>END_MODULE
>>Overrepresented sequences	pass
>>END_MODULE
>>Kmer Content	warn
#Sequence	Count	Obs/Exp Overall	Obs/Exp Max	Max Obs/Exp Position
TTTTT	7375780	4.707023	7.3087687	2
AAAAA	6825930	4.243872	6.739611	2
CTCCT	3258655	2.4493299	6.726149	1
CTCCA	3116925	2.3305993	6.8538575	1
CTCTG	3065355	2.3107247	5.1184864	1
TCCAG	3012225	2.2588494	5.0372663	7
CTGGA	2998885	2.255372	6.8101773	1
GAAGA	3165165	2.2306395	5.4044228	2
CTTCA	2991350	2.1179633	5.0174766	1
GAAAA	2973770	1.9684485	5.383906	2
GTTTT	2707570	1.8300662	6.7782946	1
CTCAG	2248085	1.6858253	5.7758965	1
GGAAA	2295495	1.6177423	6.1251974	1
CTGGG	1966325	1.5744538	5.473786	1
>>END_MODULE
