##FastQC	0.10.1
>>Basic Statistics	pass
#Measure	Value	
Filename	F_notatus_NA_transfer_2_R2.fastq.gz	
File type	Conventional base calls	
Encoding	Sanger / Illumina 1.9	
Total Sequences	12337870	
Filtered Sequences	0	
Sequence length	100	
%GC	49	
>>END_MODULE
>>Per base sequence quality	pass
#Base	Mean	Median	Lower Quartile	Upper Quartile	10th Percentile	90th Percentile
1	29.704946964103204	31.0	30.0	34.0	25.0	34.0
2	29.716714311303328	31.0	30.0	34.0	25.0	34.0
3	29.754968159009618	31.0	30.0	34.0	25.0	34.0
4	33.100733595020856	37.0	35.0	37.0	26.0	37.0
5	33.04055392057138	37.0	35.0	37.0	26.0	37.0
6	32.927635078015896	37.0	35.0	37.0	25.0	37.0
7	32.96987948487057	37.0	35.0	37.0	26.0	37.0
8	32.917812474924766	37.0	35.0	37.0	26.0	37.0
9	34.29312506940015	39.0	35.0	39.0	26.0	39.0
10-14	34.35841278924157	38.4	35.0	39.4	25.0	39.4
15-19	35.03946841715791	39.0	35.0	41.0	23.8	41.0
20-24	34.73895928551687	39.0	34.0	41.0	21.4	41.0
25-29	34.49839056498407	39.0	34.0	41.0	18.8	41.0
30-34	34.173535091551464	39.0	33.8	41.0	17.0	41.0
35-39	33.7503309242195	38.0	33.0	40.0	14.8	41.0
40-44	33.281938503161406	38.0	32.8	40.0	9.2	41.0
45-49	32.804644610455455	38.0	32.0	40.0	7.0	41.0
50-54	32.08092787490872	37.0	31.2	39.6	2.0	40.6
55-59	32.04777639900566	36.4	31.4	40.0	2.0	41.0
60-64	31.252484991331567	35.2	30.8	39.0	2.0	41.0
65-69	30.47270733116818	35.0	30.0	37.8	2.0	40.0
70-74	29.71181331947897	35.0	29.4	36.4	2.0	39.2
75-79	28.972788625589345	34.0	29.0	35.2	2.0	37.6
80-84	28.303107278646962	34.0	28.8	35.0	2.0	36.2
85-89	27.751920906931264	34.0	27.4	35.0	2.0	35.4
90-94	27.225053514099272	34.0	26.8	35.0	2.0	35.0
95-99	26.56736968374606	34.0	25.2	35.0	2.0	35.0
100	25.29654575708773	32.0	20.0	35.0	2.0	35.0
>>END_MODULE
>>Per sequence quality scores	pass
#Quality	Count
2	572971.0
3	89010.0
4	60839.0
5	48863.0
6	46841.0
7	48424.0
8	51144.0
9	56333.0
10	60224.0
11	62883.0
12	60657.0
13	59766.0
14	59885.0
15	60766.0
16	61461.0
17	60101.0
18	60892.0
19	61639.0
20	63441.0
21	67173.0
22	74414.0
23	87181.0
24	105623.0
25	127786.0
26	151525.0
27	178779.0
28	211646.0
29	251164.0
30	298575.0
31	361163.0
32	449383.0
33	572954.0
34	766305.0
35	1091832.0
36	1688700.0
37	2286188.0
38	1638411.0
39	282643.0
40	285.0
>>END_MODULE
>>Per base sequence content	fail
#Base	G	A	T	C
1	37.13407840119218	14.351347496417766	7.4819323328188885	41.032641769571164
2	25.71478039023445	17.52701761897869	38.2480524161879	18.51014957459896
3	25.7848361441713	22.55957665803409	23.41647144912544	28.239115748669168
4	27.293485565135793	29.224496984791497	19.46853154111549	24.01348590895722
5	29.333737481168082	30.29378320241911	21.60694012003288	18.765539196379923
6	22.56013058804354	33.48775656001382	23.097743982886673	20.85436886905597
7	20.72917525705482	18.764586428407107	37.78202523058325	22.724213083954822
8	20.955450578213256	21.304413751275053	30.03888810507248	27.701247565439207
9	22.459964514900328	20.33862733695591	31.28136664100583	25.92004150713793
10-14	24.541893300660913	26.451638389168053	25.262682565725086	23.743785744445947
15-19	24.76218413110403	25.172467639973174	25.750461863290607	24.31488636563219
20-24	24.596663978749138	25.65941311670671	25.60248583231981	24.14143707222435
25-29	24.656631323302207	25.751698534781625	25.39128601516631	24.20038412674986
30-34	24.482314107583385	25.623687627872105	25.566672144901485	24.32732611964303
35-39	24.540859161089994	25.727385027571508	25.450904510679724	24.28085130065877
40-44	24.679089038335974	25.57977031136521	25.402366884641758	24.338773765657056
45-49	24.661818748078822	25.5958243881233	25.337697865883086	24.404658997914787
50-54	24.554448787193987	25.656671321134223	25.448673619485064	24.340206272186727
55-59	24.755568061831113	25.507081299993274	25.288185065695394	24.449165572480215
60-64	24.67286037207072	25.453028388791605	25.286545369384715	24.587565869752957
65-69	24.572951941871377	25.53122574544528	25.428881115643577	24.466941197039766
70-74	24.70576938158914	25.545494219442453	25.318680662729452	24.430055736238955
75-79	24.64831204363356	25.49281861625432	25.295784114381004	24.563085225731115
80-84	24.69108369074743	25.55294145971026	25.28629373320169	24.46968111634062
85-89	24.838403911542557	25.47579943935422	25.161025060347285	24.524771588755936
90-94	24.739764217069354	25.413162815315804	25.193470398971378	24.65360256864346
95-99	24.754745819433964	25.480868484473834	25.296390824663934	24.46799487142827
100	25.254587539554606	25.14418259543758	24.746564201707855	24.85466566329996
>>END_MODULE
>>Per base GC content	fail
#Base	%GC
1	78.16672017076336
2	44.22492996483341
3	54.02395189284047
4	51.30697147409301
5	48.099276677548005
6	43.41449945709951
7	43.45338834100964
8	48.65669814365246
9	48.38000602203826
10-14	48.28567904510686
15-19	49.07707049673622
20-24	48.73810105097348
25-29	48.85701545005207
30-34	48.80964022722642
35-39	48.821710461748765
40-44	49.017862803993026
45-49	49.066477745993616
50-54	48.89465505938072
55-59	49.20473363431133
60-64	49.26042624182368
65-69	49.03989313891115
70-74	49.1358251178281
75-79	49.211397269364674
80-84	49.16076480708805
85-89	49.36317550029849
90-94	49.393366785712814
95-99	49.22274069086223
100	50.10925320285457
>>END_MODULE
>>Per sequence GC content	warn
#GC Content	Count
0	2824.0
1	1955.0
2	1018.5
3	915.0
4	844.5
5	768.0
6	706.5
7	716.0
8	762.5
9	803.5
10	859.5
11	892.0
12	998.0
13	1108.0
14	1198.0
15	1398.0
16	1651.0
17	2120.5
18	2887.0
19	3915.0
20	5488.0
21	7953.5
22	11286.5
23	15889.0
24	22179.5
25	29787.5
26	39813.5
27	51126.5
28	63137.5
29	77993.5
30	95566.0
31	113509.5
32	133708.0
33	151840.5
34	169125.5
35	188437.5
36	202741.5
37	217671.0
38	235823.5
39	251655.0
40	265575.5
41	279256.0
42	296638.5
43	319007.0
44	340229.5
45	360326.0
46	381366.5
47	400840.0
48	424199.0
49	448961.5
50	468666.0
51	486660.0
52	504537.5
53	511953.0
54	505059.0
55	495114.0
56	482392.5
57	456630.5
58	422979.0
59	385235.0
60	340037.5
61	294645.5
62	252754.5
63	214928.0
64	180759.5
65	149643.5
66	122032.5
67	99211.5
68	80103.0
69	63195.5
70	48306.5
71	36101.5
72	26900.0
73	20705.5
74	15957.5
75	12186.0
76	9234.5
77	6615.5
78	4537.0
79	3178.0
80	2473.0
81	1952.5
82	1548.0
83	1236.5
84	858.5
85	513.5
86	334.5
87	215.0
88	140.5
89	102.5
90	64.5
91	36.5
92	26.0
93	20.5
94	8.0
95	3.0
96	5.0
97	4.0
98	3.0
99	2.0
100	1.5
>>END_MODULE
>>Per base N content	pass
#Base	N-Count
1	0.04442419963899766
2	0.053210157020620256
3	0.04782835286803962
4	0.047714881093738226
5	0.04659637360419586
6	0.04830655534545266
7	0.0467908966458554
8	0.04093089001586173
9	0.05265900840258488
10-14	0.03805519104999485
15-19	0.04315655781751632
20-24	0.04576478760110132
25-29	0.02839874305694581
30-34	0.04401408022616546
35-39	0.03812975821596434
40-44	0.08682535964473609
45-49	0.0662999366989602
50-54	0.061903715957454565
55-59	0.07973013170020432
60-64	0.07720619523467179
65-69	0.07085825997518211
70-74	0.06347124746816103
75-79	0.06442116832159847
80-84	0.08039799414323542
85-89	0.0748103197715651
90-94	0.053733748207753854
95-99	0.067721575928422
100	0.07061186412241335
>>END_MODULE
>>Sequence Length Distribution	pass
#Length	Count
100	1.233787E7
>>END_MODULE
>>Sequence Duplication Levels	warn
#Total Duplicate Percentage	42.4549191793228
#Duplication Level	Relative count
1	100.0
2	22.099174370890395
3	9.45765560883967
4	5.280895173118439
5	3.5068637629571033
6	2.491718989469521
7	2.072312585488044
8	1.6537301626538785
9	1.3200177979927818
10++	16.91386101086007
>>END_MODULE
>>Overrepresented sequences	pass
>>END_MODULE
>>Kmer Content	warn
#Sequence	Count	Obs/Exp Overall	Obs/Exp Max	Max Obs/Exp Position
TTTTT	5757165	4.585954	7.9929304	2
AAAAA	5193025	4.1839423	6.4833326	2
CTCCT	2816600	2.515296	7.1563926	1
CTCCA	2643515	2.366108	6.638371	1
TCCAG	2564885	2.2689826	5.1246448	7
CTCTG	2557390	2.257207	5.332611	1
CTGGA	2563280	2.2411442	7.2259846	1
GAAGA	2592995	2.1923275	5.7084565	2
CTTCA	2466045	2.1247418	5.1452317	1
GGAGA	2284315	1.978468	5.2266183	1
GAAAA	2391190	1.9735519	5.475055	2
CTTTT	2310455	1.9119042	5.3561893	1
CTGAA	2217010	1.8922223	5.0874577	1
GTTTT	2246795	1.8375646	8.185982	1
CTTTG	2060130	1.7503357	5.1870675	1
GGAAG	1961180	1.6985976	5.667192	1
CTCAG	1904995	1.6852219	5.4844346	1
GGAAA	1963585	1.6601734	6.611468	1
CTGGG	1764730	1.5805973	6.2546844	1
GGGAG	1627205	1.4437255	5.281762	1
GTTTG	1693090	1.4217306	5.5936823	1
GGGAA	1504560	1.3031145	5.024204	1
GTCAG	1464170	1.2801629	5.0932665	1
>>END_MODULE
