##FastQC	0.10.1
>>Basic Statistics	pass
#Measure	Value	
Filename	F_grandis_NA_transfer_1_R2.fastq.gz	
File type	Conventional base calls	
Encoding	Sanger / Illumina 1.9	
Total Sequences	23696114	
Filtered Sequences	0	
Sequence length	100	
%GC	49	
>>END_MODULE
>>Per base sequence quality	fail
#Base	Mean	Median	Lower Quartile	Upper Quartile	10th Percentile	90th Percentile
1	28.908179206092612	31.0	30.0	34.0	20.0	34.0
2	28.788807903270552	31.0	30.0	34.0	16.0	34.0
3	28.870137820910212	31.0	30.0	34.0	16.0	34.0
4	32.163407932625574	35.0	33.0	37.0	19.0	37.0
5	32.109708157210925	35.0	33.0	37.0	19.0	37.0
6	31.9985843670401	35.0	32.0	37.0	17.0	37.0
7	31.975569158723662	35.0	33.0	37.0	17.0	37.0
8	31.900352099926597	35.0	32.0	37.0	17.0	37.0
9	33.224183762789124	38.0	33.0	39.0	17.0	39.0
10-14	33.30079799582328	38.2	33.0	39.4	16.6	39.4
15-19	33.88779536594059	39.0	33.0	41.0	13.2	41.0
20-24	33.60301585314791	39.0	33.0	41.0	10.0	41.0
25-29	33.334106014175994	38.4	32.4	40.8	8.4	41.0
30-34	32.946380052020345	38.0	32.0	40.0	3.0	41.0
35-39	32.500468026107576	38.0	31.2	40.0	2.0	41.0
40-44	32.0206212630476	38.0	30.8	40.0	2.0	41.0
45-49	31.580185637189288	37.0	30.0	40.0	2.0	41.0
50-54	30.70398506691857	36.0	29.4	39.2	2.0	40.6
55-59	30.66915016529714	35.4	29.4	39.6	2.0	41.0
60-64	29.887698109487484	35.0	28.6	38.8	2.0	40.6
65-69	29.04155288078037	34.8	28.0	37.2	2.0	39.8
70-74	28.356614455855503	34.0	27.0	35.8	2.0	39.0
75-79	27.620773431458	34.0	26.0	35.0	2.0	37.2
80-84	26.978234903832753	34.0	25.4	35.0	2.0	36.0
85-89	26.424614339718325	33.2	24.2	35.0	2.0	35.2
90-94	25.901306610864548	33.0	22.6	35.0	2.0	35.0
95-99	25.223218043262285	33.0	14.8	35.0	2.0	35.0
100	23.88452406162462	31.0	2.0	34.0	2.0	35.0
>>END_MODULE
>>Per sequence quality scores	pass
#Quality	Count
2	1535152.0
3	208631.0
4	135555.0
5	111407.0
6	109776.0
7	114409.0
8	120408.0
9	132567.0
10	144306.0
11	147804.0
12	140752.0
13	138034.0
14	137509.0
15	139130.0
16	138149.0
17	137152.0
18	135624.0
19	136693.0
20	139105.0
21	147295.0
22	162386.0
23	189816.0
24	228024.0
25	274792.0
26	328160.0
27	384207.0
28	444388.0
29	518922.0
30	609405.0
31	726849.0
32	887546.0
33	1114414.0
34	1460767.0
35	2026502.0
36	3007983.0
37	3916284.0
38	2755065.0
39	510394.0
40	752.0
>>END_MODULE
>>Per base sequence content	fail
#Base	G	A	T	C
1	36.872996849077346	14.08330423004433	6.3585603161214515	42.68513860475688
2	25.621768361761372	16.44924985971265	38.762290760092746	19.16669101843323
3	26.790611117279273	21.329855925566942	22.15965232566777	29.719880631486014
4	28.587330734868242	27.954868879735738	18.901123173898853	24.556677211497167
5	30.201210148003288	28.947835636755638	21.937676562953026	18.913277652288045
6	23.68209506548346	32.23569613343288	23.496592892622658	20.585615908460998
7	21.613867189165735	19.353336475105536	36.59435327103325	22.438443064695484
8	21.531240927208138	21.43921957176908	30.38233845190249	26.64720104912029
9	22.643179159752385	20.267809184995254	31.832176592066673	25.25683506318569
10-14	24.723105329849037	26.034761886062864	25.623539008951834	23.618593775136265
15-19	24.9763872759333	24.916793278156447	25.92586409396781	24.180955351942448
20-24	24.821220868700024	25.318232949155494	25.81446440757635	24.046081774568133
25-29	24.78118693049024	25.43555267872115	25.65465936354956	24.12860102723905
30-34	24.739706888169152	25.354947186982564	25.637770599328245	24.267575325520035
35-39	24.69790551318211	25.46766624855441	25.61998586894222	24.214442369321258
40-44	24.913788100321298	25.33018083699013	25.48254188607349	24.273489176615083
45-49	24.8578955021056	25.37088161918592	25.393881342402292	24.377341536306194
50-54	24.699715471391283	25.434254599250966	25.565423054555104	24.30060687480265
55-59	24.86535799553829	25.327816558168227	25.403203212101882	24.4036222341916
60-64	24.820684661459357	25.27531482932878	25.337263985507118	24.566736523704744
65-69	24.71547052354383	25.430742688271284	25.436667615116548	24.41711917306834
70-74	24.86896541138067	25.383786655031663	25.34645826475139	24.40078966883628
75-79	24.799579874618956	25.297929932089325	25.332767287177273	24.569722906114446
80-84	24.79593983145288	25.409237099619524	25.343714172294884	24.451108896632714
85-89	24.973622136376285	25.362144762107402	25.1680443220565	24.496188779459814
90-94	24.857460247754656	25.314735768938284	25.170666268246737	24.65713771506032
95-99	24.89168616002807	25.469758233457824	25.206790792592383	24.431764813921724
100	25.511332200911863	25.06995802075468	24.599445131773287	24.819264646560168
>>END_MODULE
>>Per base GC content	fail
#Base	%GC
1	79.55813545383423
2	44.7884593801946
3	56.51049174876529
4	53.14400794636541
5	49.11448780029134
6	44.26771097394446
7	44.052310253861215
8	48.17844197632843
9	47.900014222938076
10-14	48.3416991049853
15-19	49.15734262787574
20-24	48.867302643268154
25-29	48.90978795772929
30-34	49.00728221368919
35-39	48.91234788250337
40-44	49.187277276936385
45-49	49.235237038411796
50-54	49.00032234619394
55-59	49.26898022972989
60-64	49.3874211851641
65-69	49.132589696612165
70-74	49.269755080216946
75-79	49.369302780733406
80-84	49.247048728085595
85-89	49.4698109158361
90-94	49.514597962814975
95-99	49.3234509739498
100	50.33059684747203
>>END_MODULE
>>Per sequence GC content	warn
#GC Content	Count
0	14952.0
1	15519.0
2	15069.0
3	14270.5
4	12137.0
5	8313.5
6	6402.5
7	5853.0
8	5744.5
9	5722.0
10	5703.0
11	5851.5
12	6015.5
13	6248.0
14	6743.0
15	7343.0
16	8132.5
17	9532.5
18	11391.0
19	13888.0
20	17937.5
21	23218.0
22	29912.5
23	38909.0
24	51164.0
25	67483.0
26	87160.0
27	110865.0
28	135155.5
29	161572.5
30	194578.5
31	225741.5
32	255185.5
33	288767.5
34	316788.5
35	341451.0
36	367747.5
37	388080.0
38	412814.0
39	443093.0
40	469526.0
41	498187.0
42	525330.0
43	554225.0
44	594140.0
45	631340.0
46	668095.0
47	715955.5
48	761472.0
49	806154.5
50	855816.5
51	908697.5
52	946085.0
53	960996.0
54	964822.5
55	960808.5
56	937708.0
57	901243.0
58	855126.5
59	785224.0
60	700583.0
61	607846.0
62	525684.0
63	455241.5
64	384298.0
65	321538.5
66	269653.5
67	223879.0
68	183556.0
69	145484.0
70	110726.0
71	82260.0
72	60585.5
73	46146.0
74	36120.0
75	27858.5
76	20751.0
77	15236.0
78	11211.0
79	7665.0
80	5669.0
81	4392.5
82	3469.0
83	2784.0
84	2068.0
85	1516.5
86	1067.0
87	747.0
88	560.5
89	436.5
90	353.5
91	250.0
92	182.5
93	139.0
94	86.5
95	50.0
96	33.0
97	20.5
98	15.0
99	11.5
100	6.0
>>END_MODULE
>>Per base N content	pass
#Base	N-Count
1	0.031638098972683874
2	0.35391457012740574
3	0.07247179854046955
4	0.03928914251509762
5	0.048839231614095036
6	0.04050875177254802
7	0.046286070365799216
8	0.03891355350501774
9	0.03808641366259464
10-14	0.05361216611297531
15-19	0.05000651161620847
20-24	0.09573468459849577
25-29	0.036536792488422364
30-34	0.057235545034936955
35-39	0.04275215759005886
40-44	0.04611135817459352
45-49	0.04111222624941794
50-54	0.04126752597493412
55-59	0.0442654858935942
60-64	0.045932425882150976
65-69	0.04112741861387061
70-74	0.03592740986982085
75-79	0.039967734793983516
80-84	0.04886877232275301
85-89	0.054053588702350094
90-94	0.03887979269512292
95-99	0.04118650003118655
100	0.03970693253754603
>>END_MODULE
>>Sequence Length Distribution	pass
#Length	Count
100	2.3696114E7
>>END_MODULE
>>Sequence Duplication Levels	fail
#Total Duplicate Percentage	52.242527230687806
#Duplication Level	Relative count
1	100.0
2	27.283421316145088
3	11.781919289137768
4	6.897658004491499
5	4.6237154995576555
6	3.4288991940580007
7	2.6764274117498372
8	2.3108855640135717
9	1.8452085824559357
10++	33.58901818959567
>>END_MODULE
>>Overrepresented sequences	pass
>>END_MODULE
>>Kmer Content	fail
#Sequence	Count	Obs/Exp Overall	Obs/Exp Max	Max Obs/Exp Position
TTTTT	21305315	8.73845	12.180412	10-14
AAAAA	13294370	5.8498936	7.0671496	95-96
CTCCT	5492340	2.5518627	8.282342	1
TCCTC	5457005	2.5354455	5.140585	2
CTCCA	5170505	2.4363494	7.65213	1
CTGGA	5060525	2.283786	7.7062483	1
GAAGA	5116285	2.2781215	5.5567355	2
CTCTG	4914600	2.2346764	6.0512123	1
CTTCA	4672650	2.1121206	5.05709	1
GGAGA	4673210	2.093189	5.041783	1
GAAAA	4522370	2.001784	5.1190186	2
GGGGG	4393880	1.9915138	5.051861	1
CTTTT	4413035	1.8868395	6.8211446	1
CTGAA	4065465	1.8238918	5.134966	1
GTTTT	4318930	1.8071754	7.0499988	1
GGAAG	3852390	1.7255336	5.1905785	1
CTCAG	3697840	1.7052237	6.1952915	1
GGAAA	3625870	1.6144866	5.861582	1
GTGGA	3521810	1.5554364	5.313087	1
CTGGG	3364325	1.5273155	6.5750403	1
GGGAG	3245400	1.4622862	5.090374	1
GTCAG	2730440	1.2322319	5.0253134	1
>>END_MODULE
