##FastQC	0.10.1
>>Basic Statistics	pass
#Measure	Value	
Filename	F_sciadicus_NA_BW_2_R1.fastq.gz	
File type	Conventional base calls	
Encoding	Sanger / Illumina 1.9	
Total Sequences	9485042	
Filtered Sequences	0	
Sequence length	100	
%GC	48	
>>END_MODULE
>>Per base sequence quality	pass
#Base	Mean	Median	Lower Quartile	Upper Quartile	10th Percentile	90th Percentile
1	29.891517718108155	31.0	30.0	34.0	25.0	34.0
2	30.179950494684157	31.0	30.0	34.0	26.0	34.0
3	28.793611667718498	31.0	30.0	34.0	15.0	34.0
4	32.455123024231206	37.0	33.0	37.0	19.0	37.0
5	33.1353031436234	37.0	33.0	37.0	27.0	37.0
6	30.58537358084445	37.0	32.0	37.0	10.0	37.0
7	31.40322288504363	36.0	32.0	37.0	17.0	37.0
8	32.50361432242472	36.0	32.0	37.0	25.0	37.0
9	34.17666173750206	38.0	34.0	39.0	26.0	39.0
10-14	33.80356810228147	38.8	34.0	39.4	19.2	39.4
15-19	34.9465716229828	39.4	34.4	41.0	24.0	41.0
20-24	34.90984282410136	39.6	34.0	41.0	22.8	41.0
25-29	34.55002788601253	39.0	34.0	41.0	19.4	41.0
30-34	34.14531448569231	39.0	33.4	41.0	16.6	41.0
35-39	33.81838604404704	39.0	33.0	41.0	14.6	41.0
40-44	33.53893034949133	38.4	33.0	40.8	9.4	41.0
45-49	33.10547830995372	38.0	32.6	40.0	6.2	41.0
50-54	32.452662687207926	37.2	31.6	40.0	2.0	41.0
55-59	31.785640506388905	36.0	31.0	39.8	2.0	41.0
60-64	30.98764758237233	35.0	30.2	39.0	2.0	40.8
65-69	30.262016657385384	35.0	30.0	37.4	2.0	40.0
70-74	29.4655087452433	34.6	29.0	36.2	2.0	39.0
75-79	28.443590297227995	33.8	28.4	35.0	2.0	37.2
80-84	28.328001710482674	34.0	28.8	35.0	2.0	36.2
85-89	27.832337484641606	34.0	27.8	35.0	2.0	35.4
90-94	27.389370231570933	34.0	27.0	35.0	2.0	35.0
95-99	26.815740742107415	34.0	26.4	35.0	2.0	35.0
100	25.749192570786718	33.0	23.0	35.0	2.0	35.0
>>END_MODULE
>>Per sequence quality scores	pass
#Quality	Count
2	396791.0
3	117716.0
4	56760.0
5	39516.0
6	38606.0
7	38931.0
8	40504.0
9	42835.0
10	45537.0
11	47512.0
12	48818.0
13	50155.0
14	50794.0
15	50745.0
16	50395.0
17	49542.0
18	48389.0
19	46699.0
20	46054.0
21	46684.0
22	50982.0
23	59068.0
24	72096.0
25	89569.0
26	114812.0
27	150786.0
28	188439.0
29	197440.0
30	235431.0
31	276250.0
32	321346.0
33	416507.0
34	574583.0
35	832092.0
36	1289317.0
37	1758613.0
38	1281379.0
39	223031.0
40	318.0
>>END_MODULE
>>Per base sequence content	fail
#Base	G	A	T	C
1	34.17063593587891	15.497202511507066	8.150765932038125	42.1813956205759
2	23.33379970244456	18.67079742475686	38.12307062624234	19.87233224655624
3	24.406784793899362	23.76120167808254	22.693766712713607	29.13824681530449
4	26.264470350864855	30.12170525479616	19.252529467888376	24.36129492645061
5	27.912049278757433	30.980266901295277	21.55735796483861	19.550325855108678
6	21.29710163912933	35.429321166253345	22.84389537613655	20.42968181848077
7	20.17352215725324	18.840003492885355	38.233574474601284	22.75289987526012
8	20.647975666636892	21.06188793647221	30.657666699957954	27.632469696932944
9	22.01180588834817	20.36407113737454	31.682206206929138	25.94191676734815
10-14	23.973653199081497	26.950688929782135	25.341217185533488	23.73444068560288
15-19	24.389731552684673	25.444391124804504	25.877992773355068	24.287884549155752
20-24	24.18166343430515	25.826710174988715	25.811397046394646	24.18022934431149
25-29	24.228495013691052	25.839913838335953	25.7568248574798	24.1747662904932
30-34	24.076228027219894	25.886833518132836	25.63248204625307	24.404456408394203
35-39	24.20735475961354	25.85945453141737	25.587572442475288	24.34561826649381
40-44	24.36979008259094	25.82362094981058	25.475571785865093	24.331017181733394
45-49	24.294639892089126	25.85051539977728	25.46463887090248	24.390205837231115
50-54	24.317549359811252	25.888050177000345	25.37551493204333	24.418885531145072
55-59	24.508986357437358	25.585542120403957	25.374276660563826	24.53119486159486
60-64	24.510180634610716	25.5266140706293	25.364488784499805	24.598716510260175
65-69	24.426993663016773	25.659117252988082	25.335717652433086	24.57817143156206
70-74	24.62179748529564	25.660628883790892	25.18151567781327	24.536057953100197
75-79	24.517754419194528	25.58840004294931	25.270318325057943	24.62352721279822
80-84	24.543536830714153	25.48706168433744	25.29555264047409	24.67384884447431
85-89	24.574389839122063	25.641140912959198	25.104293511919924	24.68017573599882
90-94	24.522626209782892	25.55222750535781	25.18661974236792	24.738526542491375
95-99	24.37184539686803	25.58272454282634	25.2850844109523	24.76034564935333
100	24.586605529894438	25.307304230238913	24.89689391060371	25.20919632926294
>>END_MODULE
>>Per base GC content	fail
#Base	%GC
1	76.35203155645482
2	43.2061319490008
3	53.54503160920385
4	50.62576527731546
5	47.46237513386611
6	41.726783457610104
7	42.926422032513365
8	48.28044536356983
9	47.953722655696325
10-14	47.708093884684374
15-19	48.67761610184042
20-24	48.361892778616635
25-29	48.40326130418425
30-34	48.4806844356141
35-39	48.55297302610735
40-44	48.70080726432433
45-49	48.684845729320244
50-54	48.736434890956325
55-59	49.04018121903221
60-64	49.10889714487089
65-69	49.005165094578835
70-74	49.157855438395835
75-79	49.14128163199275
80-84	49.21738567518846
85-89	49.25456557512088
90-94	49.26115275227427
95-99	49.13219104622136
100	49.79580185915738
>>END_MODULE
>>Per sequence GC content	warn
#GC Content	Count
0	5088.0
1	3630.0
2	1913.5
3	1655.0
4	1557.0
5	1385.5
6	1312.0
7	1294.5
8	1334.5
9	1396.0
10	1382.5
11	1448.5
12	1509.0
13	1569.5
14	1718.0
15	1860.0
16	2114.0
17	2537.5
18	3182.0
19	4199.0
20	5805.5
21	8067.5
22	11138.5
23	15340.0
24	20766.5
25	27978.5
26	36542.5
27	45535.0
28	55467.5
29	67433.5
30	81447.5
31	96995.0
32	113524.5
33	127909.5
34	140504.5
35	152273.5
36	164541.5
37	177250.0
38	188890.0
39	199027.0
40	207553.5
41	218067.5
42	230703.5
43	246193.0
44	265663.0
45	283136.0
46	299378.5
47	312855.5
48	324803.5
49	335431.5
50	344785.0
51	361069.0
52	372562.0
53	371614.0
54	368791.0
55	364470.5
56	349984.5
57	326386.5
58	297904.5
59	269110.0
60	242254.5
61	216798.5
62	187402.0
63	153941.5
64	127163.5
65	108656.5
66	91818.5
67	79891.5
68	70179.0
69	55968.0
70	44217.5
71	33883.0
72	23050.5
73	17586.0
74	17137.0
75	16385.5
76	13951.0
77	11276.0
78	9027.0
79	7160.0
80	7449.5
81	7585.0
82	4989.5
83	2948.5
84	2444.0
85	2042.5
86	1319.5
87	763.5
88	456.5
89	302.0
90	204.5
91	136.5
92	82.5
93	47.5
94	32.5
95	18.5
96	12.5
97	8.5
98	5.0
99	3.5
100	0.5
>>END_MODULE
>>Per base N content	pass
#Base	N-Count
1	0.027495924635863502
2	0.004459653420617431
3	3.218530819368011
4	0.007749043177668586
5	0.01777535618714182
6	2.215899518420688
7	0.03067988523403481
8	0.032482723850880156
9	0.03156549016862551
10-14	0.9564259177766423
15-19	0.02309531154421878
20-24	0.01767203561143957
25-29	0.015540258018889109
30-34	0.03790178261730417
35-39	0.03928290459863014
40-44	0.02789655543960691
45-49	0.020630377809608014
50-54	0.01642164578712461
55-59	0.00408010844864999
60-64	0.005537139424369444
65-69	0.0019167021084355769
70-74	0.002836044373867823
75-79	0.003926181876685417
80-84	0.002825501457979838
85-89	0.0023595045757309244
90-94	0.009948295431902147
95-99	0.022285615604021574
100	0.01693192291610306
>>END_MODULE
>>Sequence Length Distribution	pass
#Length	Count
100	9485042.0
>>END_MODULE
>>Sequence Duplication Levels	warn
#Total Duplicate Percentage	38.93529541001395
#Duplication Level	Relative count
1	100.0
2	16.13016917293233
3	6.290384163533835
4	3.520030545112782
5	2.409098919172932
6	1.7849800281954886
7	1.458969689849624
8	1.090372415413534
9	0.9582060620300752
10++	13.209292763157896
>>END_MODULE
>>Overrepresented sequences	pass
>>END_MODULE
>>Kmer Content	warn
#Sequence	Count	Obs/Exp Overall	Obs/Exp Max	Max Obs/Exp Position
TTTTT	5681435	5.849694	9.142348	2
AAAAA	4541630	4.576871	7.143389	2
CTCCT	1945640	2.232396	7.0762477	1
CTCCA	1951485	2.2295144	6.885145	1
GAAGA	1926390	2.1360817	5.144801	2
CTGGA	1836835	2.1298497	6.6013722	1
CTCTG	1799515	2.080085	5.0184	1
TCCAG	1791335	2.061763	5.0264993	7
GAAAA	1874595	1.9816306	5.4746757	2
CTTCA	1741015	1.9185348	5.012198	1
CTTTT	1767910	1.8871791	5.754637	1
GTTTT	1687335	1.8145595	7.2887325	1
CTGAA	1636805	1.8093283	5.331367	1
GGAAA	1457785	1.6164681	6.48321	1
CTCAG	1395225	1.6058545	5.426631	1
CTGGG	1264505	1.5380051	5.6811724	1
>>END_MODULE
