##FastQC	0.10.1
>>Basic Statistics	pass
#Measure	Value	
Filename	F_notatus_NA_FW_1_R2.fastq.gz	
File type	Conventional base calls	
Encoding	Sanger / Illumina 1.9	
Total Sequences	9002231	
Filtered Sequences	0	
Sequence length	100	
%GC	49	
>>END_MODULE
>>Per base sequence quality	pass
#Base	Mean	Median	Lower Quartile	Upper Quartile	10th Percentile	90th Percentile
1	29.125401136673787	31.0	30.0	34.0	23.0	34.0
2	29.00852610869461	31.0	30.0	34.0	18.0	34.0
3	29.09797226931857	31.0	30.0	34.0	20.0	34.0
4	32.41596299850559	37.0	33.0	37.0	22.0	37.0
5	32.371889368313255	35.0	33.0	37.0	22.0	37.0
6	32.26165180609118	36.0	33.0	37.0	21.0	37.0
7	32.23400832526959	36.0	33.0	37.0	20.0	37.0
8	32.17275728649931	36.0	33.0	37.0	19.0	37.0
9	33.509546355786696	38.0	33.0	39.0	19.0	39.0
10-14	33.60798804207535	38.2	33.2	39.4	17.6	39.4
15-19	34.20628244265227	39.0	33.4	41.0	17.2	41.0
20-24	33.93280525683022	39.0	33.2	41.0	15.4	41.0
25-29	33.69786296308104	38.8	33.0	41.0	11.0	41.0
30-34	33.32948607961738	38.0	32.8	40.2	8.4	41.0
35-39	32.877372309153145	38.0	32.0	40.0	4.8	41.0
40-44	32.38803912052468	38.0	31.2	40.0	2.0	41.0
45-49	31.944044870654842	37.2	31.0	40.0	2.0	41.0
50-54	31.067448969038896	36.0	29.8	39.4	2.0	40.6
55-59	31.04564379652111	35.6	30.0	39.6	2.0	41.0
60-64	30.27454103321721	35.0	29.2	38.8	2.0	40.8
65-69	29.443240370081593	35.0	28.8	37.2	2.0	39.8
70-74	28.765610524768807	34.0	28.2	35.8	2.0	39.0
75-79	28.04156860671538	34.0	27.2	35.0	2.0	37.2
80-84	27.41062661022584	34.0	26.4	35.0	2.0	36.0
85-89	26.86746432078893	34.0	25.2	35.0	2.0	35.2
90-94	26.355955540354387	33.0	24.4	35.0	2.0	35.0
95-99	25.697625977382717	33.0	21.8	35.0	2.0	35.0
100	24.37150435264325	32.0	15.0	35.0	2.0	35.0
>>END_MODULE
>>Per sequence quality scores	pass
#Quality	Count
2	537286.0
3	72192.0
4	46987.0
5	40206.0
6	40787.0
7	40173.0
8	41553.0
9	45419.0
10	49083.0
11	50833.0
12	49494.0
13	49224.0
14	50034.0
15	51172.0
16	50976.0
17	50163.0
18	49598.0
19	49965.0
20	51176.0
21	53416.0
22	59264.0
23	68750.0
24	83879.0
25	100888.0
26	122120.0
27	143155.0
28	167017.0
29	194374.0
30	231632.0
31	276390.0
32	340751.0
33	431615.0
34	568408.0
35	784891.0
36	1165537.0
37	1522476.0
38	1074532.0
39	196545.0
40	270.0
>>END_MODULE
>>Per base sequence content	fail
#Base	G	A	T	C
1	39.9938016381988	13.512439838775919	8.13970027398137	38.35405824904391
2	28.178246462571206	16.8969294725691	33.744257362881164	21.180566701978535
3	27.779677480818865	21.360953928594537	21.053391018100267	29.80597757248633
4	29.653440842744814	27.053613717807355	18.35964058523254	24.93330485421529
5	30.70397526788457	28.496047582826044	21.08362604323052	19.71635110605886
6	24.27885408805213	32.07384119837084	22.632806725460846	21.014497988116176
7	21.379718874944086	19.08359566670649	36.8211696780593	22.715515780290126
8	21.85835593058542	21.363062986073366	29.672647025125155	27.105934058216064
9	23.217411210892397	20.695199348340903	30.522182969071753	25.565206471694946
10-14	24.666531113778156	26.445439373303742	25.29194831180303	23.596081201115073
15-19	25.038080804369372	24.990074550953032	25.66238660364793	24.309458041029664
20-24	24.98692747348502	25.35002726584122	25.484383973671797	24.178661287001965
25-29	24.86685300763181	25.483335306210638	25.431663404936707	24.21814828122085
30-34	24.885801400240393	25.287347429814865	25.467201957632486	24.359649212312263
35-39	24.922676400639432	25.36823743713363	25.364409959807265	24.34467620241967
40-44	25.2018495357534	25.285304653188483	25.179155327342063	24.33369048371605
45-49	25.001684208776275	25.33202250658586	25.217198475452662	24.4490948091852
50-54	24.959264659932646	25.414415822884095	25.24076803058061	24.385551486602647
55-59	25.261830369035405	25.14466854579908	25.112505779351284	24.48099530581423
60-64	25.07638894831678	25.11403134510276	25.14280271705421	24.666776989526255
65-69	24.856350222558245	25.206401814676983	25.29522107440698	24.642026888357783
70-74	25.035929960729913	25.324238655439252	25.10878001889461	24.53105136493623
75-79	24.949522898233234	25.31488414331885	25.08908269687648	24.64651026157144
80-84	24.910028843450778	25.288578434943215	25.145687089336587	24.65570563226942
85-89	25.079189651390365	25.330351821321965	24.94837690112737	24.64208162616029
90-94	24.94920122971886	25.360498852225504	24.952630673186864	24.737669244868776
95-99	24.97385573048537	25.441228653421483	24.968814800153673	24.616100815939475
100	25.437355740005845	25.02746565820341	24.515447557428953	25.019731044361787
>>END_MODULE
>>Per base GC content	fail
#Base	%GC
1	78.3478598872427
2	49.35881316454974
3	57.585655053305196
4	54.5867456969601
5	50.42032637394344
6	45.29335207616831
7	44.09523465523421
8	48.96428998880148
9	48.78261768258734
10-14	48.262612314893225
15-19	49.347538845399036
20-24	49.16558876048698
25-29	49.085001288852666
30-34	49.24545061255265
35-39	49.26735260305911
40-44	49.53554001946945
45-49	49.45077901796148
50-54	49.344816146535294
55-59	49.742825674849634
60-64	49.74316593784303
65-69	49.49837711091603
70-74	49.56698132566614
75-79	49.59603315980467
80-84	49.5657344757202
85-89	49.72127127755066
90-94	49.686870474587636
95-99	49.589956546424844
100	50.45708678436763
>>END_MODULE
>>Per sequence GC content	warn
#GC Content	Count
0	10337.0
1	6601.0
2	2611.0
3	2373.5
4	2296.0
5	2042.5
6	1893.0
7	1947.5
8	1985.5
9	1965.0
10	1942.5
11	1927.5
12	1975.5
13	2059.5
14	2108.5
15	2203.5
16	2462.0
17	2764.0
18	3160.0
19	3921.5
20	5057.5
21	6577.0
22	8845.5
23	12156.5
24	16684.0
25	21813.5
26	28143.0
27	35784.5
28	44005.5
29	54332.5
30	66952.0
31	79728.0
32	93676.5
33	105911.5
34	117642.0
35	129401.0
36	138657.0
37	150004.5
38	160895.5
39	171112.5
40	180202.5
41	187537.5
42	200881.0
43	218187.0
44	232883.0
45	244546.0
46	262501.0
47	278660.0
48	294296.5
49	313270.0
50	326447.5
51	340350.0
52	361368.5
53	371105.5
54	361468.5
55	358017.5
56	354891.5
57	338555.5
58	316032.0
59	289874.0
60	259538.5
61	227949.5
62	196821.0
63	167627.0
64	143004.5
65	122457.5
66	103710.5
67	86583.0
68	73518.5
69	60937.0
70	47805.5
71	35673.5
72	25113.5
73	20046.5
74	17942.0
75	16323.0
76	14081.5
77	10815.0
78	8008.0
79	6228.0
80	5330.5
81	5116.0
82	4521.0
83	3667.0
84	2561.5
85	1498.0
86	1002.0
87	773.5
88	580.0
89	405.0
90	267.5
91	175.5
92	109.5
93	71.0
94	43.0
95	22.0
96	13.5
97	12.0
98	7.0
99	3.5
100	3.5
>>END_MODULE
>>Per base N content	pass
#Base	N-Count
1	0.03420263265850432
2	0.34150423378382533
3	0.07412606941545935
4	0.04248946733315331
5	0.05219817176431043
6	0.04385579530229784
7	0.04949884089843951
8	0.04130087308357228
9	0.04066769670762725
10-14	0.055595107479468144
15-19	0.05168940899205986
20-24	0.09508976163797618
25-29	0.03921028020720641
30-34	0.06003400712556699
35-39	0.045957496536136434
40-44	0.04821693644608764
45-49	0.04377137178550517
50-54	0.04334258918705819
55-59	0.04719718923009196
60-64	0.04885455616502176
65-69	0.04396021386254141
70-74	0.03858599051723956
75-79	0.04214955159448808
80-84	0.0513783749828237
85-89	0.05660596800948565
90-94	0.04094984898743433
95-99	0.04323372728382553
100	0.041334198155990445
>>END_MODULE
>>Sequence Length Distribution	pass
#Length	Count
100	9002231.0
>>END_MODULE
>>Sequence Duplication Levels	warn
#Total Duplicate Percentage	43.38354804091393
#Duplication Level	Relative count
1	100.0
2	18.096945958487687
3	7.125048174103175
4	4.196062701053145
5	2.8204462691614953
6	2.2297727755362073
7	1.842806918194474
8	1.5156162745884556
9	1.293818770990145
10++	18.182676199240227
>>END_MODULE
>>Overrepresented sequences	warn
#Sequence	Count	Percentage	Possible Source
TTTTTTTTTTTTTTTTTTTTTTTTTTTTTTTTTTTTTTTTTTTTTTTTTT	20660	0.22949866538639146	No Hit
>>END_MODULE
>>Kmer Content	fail
#Sequence	Count	Obs/Exp Overall	Obs/Exp Max	Max Obs/Exp Position
TTTTT	6475025	7.4176154	10.817538	2
AAAAA	4297565	5.0164285	6.713878	70-74
CTCCT	1925860	2.3830452	6.27274	1
CTCCA	1845795	2.292561	5.525054	1
GAAGA	1923630	2.222	5.0233994	2
GGGGG	1934705	2.19995	6.4348397	1
CTGGA	1772825	2.0854042	5.671511	1
GGAGA	1707970	1.9625827	5.086214	2
GTTTT	1551835	1.7751025	6.3382745	1
GGAAG	1466495	1.6851101	5.0849314	1
GGAAA	1433670	1.6560435	6.114168	1
CTGGG	1291295	1.5110366	5.7207417	1
GCCAG	1244440	1.5019652	5.157417	1
GGGAG	1284935	1.4687707	5.8435597	1
GGGAA	1193910	1.37189	5.2696767	1
GGGGA	1195015	1.3659859	5.785234	1
CGGGG	978325	1.1431092	5.2499175	1
>>END_MODULE
