##FastQC	0.10.1
>>Basic Statistics	pass
#Measure	Value	
Filename	A_xenica_NA_BW_1_R2.fastq.gz	
File type	Conventional base calls	
Encoding	Sanger / Illumina 1.9	
Total Sequences	19503575	
Filtered Sequences	0	
Sequence length	100	
%GC	51	
>>END_MODULE
>>Per base sequence quality	pass
#Base	Mean	Median	Lower Quartile	Upper Quartile	10th Percentile	90th Percentile
1	29.286964928224698	31.0	30.0	34.0	23.0	34.0
2	29.180368778544448	31.0	30.0	34.0	22.0	34.0
3	29.259106702232796	31.0	30.0	34.0	22.0	34.0
4	32.59719779578872	37.0	33.0	37.0	24.0	37.0
5	32.54236584831242	37.0	33.0	37.0	24.0	37.0
6	32.443349642309165	36.0	33.0	37.0	23.0	37.0
7	32.4191878668398	36.0	33.0	37.0	23.0	37.0
8	32.35844038849288	36.0	33.0	37.0	22.0	37.0
9	33.71079112419133	38.0	34.0	39.0	22.0	39.0
10-14	33.800408314885864	38.2	34.0	39.4	20.6	39.4
15-19	34.43077492203353	39.0	34.0	41.0	17.8	41.0
20-24	34.18984972754995	39.0	34.0	41.0	17.4	41.0
25-29	33.94707676925897	39.0	33.0	41.0	15.8	41.0
30-34	33.58389356823044	38.2	33.0	40.4	10.6	41.0
35-39	33.14890948967049	38.0	32.2	40.0	8.4	41.0
40-44	32.665001047243905	38.0	31.6	40.0	3.8	41.0
45-49	32.2231201407947	37.4	31.0	40.0	2.0	41.0
50-54	31.32726039200506	36.0	30.2	39.4	2.0	40.6
55-59	31.28483533916218	35.6	30.4	39.6	2.0	41.0
60-64	30.484686176765024	35.0	29.6	38.6	2.0	40.6
65-69	29.626096610493203	35.0	29.0	36.8	2.0	39.8
70-74	28.935281506082863	34.0	28.8	35.6	2.0	38.8
75-79	28.212571090171934	34.0	27.6	35.0	2.0	36.8
80-84	27.596659617531657	34.0	26.8	35.0	2.0	35.8
85-89	27.06501938234401	34.0	25.8	35.0	2.0	35.0
90-94	26.557488419430797	33.0	24.8	35.0	2.0	35.0
95-99	25.874811053870893	33.0	22.8	35.0	2.0	35.0
100	24.447585173487425	32.0	16.0	34.0	2.0	35.0
>>END_MODULE
>>Per sequence quality scores	pass
#Quality	Count
2	1067899.0
3	154331.0
4	101943.0
5	83008.0
6	80422.0
7	83874.0
8	91972.0
9	99522.0
10	104592.0
11	107567.0
12	105464.0
13	103504.0
14	103955.0
15	104418.0
16	104577.0
17	103418.0
18	102602.0
19	103718.0
20	106351.0
21	112805.0
22	126050.0
23	147564.0
24	179393.0
25	218525.0
26	262473.0
27	310362.0
28	363303.0
29	426505.0
30	503993.0
31	607389.0
32	747089.0
33	946562.0
34	1248937.0
35	1748621.0
36	2644163.0
37	3415560.0
38	2245125.0
39	335720.0
40	299.0
>>END_MODULE
>>Per base sequence content	fail
#Base	G	A	T	C
1	36.389388299868024	13.513352434189777	6.399021134534659	43.69823813140754
2	27.25009549068944	16.298740757360243	35.95988022849458	20.491283523455735
3	27.05245461086909	21.01698600819059	20.7613841740309	31.169175206909415
4	29.249882830499164	27.3914106612884	17.489809446511128	25.8688970617013
5	30.993665452889697	28.738720169296084	20.47557889015074	19.79203548766348
6	24.08704530643158	32.543878254754325	21.55761424581056	21.811462193003536
7	21.64964377059059	18.53369124787326	36.5220875981627	23.29457738337345
8	21.924691794023076	20.709554032638838	29.135366470749506	28.230387702588573
9	22.957517400098475	19.775619503826558	30.526249270160434	26.740613825914533
10-14	25.36276275691477	25.756876775068783	24.300681293366637	24.57967917464981
15-19	25.641311231132953	24.448980451564193	24.664123876632623	25.24558444067024
20-24	25.491596561849573	24.71217190386738	24.686724901399153	25.1095066328839
25-29	25.552077391384053	24.72490624575392	24.517782877307077	25.205233485554952
30-34	25.365437677675168	24.7070134860746	24.547380824248602	25.38016801200163
35-39	25.422493410674406	24.786734918879272	24.526144254023855	25.26462741642247
40-44	25.613894820041555	24.63804454034604	24.429101875976965	25.31895876363544
45-49	25.603101863701035	24.648732769390197	24.36644727519884	25.381718091709928
50-54	25.485239438458258	24.721361323731212	24.480434222976374	25.312965014834155
55-59	25.664670067077516	24.557150032129886	24.333910544466026	25.444269356326572
60-64	25.61706313906565	24.455447792513997	24.38726587943131	25.540223188989046
65-69	25.57542960785953	24.55303900361417	24.384863870771113	25.48666751775519
70-74	25.740449016899774	24.488503219108498	24.345274774946258	25.42577298904547
75-79	25.648773764351784	24.438493831366404	24.348857448502937	25.563874955778875
80-84	25.63835746056097	24.464724834570823	24.365247870182156	25.531669834686042
85-89	25.79718763982716	24.460016100044733	24.214552852536407	25.528243407591695
90-94	25.62675775556546	24.366448329545857	24.298641519657956	25.708152395230726
95-99	25.72146485845933	24.485309589215923	24.29827870400568	25.494946848319067
100	26.23465386686495	23.98724061827819	23.84359062506444	25.93451488979242
>>END_MODULE
>>Per base GC content	fail
#Base	%GC
1	80.08762643127557
2	47.741379014145174
3	58.221629817778506
4	55.118779892200465
5	50.78570094055318
6	45.89850749943511
7	44.944221153964044
8	50.155079496611656
9	49.69813122601301
10-14	49.94244193156458
15-19	50.88689567180319
20-24	50.601103194733476
25-29	50.757310876939
30-34	50.7456056896768
35-39	50.68712082709688
40-44	50.932853583676994
45-49	50.98481995541096
50-54	50.79820445329241
55-59	51.10893942340409
60-64	51.157286328054695
65-69	51.06209712561471
70-74	51.16622200594524
75-79	51.21264872013066
80-84	51.170027295247024
85-89	51.32543104741886
90-94	51.33491015079619
95-99	51.216411706778395
100	52.16916875665737
>>END_MODULE
>>Per sequence GC content	warn
#GC Content	Count
0	2813.0
1	1773.0
2	656.0
3	544.5
4	502.5
5	518.5
6	515.0
7	503.0
8	552.5
9	584.0
10	596.5
11	635.0
12	693.5
13	765.5
14	815.5
15	943.0
16	1110.0
17	1321.5
18	1739.5
19	2344.0
20	3301.0
21	4974.0
22	7609.5
23	11400.5
24	16483.5
25	22989.5
26	31500.5
27	42559.5
28	55317.0
29	69818.5
30	86937.0
31	108110.5
32	131869.0
33	156726.0
34	179798.5
35	204720.0
36	230166.0
37	256028.0
38	285725.0
39	319924.0
40	353462.5
41	382680.5
42	414360.5
43	454068.5
44	501886.5
45	536035.0
46	570395.5
47	617750.0
48	669565.5
49	715871.0
50	749228.0
51	788138.5
52	830117.5
53	852799.0
54	856205.5
55	853451.0
56	840732.0
57	814354.5
58	769182.0
59	707162.0
60	626762.0
61	550195.0
62	488126.5
63	423146.5
64	361126.0
65	302542.5
66	251163.5
67	209508.5
68	172868.0
69	136888.0
70	104446.5
71	78884.5
72	59833.5
73	47114.5
74	38193.0
75	32126.0
76	25377.5
77	18868.0
78	14252.5
79	9986.0
80	7338.5
81	5533.5
82	4778.0
83	4427.5
84	3065.5
85	1696.5
86	1080.5
87	727.0
88	492.0
89	336.0
90	236.5
91	172.0
92	123.0
93	78.0
94	52.0
95	40.5
96	29.0
97	18.5
98	12.5
99	5.0
100	1.0
>>END_MODULE
>>Per base N content	pass
#Base	N-Count
1	0.034444967140639604
2	0.3173213116056928
3	0.07120233085472792
4	0.04262808228747807
5	0.05205712286080886
6	0.043274117693807415
7	0.04889360027584686
8	0.041479574898448106
9	0.040259285797603774
10-14	0.055060674773727385
15-19	0.051141393308662644
20-24	0.0901701354751629
25-29	0.039264596362461754
30-34	0.060627859251444934
35-39	0.0458356993525546
40-44	0.0488064367686437
45-49	0.043888364056333264
50-54	0.044260603504742084
55-59	0.0474989841605962
60-64	0.048959229269505716
65-69	0.04378992056584498
70-74	0.038901585991286215
75-79	0.042895725527243085
80-84	0.05238936964120681
85-89	0.05746023485437926
90-94	0.04198204688114871
95-99	0.044161134561227874
100	0.042417864417164546
>>END_MODULE
>>Sequence Length Distribution	pass
#Length	Count
100	1.9503575E7
>>END_MODULE
>>Sequence Duplication Levels	fail
#Total Duplicate Percentage	52.46941903040202
#Duplication Level	Relative count
1	100.0
2	26.511955671824772
3	12.135224102479945
4	6.982266799239317
5	4.7571700244229715
6	3.5987682327615333
7	2.8873164657161334
8	2.278190190267494
9	1.8901255900609126
10++	32.025948200133215
>>END_MODULE
>>Overrepresented sequences	pass
>>END_MODULE
>>Kmer Content	warn
#Sequence	Count	Obs/Exp Overall	Obs/Exp Max	Max Obs/Exp Position
AAAAA	6311790	3.904803	5.897203	2
TTTTT	6283140	3.8817196	5.6964073	2
TCCTC	4771145	2.5842893	5.3065605	2
CTCCT	4739645	2.5672274	8.074129	1
GAAGA	4308110	2.4005125	6.086483	2
CTCCA	4392760	2.379994	7.202885	1
TCCAG	4208720	2.2617078	5.079665	7
CTGGA	4233955	2.256736	6.989064	1
CTCTG	4145960	2.2273667	5.4081984	1
GGAGA	3881125	2.0523908	5.016906	2
GAAAA	3283280	1.9277016	5.0490875	2
CTGAA	3382880	1.8999221	5.051006	1
GTTTT	2947525	1.7286618	5.9631643	1
GGAAG	3231625	1.7089264	5.2844543	1
CTCAG	3152375	1.6940426	5.5620146	1
GGAAA	2855295	1.5909923	5.6794844	1
CTGGG	2874605	1.4541124	5.852456	1
GATCT	2389255	1.3415039	5.021092	5
>>END_MODULE
