##FastQC	0.10.1
>>Basic Statistics	pass
#Measure	Value	
Filename	F_diaphanus_NA_BW_1_R2.fastq.gz	
File type	Conventional base calls	
Encoding	Sanger / Illumina 1.9	
Total Sequences	9304027	
Filtered Sequences	0	
Sequence length	100	
%GC	50	
>>END_MODULE
>>Per base sequence quality	fail
#Base	Mean	Median	Lower Quartile	Upper Quartile	10th Percentile	90th Percentile
1	29.25973183439816	31.0	30.0	34.0	24.0	34.0
2	29.12580144060201	31.0	30.0	34.0	22.0	34.0
3	29.221425840660178	31.0	30.0	34.0	22.0	34.0
4	32.594413687750475	35.0	33.0	37.0	25.0	37.0
5	32.53100286574835	35.0	33.0	37.0	24.0	37.0
6	32.41965161966964	35.0	33.0	37.0	23.0	37.0
7	32.385254900915484	35.0	33.0	37.0	23.0	37.0
8	32.316378058662124	35.0	33.0	37.0	22.0	37.0
9	33.64742987095803	38.0	33.0	39.0	22.0	39.0
10-14	33.7364633830061	38.2	33.2	39.4	20.6	39.4
15-19	34.31467584950044	39.0	33.4	41.0	18.0	41.0
20-24	34.01434740032461	39.0	33.2	41.0	17.0	41.0
25-29	33.707813079218276	38.2	33.0	40.4	14.4	41.0
30-34	33.28120728798401	38.0	32.4	40.0	9.0	41.0
35-39	32.785204277674595	38.0	31.8	40.0	6.6	41.0
40-44	32.244877750247284	37.6	31.0	40.0	2.0	41.0
45-49	31.753167676749	37.0	30.2	40.0	2.0	41.0
50-54	30.8603412479349	35.6	29.4	39.0	2.0	40.4
55-59	30.80322453922372	35.2	29.8	39.0	2.0	41.0
60-64	29.996162908813574	35.0	28.8	38.4	2.0	40.4
65-69	29.13332360277974	34.4	28.2	36.6	2.0	39.6
70-74	28.438234454822627	34.0	27.4	35.6	2.0	38.8
75-79	27.706691091932555	34.0	26.4	35.0	2.0	36.8
80-84	27.06568996414133	33.6	25.4	35.0	2.0	35.8
85-89	26.49723344525978	33.0	24.6	35.0	2.0	35.0
90-94	25.93285073226894	33.0	23.2	35.0	2.0	35.0
95-99	25.187680624744537	33.0	15.2	35.0	2.0	35.0
100	23.731608367000653	31.0	2.0	34.0	2.0	35.0
>>END_MODULE
>>Per sequence quality scores	pass
#Quality	Count
2	488726.0
3	76161.0
4	52710.0
5	44409.0
6	43728.0
7	45927.0
8	48721.0
9	53191.0
10	57356.0
11	58396.0
12	56180.0
13	55216.0
14	54843.0
15	55368.0
16	55542.0
17	55368.0
18	55243.0
19	56040.0
20	57879.0
21	61422.0
22	67699.0
23	77964.0
24	94039.0
25	112964.0
26	135376.0
27	159450.0
28	185664.0
29	218390.0
30	258382.0
31	308977.0
32	380294.0
33	478901.0
34	627792.0
35	860364.0
36	1244109.0
37	1484904.0
38	930246.0
39	145922.0
40	164.0
>>END_MODULE
>>Per base sequence content	fail
#Base	G	A	T	C
1	44.61595708320714	12.755590404251684	7.31512979938741	35.31332271315377
2	29.390676330881078	18.719504160422538	27.58968512148343	24.30013438721295
3	28.452486069599843	21.899782856761824	19.47043507159059	30.177296002047747
4	32.3326888117862	25.304891521787304	18.421818582972264	23.940601083454233
5	31.181246334553663	25.917713780873893	21.929181264829804	20.971858619742644
6	26.64502326017483	29.593580780964697	22.906621897487497	20.85477406137297
7	23.82735903469568	20.29755435191681	33.50371421431604	22.37137239907148
8	23.704851775930948	22.1130430622061	28.510039389868304	25.672065771994646
9	23.090496100933606	21.213333895298927	30.73151147528011	24.964658528487355
10-14	25.788534028280075	25.30903230541888	24.788626567699595	24.113807098601452
15-19	25.811996312397454	24.179082311346335	25.120961152540737	24.88796022371547
20-24	25.525964362918785	24.88590496670784	25.095428310351053	24.492702360022324
25-29	25.624366260294824	24.564192872853123	24.95317040699158	24.858270459860474
30-34	25.406318347984747	24.791189308194	24.99752710808954	24.804965235731714
35-39	25.451334810763576	24.68628262727449	24.839004037998226	25.023378523963707
40-44	25.515974867849238	24.76933993910084	24.775069074360133	24.939616118689788
45-49	25.59235746041768	24.540774963216492	24.691633574771913	25.175234001593914
50-54	25.36092049850372	24.892672749916894	24.81353507190497	24.93287167967442
55-59	25.656343621496834	24.522799115726084	24.62071294471787	25.200144318059216
60-64	25.533619050744527	24.634477170729234	24.651462278415636	25.1804415001106
65-69	25.470490261323995	24.64160385889958	24.682987428353727	25.204918451422703
70-74	25.632841131747476	24.675810486953512	24.517342565160295	25.174005816138717
75-79	25.585478206365902	24.464434851948607	24.62490800636594	25.325178935319553
80-84	25.551963375317932	24.617349646288233	24.58439741143657	25.246289566957262
85-89	25.665189807724726	24.57662485633564	24.45678106749454	25.3014042684451
90-94	25.617881705604116	24.554142465474634	24.467611049510662	25.36036477941058
95-99	25.51546841801932	24.673103059705987	24.54984817596105	25.261580346313643
100	26.29025052296447	24.026076452002588	23.88020014311297	25.80347288191997
>>END_MODULE
>>Per base GC content	fail
#Base	%GC
1	79.9292797963609
2	53.69081071809403
3	58.62978207164758
4	56.27328989524043
5	52.1531049542963
6	47.4997973215478
7	46.19873143376715
8	49.37691754792559
9	48.05515462942097
10-14	49.902341126881524
15-19	50.699956536112936
20-24	50.018666722941106
25-29	50.48263672015529
30-34	50.21128358371646
35-39	50.474713334727284
40-44	50.45559098653902
45-49	50.767591462011595
50-54	50.293792178178144
55-59	50.85648793955605
60-64	50.71406055085513
65-69	50.675408712746695
70-74	50.8068469478862
75-79	50.910657141685455
80-84	50.7982529422752
85-89	50.96659407616983
90-94	50.9782464850147
95-99	50.77704876433297
100	52.09372340488444
>>END_MODULE
>>Per sequence GC content	warn
#GC Content	Count
0	4674.0
1	3109.5
2	1542.5
3	1424.0
4	1213.5
5	1066.5
6	998.0
7	982.5
8	1010.5
9	1058.0
10	1090.0
11	1131.5
12	1232.5
13	1325.5
14	1393.5
15	1556.0
16	1792.0
17	2085.0
18	2551.5
19	3232.0
20	4243.5
21	5784.0
22	7792.0
23	10554.0
24	14385.5
25	19429.0
26	25855.0
27	33634.0
28	41793.5
29	49523.5
30	58998.5
31	69369.5
32	79865.5
33	92174.0
34	103512.0
35	114493.0
36	125064.0
37	134370.5
38	142872.0
39	152724.5
40	162995.5
41	172499.0
42	182973.5
43	198175.5
44	218610.0
45	235361.0
46	251843.0
47	270038.5
48	288427.0
49	308110.0
50	327799.5
51	349352.5
52	368878.5
53	380318.5
54	384031.5
55	384709.0
56	383267.5
57	375831.0
58	358194.5
59	331360.5
60	301942.0
61	270671.5
62	238527.5
63	209490.0
64	180473.0
65	153399.5
66	130693.5
67	111224.5
68	95410.5
69	76898.5
70	58562.0
71	44804.0
72	33896.0
73	27233.0
74	23511.5
75	20412.5
76	16215.5
77	12545.5
78	9636.5
79	6963.0
80	5704.0
81	5097.5
82	4583.5
83	4158.0
84	3264.0
85	2170.5
86	1413.0
87	971.0
88	766.0
89	614.5
90	439.0
91	282.5
92	237.5
93	210.5
94	120.5
95	52.0
96	38.0
97	21.0
98	10.5
99	10.5
100	6.5
>>END_MODULE
>>Per base N content	pass
#Base	N-Count
1	0.03080386589591797
2	0.24331399726161584
3	0.06467092152677545
4	0.03856394655776472
5	0.04665721627849962
6	0.03848871031866094
7	0.04384123132918681
8	0.0366722925460126
9	0.03588768605250178
10-14	0.04521053088087556
15-19	0.04183564815536326
20-24	0.0723729628041707
25-29	0.035298693780660785
30-34	0.05586398233797042
35-39	0.041109081046303925
40-44	0.04507940486415184
45-49	0.039370049119590904
50-54	0.04062112029554515
55-59	0.04312971146794824
60-64	0.044232459772526454
65-69	0.039956891784600365
70-74	0.03457857549209606
75-79	0.03928621445316098
80-84	0.04843064191451723
85-89	0.0528996745172816
90-94	0.038583293019248545
95-99	0.04070280535514353
100	0.03957426176858687
>>END_MODULE
>>Sequence Length Distribution	pass
#Length	Count
100	9304027.0
>>END_MODULE
>>Sequence Duplication Levels	warn
#Total Duplicate Percentage	41.03407865747902
#Duplication Level	Relative count
1	100.0
2	23.911695497328925
3	8.254102009666752
4	4.219664207580768
5	2.759316967692699
6	2.000127194098194
7	1.5430234037140678
8	1.2321928262528619
9	1.0962541338081913
10++	13.976246502162299
>>END_MODULE
>>Overrepresented sequences	warn
#Sequence	Count	Percentage	Possible Source
TTTTTTTTTTTTTTTTTTTTTTTTTTTTTTTTTTTTTTTTTTTTTTTTTT	9474	0.10182687560988375	No Hit
>>END_MODULE
>>Kmer Content	warn
#Sequence	Count	Obs/Exp Overall	Obs/Exp Max	Max Obs/Exp Position
TTTTT	5421250	6.7388625	8.934839	6
AAAAA	3819805	4.921282	6.910202	2
GGAGG	2282310	2.3238096	5.3497167	1
GAAAA	1655530	2.0110428	5.281826	1
GGGGG	2004040	1.9238868	5.47849	1
GTTTT	1558155	1.8393103	5.6572456	1
GGAAA	1413945	1.6194369	5.5385613	1
>>END_MODULE
