##FastQC	0.10.1
>>Basic Statistics	pass
#Measure	Value	
Filename	F_similis_NA_transfer_3_R1.fastq.gz	
File type	Conventional base calls	
Encoding	Sanger / Illumina 1.9	
Total Sequences	10308803	
Filtered Sequences	0	
Sequence length	100	
%GC	50	
>>END_MODULE
>>Per base sequence quality	pass
#Base	Mean	Median	Lower Quartile	Upper Quartile	10th Percentile	90th Percentile
1	30.94454069982713	33.0	31.0	34.0	27.0	34.0
2	31.258795128784595	34.0	31.0	34.0	28.0	34.0
3	31.0051041813487	34.0	31.0	34.0	27.0	34.0
4	34.515776176923744	37.0	35.0	37.0	30.0	37.0
5	33.05987795091244	37.0	35.0	37.0	25.0	37.0
6	33.43937720024333	37.0	35.0	37.0	23.0	37.0
7	34.03770175839038	37.0	35.0	37.0	30.0	37.0
8	34.15679482865276	37.0	35.0	37.0	30.0	37.0
9	35.75001210130798	39.0	37.0	39.0	30.0	39.0
10-14	35.86741616849211	39.2	36.6	39.4	30.0	39.4
15-19	36.64801564255326	40.0	37.0	41.0	30.0	41.0
20-24	36.399893256278155	40.0	36.4	41.0	29.2	41.0
25-29	36.0433272223749	40.0	36.0	41.0	27.4	41.0
30-34	35.59783714947313	39.8	35.2	41.0	26.0	41.0
35-39	35.16371506953814	39.0	35.0	41.0	24.8	41.0
40-44	34.84565263299726	39.0	34.6	41.0	23.6	41.0
45-49	34.2745615955606	38.2	33.8	40.6	22.2	41.0
50-54	33.58224979175564	37.4	33.0	40.0	19.4	41.0
55-59	32.79273512162372	36.0	32.6	39.8	16.0	41.0
60-64	31.955354176425722	35.0	31.8	38.8	10.0	40.8
65-69	31.2047752585824	35.0	31.0	37.2	5.8	39.8
70-74	30.445273364909582	35.0	30.8	35.8	2.0	38.8
75-79	29.44347569742093	34.0	29.4	35.0	2.0	36.8
80-84	29.397570852794452	34.4	30.0	35.0	2.0	36.0
85-89	28.917430161387312	34.0	29.8	35.0	2.0	35.2
90-94	28.42526134217523	34.0	29.0	35.0	2.0	35.0
95-99	27.870950138439934	34.0	29.0	35.0	2.0	35.0
100	26.69678458304034	33.0	25.0	35.0	2.0	35.0
>>END_MODULE
>>Per sequence quality scores	pass
#Quality	Count
2	216561.0
3	77734.0
4	42785.0
5	35232.0
6	36213.0
7	36707.0
8	37500.0
9	40752.0
10	44339.0
11	47040.0
12	48184.0
13	49344.0
14	50294.0
15	51159.0
16	50279.0
17	49619.0
18	48584.0
19	47948.0
20	47944.0
21	49580.0
22	53944.0
23	61882.0
24	74638.0
25	91775.0
26	112238.0
27	136297.0
28	164006.0
29	195509.0
30	232845.0
31	281289.0
32	348687.0
33	455282.0
34	634489.0
35	955890.0
36	1549266.0
37	2140267.0
38	1455463.0
39	256827.0
40	411.0
>>END_MODULE
>>Per base sequence content	fail
#Base	G	A	T	C
1	33.38669476388537	14.559743942749975	7.494166625432834	44.55939466793182
2	23.58926208794071	17.307937995989548	39.230167863423006	19.87263205264674
3	24.645906284341297	22.38702488715876	22.58639843977972	30.380670388720223
4	26.9509380587292	29.361272178184105	18.99916472561576	24.68862503747093
5	28.746574877103033	30.536495454094297	21.09298641010389	19.62394325869878
6	22.669283830419122	33.07247092954988	23.32811310929651	20.930132130734492
7	20.650033103951067	18.37885555244778	37.84573539393702	23.125375949664136
8	20.76842565409781	20.346562943787614	30.698407663836	28.18660373827857
9	22.66838303393471	19.924770473565772	31.110868053975118	26.295978438524397
10-14	24.46367137787163	26.286816291540756	24.873532447143777	24.37597988344384
15-19	24.969339463312377	24.76232759288389	25.446703569477414	24.821629374326324
20-24	24.705214190890736	25.141113103639075	25.349047092607425	24.804625612862772
25-29	24.771101376285177	25.170154720546417	25.307339617073822	24.751404286094587
30-34	24.592648109793515	25.300849792327895	25.136028537003035	24.970473560875554
35-39	24.879649964068953	25.076290029227955	25.035982969636493	25.0080770370666
40-44	25.152310005321027	25.117495069857338	24.744986129145904	24.985208795675728
45-49	25.073836482049394	25.119711862477956	24.780792182566586	25.025659472906064
50-54	25.11396526151504	25.12445499609895	24.64980517830812	25.111774564077887
55-59	25.503754496980836	24.679355141315668	24.650626848933943	25.16626351276956
60-64	25.4635090327031	24.648225707045754	24.58311145803184	25.305153802219305
65-69	25.337402638270778	24.757581007616658	24.58020499534278	25.32481135876979
70-74	25.754333304606252	24.759525792814145	24.30741763685891	25.1787232657207
75-79	25.613127777009904	24.673840422174187	24.40768439718266	25.30534740363325
80-84	25.569430320655712	24.487272758174694	24.505097301303636	25.43819961986596
85-89	25.50041257849599	24.824969652960476	24.24277522970711	25.43184253883642
90-94	25.51325914402634	24.727947522413576	24.33336212036408	25.425431213196003
95-99	25.222464885845415	24.724488627502712	24.4161155992918	25.636930887360077
100	25.373429697781397	24.2865358098461	24.111580826679997	26.22845366569251
>>END_MODULE
>>Per base GC content	fail
#Base	%GC
1	77.94608943181719
2	43.46189414058745
3	55.02657667306152
4	51.639563096200135
5	48.37051813580182
6	43.59941596115362
7	43.7754090536152
8	48.95502939237638
9	48.9643614724591
10-14	48.83965126131547
15-19	49.7909688376387
20-24	49.5098398037535
25-29	49.522505662379764
30-34	49.56312167066907
35-39	49.88772700113555
40-44	50.13751880099676
45-49	50.09949595495545
50-54	50.22573982559293
55-59	50.67001800975039
60-64	50.76866283492241
65-69	50.66221399704056
70-74	50.933056570326954
75-79	50.91847518064315
80-84	51.00762994052167
85-89	50.93225511733242
90-94	50.93869035722235
95-99	50.8593957732055
100	51.6018833634739
>>END_MODULE
>>Per sequence GC content	warn
#GC Content	Count
0	7974.0
1	5424.5
2	2519.0
3	2163.5
4	2056.0
5	1922.0
6	1903.0
7	1926.5
8	2000.5
9	2002.0
10	2056.0
11	2208.5
12	2297.5
13	2481.0
14	2752.5
15	3069.0
16	3476.0
17	4087.5
18	4914.5
19	6000.5
20	7642.5
21	10221.5
22	13525.5
23	17755.0
24	24021.5
25	32259.5
26	40769.0
27	49853.0
28	58825.0
29	67961.5
30	79994.0
31	92602.0
32	103679.5
33	115159.5
34	126296.5
35	135575.0
36	144518.5
37	155266.0
38	165503.0
39	174886.0
40	183213.5
41	194273.0
42	210258.0
43	231307.0
44	268065.5
45	290631.5
46	305455.5
47	320167.0
48	326466.5
49	334755.0
50	347112.0
51	369733.0
52	395219.0
53	406075.5
54	395199.5
55	392019.0
56	390339.0
57	374122.5
58	357441.5
59	329440.0
60	298147.5
61	271621.0
62	233935.0
63	203079.5
64	178395.0
65	153249.0
66	130394.0
67	115977.0
68	110880.5
69	92967.0
70	69940.5
71	52138.0
72	38829.0
73	34207.0
74	35957.0
75	38142.5
76	30704.0
77	23332.5
78	18015.5
79	11698.5
80	10067.5
81	11059.5
82	12429.0
83	12939.0
84	9436.5
85	4956.0
86	2957.5
87	1515.0
88	1194.5
89	1142.5
90	904.0
91	546.0
92	470.5
93	362.0
94	170.0
95	83.5
96	45.0
97	26.0
98	19.5
99	11.5
100	2.5
>>END_MODULE
>>Per base N content	pass
#Base	N-Count
1	0.01681087513264149
2	0.002366909135813343
3	0.004995730348130622
4	0.007886463636951835
5	3.3424055149758902
6	0.03888909313719546
7	0.047503090319991566
8	0.0528771381119612
9	0.04724117824348763
10-14	0.052471659415744
15-19	0.031142315941045724
20-24	0.0266160872411666
25-29	0.02630955310718422
30-34	0.050017446254429346
35-39	0.047539952019647676
40-44	0.03909474261948744
45-49	0.029658147507523422
50-54	0.015357748130408544
55-59	0.004830822744405922
60-64	0.004464145837300412
65-69	7.857362295118066E-4
70-74	0.002873272483720952
75-79	0.004010164904693591
80-84	0.005280923498101574
85-89	0.0021263380433208397
90-94	0.008928291674600825
95-99	0.01751512760501874
100	0.004239095460452586
>>END_MODULE
>>Sequence Length Distribution	pass
#Length	Count
100	1.0308803E7
>>END_MODULE
>>Sequence Duplication Levels	warn
#Total Duplicate Percentage	48.60059164558367
#Duplication Level	Relative count
1	100.0
2	17.397275069820548
3	6.641052940178062
4	3.713990340847722
5	2.5760311067907233
6	1.97040534493666
7	1.5653690073909488
8	1.3431776450801587
9	1.0685244333348762
10++	18.02373127189125
>>END_MODULE
>>Overrepresented sequences	warn
#Sequence	Count	Percentage	Possible Source
CTGCAAGTCATTTAGCACCACGTTCTCCACAAACATGCTATGCGTAATCG	16245	0.15758376602986787	No Hit
TTTTTTTTTTTTTTTTTTTTTTTTTTTTTTTTTTTTTTTTTTTTTTTTTT	16026	0.1554593680760026	No Hit
AAAGAAACTAACCAGGATTCCCTCAGTAGCGGCGAGCGAAGAGGGAAGAG	12535	0.12159510662877154	No Hit
>>END_MODULE
>>Kmer Content	fail
#Sequence	Count	Obs/Exp Overall	Obs/Exp Max	Max Obs/Exp Position
TTTTT	7552080	8.102263	12.323723	2
AAAAA	5438990	5.906882	7.7263136	2
AAGAA	2026735	2.167736	5.485318	2
GAAGA	2034225	2.1427813	5.1024904	2
GAAAA	1943125	2.0783093	5.5187197	2
CTCCA	2012365	2.0582473	6.9927897	1
CTCCT	1931270	1.9704878	7.15073	1
TTTAA	1799515	1.9400609	5.4993844	7
CTTTT	1822340	1.922647	6.793814	1
CTGGA	1835400	1.891994	6.0988607	1
CTCTG	1840760	1.8855022	5.334186	1
GTTTT	1722215	1.8241335	7.5633388	1
CTGAA	1719060	1.7993294	6.0686913	1
CTTCA	1714445	1.7831342	5.1775565	1
CTGCA	1728455	1.7747942	5.538085	1
CTTTG	1642410	1.7107289	5.2373276	1
GGAAA	1527255	1.6087569	6.4389243	1
CTCAG	1513455	1.5540301	5.7136793	1
CTCCC	1395210	1.3999118	5.238586	1
CTGGG	1358135	1.3788004	5.7080436	1
>>END_MODULE
