##FastQC	0.10.1
>>Basic Statistics	pass
#Measure	Value	
Filename	F_olivaceous_NA_BW_3_R1.fastq.gz	
File type	Conventional base calls	
Encoding	Sanger / Illumina 1.9	
Total Sequences	18180511	
Filtered Sequences	0	
Sequence length	100	
%GC	47	
>>END_MODULE
>>Per base sequence quality	pass
#Base	Mean	Median	Lower Quartile	Upper Quartile	10th Percentile	90th Percentile
1	31.355308439900288	33.0	31.0	34.0	28.0	34.0
2	31.678384012418572	34.0	31.0	34.0	28.0	34.0
3	31.41036855344715	34.0	31.0	34.0	28.0	34.0
4	34.940858868048316	37.0	35.0	37.0	32.0	37.0
5	33.40691667027401	37.0	35.0	37.0	27.0	37.0
6	33.87468966081316	37.0	35.0	37.0	26.0	37.0
7	34.53458172875339	37.0	35.0	37.0	31.0	37.0
8	34.67748073747762	37.0	35.0	37.0	32.0	37.0
9	36.3504062674586	39.0	37.0	39.0	32.0	39.0
10-14	36.504164486905786	39.2	37.2	39.4	32.0	39.4
15-19	37.39298060434054	40.0	38.0	41.0	32.0	41.0
20-24	37.2257596939932	40.0	38.0	41.0	31.0	41.0
25-29	36.97344934914096	40.0	37.0	41.0	30.4	41.0
30-34	36.644494623940986	40.0	37.0	41.0	30.0	41.0
35-39	36.361773450702245	40.0	36.2	41.0	29.8	41.0
40-44	36.18073477692678	40.0	36.0	41.0	29.0	41.0
45-49	35.770217195765284	39.4	35.0	41.0	27.8	41.0
50-54	35.206461050517234	38.8	35.0	40.8	26.6	41.0
55-59	34.517719727459806	37.6	34.0	40.0	25.8	41.0
60-64	33.74699791441506	36.4	33.4	39.6	24.4	41.0
65-69	33.00537280827805	35.2	33.0	38.8	23.0	40.6
70-74	32.2189041991174	35.0	32.8	36.8	22.0	39.4
75-79	31.1529924653933	34.6	31.4	35.2	19.8	37.6
80-84	31.065050910835232	35.0	32.0	35.0	19.2	36.6
85-89	30.602160445325218	35.0	32.0	35.0	16.4	36.0
90-94	30.178931659291646	35.0	31.6	35.0	5.6	35.0
95-99	29.734169771135697	34.4	31.0	35.0	2.0	35.0
100	28.671634587168644	34.0	29.0	35.0	2.0	35.0
>>END_MODULE
>>Per sequence quality scores	pass
#Quality	Count
2	277118.0
3	101450.0
4	53421.0
5	43134.0
6	45094.0
7	42939.0
8	43005.0
9	46412.0
10	52541.0
11	56420.0
12	58342.0
13	60829.0
14	62553.0
15	63280.0
16	63384.0
17	61401.0
18	60113.0
19	58935.0
20	59174.0
21	61238.0
22	67619.0
23	77920.0
24	95285.0
25	117817.0
26	146400.0
27	183206.0
28	225302.0
29	268128.0
30	329677.0
31	411615.0
32	520118.0
33	692378.0
34	979029.0
35	1491069.0
36	2594103.0
37	4221645.0
38	3643686.0
39	743717.0
40	1014.0
>>END_MODULE
>>Per base sequence content	fail
#Base	G	A	T	C
1	34.22726417267373	15.059840657803003	8.298945770829059	42.413949398694214
2	23.773260146257908	18.0454186195141	38.96949941411139	19.211821820116604
3	24.598816614005788	22.649272156610877	23.506571594896656	29.245339634486676
4	25.690149187786677	29.685876558009234	20.056155002858247	24.567819251345842
5	28.004637799170084	30.986498246533305	22.07625610341457	18.932607850882043
6	21.91790379749343	33.96467976472252	23.705287415395055	20.412129022388996
7	19.685696570670505	18.8709067559229	39.18296384789116	22.26043282551544
8	20.31853502571633	21.597398103952678	31.071349893171714	27.01271697715928
9	21.742295134687698	20.553362337411986	32.322559957455255	25.38178257044506
10-14	23.640259540554887	27.158936588277278	26.094804155599515	23.105999715568316
15-19	24.025967344810955	25.734008098943605	26.444497599952516	23.795526956292925
20-24	23.873631939600035	26.102963038375478	26.331361721567344	23.692043300457144
25-29	23.92366190694944	26.183788140535935	26.2015052007676	23.691044751747025
30-34	23.735603423295345	26.14540521559722	26.255632256291577	23.863359104815856
35-39	23.833690881185383	26.2169418744506	26.196447519709267	23.75291972465475
40-44	23.887958447607435	26.15145699004897	26.119909672941617	23.84067488940198
45-49	23.901084078788326	26.177869946836996	26.07192666122381	23.849119313150872
50-54	23.882704059441846	26.210881558732158	26.084805006701018	23.82160937512498
55-59	23.95943719374758	26.109297653047975	25.992459909916683	23.93880524328776
60-64	23.930053083269666	26.059672228024137	25.997472929338887	24.012801759367306
65-69	23.892125920784597	26.210538288237966	25.98591209894901	23.91142369202843
70-74	23.98811756389268	26.130418786928537	25.974381697104697	23.907081952074083
75-79	23.94297680857172	26.0479157759062	25.970703242425845	24.038404173096232
80-84	23.920531865513574	26.109053183382947	25.955818648182856	24.014596302920623
85-89	24.040551083418173	26.113200786293934	25.8324582176013	24.013789912686594
90-94	23.89404940447551	26.019021230145988	25.910545316946475	24.176384048432023
95-99	23.96831582491658	26.124876743945673	25.922767512647326	23.984039918490417
100	24.26357436842756	25.87258296394705	25.576203000884945	24.28763966674045
>>END_MODULE
>>Per base GC content	fail
#Base	%GC
1	76.64121357136794
2	42.98508196637451
3	53.84415624849247
4	50.25796843913252
5	46.93724565005213
6	42.330032819882426
7	41.94612939618595
8	47.331252002875615
9	47.124077705132756
10-14	46.7462592561232
15-19	47.821494301103876
20-24	47.56567524005718
25-29	47.61470665869646
30-34	47.59896252811121
35-39	47.586610605840136
40-44	47.72863333700941
45-49	47.750203391939195
50-54	47.70431343456683
55-59	47.898242437035336
60-64	47.942854842636976
65-69	47.80354961281302
70-74	47.89519951596676
75-79	47.98138098166795
80-84	47.9351281684342
85-89	48.05434099610476
90-94	48.07043345290754
95-99	47.952355743407
100	48.55121403516801
>>END_MODULE
>>Per sequence GC content	warn
#GC Content	Count
0	14937.0
1	10103.0
2	4657.0
3	4043.0
4	3862.5
5	3619.0
6	3503.5
7	3535.5
8	3678.0
9	3714.0
10	3720.0
11	3801.5
12	3934.5
13	4067.5
14	4291.5
15	4664.5
16	5239.0
17	6166.0
18	7379.0
19	9398.5
20	12838.5
21	18036.5
22	25255.5
23	34271.0
24	46599.0
25	62104.0
26	79593.0
27	99653.0
28	122030.5
29	146145.0
30	174085.0
31	208719.5
32	243195.5
33	274363.5
34	299834.0
35	318959.5
36	338775.5
37	359642.5
38	381446.5
39	402673.0
40	422605.0
41	444899.0
42	474988.0
43	504130.5
44	532657.0
45	553990.0
46	568171.0
47	597504.5
48	627725.0
49	653439.5
50	677123.5
51	695736.5
52	713114.0
53	717307.0
54	707113.5
55	685893.0
56	651031.5
57	608902.5
58	560916.0
59	504337.0
60	445896.0
61	387103.0
62	327733.0
63	274346.0
64	227621.0
65	186877.5
66	153021.5
67	126108.0
68	102235.5
69	78404.0
70	58105.5
71	43631.5
72	31979.0
73	23075.0
74	17339.0
75	13008.0
76	9559.0
77	6604.0
78	4471.0
79	3045.0
80	2405.5
81	2095.5
82	1598.0
83	1102.0
84	741.0
85	531.0
86	354.5
87	249.5
88	179.0
89	123.5
90	96.5
91	75.0
92	51.5
93	31.5
94	19.5
95	16.5
96	14.5
97	7.0
98	3.5
99	2.5
100	0.5
>>END_MODULE
>>Per base N content	pass
#Base	N-Count
1	0.0173482472522362
2	0.0023871716257040303
3	0.005401388332814188
4	0.008487110180786447
5	3.5930343212025226
6	0.03892079821078736
7	0.04789744358670667
8	0.053694860391987884
9	0.04721539455079123
10-14	0.052471572443700834
15-19	0.03160307210286884
20-24	0.02708724743765453
25-29	0.026453601881707284
30-34	0.050096501687988855
35-39	0.047730231564998366
40-44	0.03946423728133935
45-49	0.030271976403743548
50-54	0.015537517069789732
55-59	0.005172571882055461
60-64	0.0048667498949837
65-69	9.526684921012396E-4
70-74	0.003314538298730987
75-79	0.004510324269763374
80-84	0.005820518466175126
85-89	0.002416873761139057
90-94	0.009509083655569416
95-99	0.018209609179851986
100	0.0044388191289012726
>>END_MODULE
>>Sequence Length Distribution	pass
#Length	Count
100	1.8180511E7
>>END_MODULE
>>Sequence Duplication Levels	fail
#Total Duplicate Percentage	51.003568972856165
#Duplication Level	Relative count
1	100.0
2	28.613434146714017
3	12.87375415282392
4	7.264100507885592
5	4.930881735212128
6	3.6248902127009583
7	2.7542291976935123
8	2.3341734448390423
9	1.9723526940848513
10++	26.566617023714056
>>END_MODULE
>>Overrepresented sequences	warn
#Sequence	Count	Percentage	Possible Source
TTTTTTTTTTTTTTTTTTTTTTTTTTTTTTTTTTTTTTTTTTTTTTTTTT	26201	0.14411586120984168	No Hit
>>END_MODULE
>>Kmer Content	warn
#Sequence	Count	Obs/Exp Overall	Obs/Exp Max	Max Obs/Exp Position
TTTTT	13155270	6.215341	9.982192	2
AAAAA	9929510	4.875257	6.4448733	2
CTCCT	4081170	2.4824522	8.376397	1
TCCTC	4028605	2.4504788	5.266798	2
CTCCA	3826860	2.3457391	7.606204	1
CTGGA	3711835	2.285521	7.476295	1
TCCAG	3719595	2.2851384	5.1386437	7
CTCTG	3710870	2.262308	5.8763876	1
GAAGA	3772905	2.1685886	5.37125	2
CTTCA	3586130	2.0206268	5.026324	1
CTGAA	3314640	1.8863275	5.345508	1
CTTTT	3631170	1.8663316	5.2405386	1
GTTTT	3553425	1.8304974	7.06059	1
CTCAG	2844695	1.7476423	6.1299663	1
GGAAA	2866655	1.6476946	6.013593	1
CTGGG	2383880	1.5881692	6.1101375	1
>>END_MODULE
