##FastQC	0.10.1
>>Basic Statistics	pass
#Measure	Value	
Filename	F_zebrinus_NA_BW_1_R2.fastq.gz	
File type	Conventional base calls	
Encoding	Sanger / Illumina 1.9	
Total Sequences	12031830	
Filtered Sequences	0	
Sequence length	100	
%GC	47	
>>END_MODULE
>>Per base sequence quality	fail
#Base	Mean	Median	Lower Quartile	Upper Quartile	10th Percentile	90th Percentile
1	28.972630098663295	31.0	30.0	34.0	22.0	34.0
2	28.866738891756285	31.0	30.0	34.0	16.0	34.0
3	28.952577454967365	31.0	30.0	34.0	16.0	34.0
4	32.262233093386456	35.0	33.0	37.0	20.0	37.0
5	32.212816171771046	35.0	33.0	37.0	20.0	37.0
6	32.12137704738182	35.0	33.0	37.0	19.0	37.0
7	32.11194473326169	35.0	33.0	37.0	18.0	37.0
8	32.04585046497499	35.0	33.0	37.0	18.0	37.0
9	33.370640293288716	38.0	33.0	39.0	18.0	39.0
10-14	33.45549549819105	38.2	33.0	39.4	17.0	39.4
15-19	34.05844133436061	39.0	33.0	41.0	16.6	41.0
20-24	33.808353209777735	39.0	33.0	41.0	12.6	41.0
25-29	33.57433703767423	38.6	33.0	41.0	9.8	41.0
30-34	33.229557249395974	38.0	32.4	40.0	8.2	41.0
35-39	32.832950914366315	38.0	32.0	40.0	3.8	41.0
40-44	32.40798641603148	38.0	31.0	40.0	2.0	41.0
45-49	32.02455978849436	37.8	31.0	40.0	2.0	41.0
50-54	31.195958270687004	36.4	29.8	39.6	2.0	40.6
55-59	31.219847770455534	36.2	30.0	40.0	2.0	41.0
60-64	30.479988763139108	35.0	29.4	39.0	2.0	41.0
65-69	29.642384574915035	35.0	29.0	37.8	2.0	40.0
70-74	28.93809164524432	34.4	28.2	36.4	2.0	39.2
75-79	28.164966509666442	34.0	27.4	35.2	2.0	37.6
80-84	27.480338036691013	34.0	26.2	35.0	2.0	36.4
85-89	26.89996587385294	34.0	25.4	35.0	2.0	35.6
90-94	26.370534739935653	33.4	24.6	35.0	2.0	35.0
95-99	25.70647853235958	33.0	21.8	35.0	2.0	35.0
100	24.384212044219375	32.0	2.0	35.0	2.0	35.0
>>END_MODULE
>>Per sequence quality scores	pass
#Quality	Count
2	736422.0
3	98628.0
4	64782.0
5	52560.0
6	51973.0
7	52724.0
8	55462.0
9	60845.0
10	65398.0
11	66797.0
12	64973.0
13	64522.0
14	65755.0
15	67221.0
16	67379.0
17	67131.0
18	67149.0
19	68475.0
20	69367.0
21	72591.0
22	80183.0
23	93904.0
24	112580.0
25	135793.0
26	162439.0
27	190938.0
28	221499.0
29	258403.0
30	302805.0
31	361983.0
32	442098.0
33	554130.0
34	725443.0
35	1002966.0
36	1483681.0
37	2030955.0
38	1581873.0
39	309550.0
40	453.0
>>END_MODULE
>>Per base sequence content	fail
#Base	G	A	T	C
1	35.44350314239099	13.512314487855784	9.651270757772172	41.392911611981056
2	26.167149410734265	18.54395961760266	32.64688783504962	22.642003136613457
3	26.143449945991122	23.28014343813532	22.632045201942972	27.94436141393059
4	28.035030266012146	28.90613067071472	19.609312724014263	23.449526339258878
5	28.76860118800131	30.810549116316754	21.833199507449788	18.587650188232146
6	21.833955038656818	34.42224476115357	23.55807519300138	20.185725007188235
7	20.45903123028213	19.832167127394793	37.906219347388124	21.80258229493496
8	20.67225380124068	21.872348888902007	31.083280111903445	26.37211719795387
9	20.92042433768016	20.763401735654757	33.215115310797074	25.101058615868006
10-14	23.602231535152292	27.269326230999408	26.190402971175697	22.9380392626726
15-19	23.760153007315164	25.866819233590693	26.852556963670743	23.5204707954234
20-24	23.6996154552496	26.369634744213666	26.61788028769829	23.31286951283844
25-29	23.739768486566135	26.461871881390536	26.374958560441623	23.423401071601706
30-34	23.51126043251665	26.429338796493322	26.587398221281767	23.47200254970826
35-39	23.655639151111032	26.40448731886101	26.495178424197892	23.44469510583007
40-44	23.742474845804907	26.395598883356246	26.389929484418474	23.47199678642037
45-49	23.733786881279535	26.271049920601445	26.425787669070424	23.569375529048592
50-54	23.6065264565022	26.458486133596466	26.474710178948758	23.460277230952578
55-59	23.834627084358946	26.19474386836252	26.322553495762023	23.648075551516513
60-64	23.705166909233675	26.247371580972267	26.331423115039993	23.716038394754065
65-69	23.703402173529472	26.251755406542394	26.355196467338605	23.68964595258953
70-74	23.871828745809193	26.31097906989487	26.215346005531952	23.60184617876399
75-79	23.822667353649802	26.217093377860518	26.288110422932487	23.672128845557193
80-84	23.833132927865673	26.318007720184074	26.23994937475157	23.60890997719868
85-89	23.989848745232866	26.24843241114704	26.115060227628177	23.64665861599191
90-94	23.850326513010796	26.23670049744069	26.10540417230766	23.807568817240853
95-99	24.015338217667484	26.329782156639226	26.11345477050745	23.54142485518584
100	24.440188399022382	25.901872266420682	25.742495061451855	23.91544427310508
>>END_MODULE
>>Per base GC content	fail
#Base	%GC
1	76.83641475437204
2	48.80915254734772
3	54.08781135992171
4	51.48455660527102
5	47.35625137623345
6	42.01968004584506
7	42.261613525217086
8	47.04437099919455
9	46.021482953548166
10-14	46.540270797824896
15-19	47.28062380273856
20-24	47.01248496808804
25-29	47.16316955816784
30-34	46.98326298222491
35-39	47.1003342569411
40-44	47.214471632225276
45-49	47.303162410328135
50-54	47.06680368745478
55-59	47.482702635875455
60-64	47.42120530398774
65-69	47.393048126119005
70-74	47.47367492457318
75-79	47.494796199206995
80-84	47.442042905064355
85-89	47.63650736122478
90-94	47.65789533025165
95-99	47.55676307285333
100	48.35563267212746
>>END_MODULE
>>Per sequence GC content	fail
#GC Content	Count
0	27608.0
1	17928.0
2	7525.0
3	6481.0
4	5389.0
5	4194.0
6	3589.5
7	3357.0
8	3359.0
9	3362.0
10	3327.5
11	3360.0
12	3324.5
13	3414.0
14	3658.5
15	3861.0
16	4215.5
17	4892.5
18	5787.5
19	7107.5
20	9338.5
21	12547.0
22	16839.0
23	22539.0
24	30353.5
25	41127.0
26	54241.0
27	69607.0
28	86900.0
29	104659.5
30	122896.0
31	145621.5
32	169927.0
33	193588.0
34	214604.0
35	234641.0
36	250326.5
37	261044.0
38	271233.5
39	281098.0
40	289834.5
41	298034.0
42	309245.5
43	318571.0
44	329959.5
45	344532.0
46	362005.0
47	377801.0
48	391131.0
49	403076.5
50	419076.0
51	437820.0
52	452044.5
53	455450.0
54	450327.5
55	445922.5
56	434777.0
57	411051.5
58	379979.5
59	346326.0
60	304037.0
61	255643.0
62	213826.5
63	179523.0
64	147526.0
65	120438.5
66	98894.0
67	79347.5
68	62502.0
69	49068.5
70	37116.0
71	27631.0
72	20988.5
73	16300.0
74	12729.5
75	10210.0
76	7699.0
77	5668.5
78	4177.5
79	3015.5
80	2727.5
81	2597.0
82	2142.5
83	1628.0
84	1286.5
85	964.5
86	640.5
87	445.0
88	309.5
89	229.5
90	159.5
91	99.5
92	65.0
93	48.5
94	44.0
95	28.0
96	16.5
97	12.5
98	6.0
99	3.5
100	2.5
>>END_MODULE
>>Per base N content	pass
#Base	N-Count
1	0.033627469803014176
2	0.32645075603628043
3	0.0731975102706737
4	0.04133203344794599
5	0.05197879291845048
6	0.043484656947446895
7	0.04935242602330651
8	0.04183071070651763
9	0.040716998162374306
10-14	0.05516534060072324
15-19	0.05116927350203585
20-24	0.09200927872152449
25-29	0.03885360747284494
30-34	0.060162086731611074
35-39	0.04581846651756217
40-44	0.048735728480206256
45-49	0.04395175131297567
50-54	0.04352122661307548
55-59	0.04706183514893412
60-64	0.048825490386749146
65-69	0.04381045942304704
70-74	0.038306724745944716
75-79	0.042718356226775146
80-84	0.05161309626216461
85-89	0.056797677493781076
90-94	0.04146667630776033
95-99	0.04358106788410408
100	0.041689418816589
>>END_MODULE
>>Sequence Length Distribution	pass
#Length	Count
100	1.203183E7
>>END_MODULE
>>Sequence Duplication Levels	fail
#Total Duplicate Percentage	52.62098042917375
#Duplication Level	Relative count
1	100.0
2	27.306794679619756
3	11.612242187351764
4	6.391476766028499
5	4.405821300495228
6	3.2929814242073507
7	2.6061135039751058
8	2.2389617289338366
9	1.8319640248183215
10++	30.056163785742747
>>END_MODULE
>>Overrepresented sequences	warn
#Sequence	Count	Percentage	Possible Source
TTTTTTTTTTTTTTTTTTTTTTTTTTTTTTTTTTTTTTTTTTTTTTTTTT	45144	0.37520476934930097	No Hit
>>END_MODULE
>>Kmer Content	fail
#Sequence	Count	Obs/Exp Overall	Obs/Exp Max	Max Obs/Exp Position
TTTTT	12564620	8.635988	10.900741	10-14
AAAAA	7070490	5.0650506	6.6534853	2
CTCCT	2533310	2.384442	5.320619	1
CTCCA	2342105	2.2227936	6.1450095	1
GAAGA	2601435	2.2207341	5.2230315	2
CTGGA	2290125	2.1353352	6.7377353	1
GGGGG	1912410	2.1236775	5.0057874	1
GAAAA	2532635	1.9805303	5.1692924	2
GTTTT	2379095	1.7998797	6.0312533	1
CTCAG	1770520	1.665523	5.0463753	1
GGAAA	1935230	1.6520233	5.9985614	1
CTGGG	1565420	1.5933545	5.878594	1
GCCAG	1516295	1.5700102	5.395075	1
>>END_MODULE
