##FastQC	0.10.1
>>Basic Statistics	pass
#Measure	Value	
Filename	A_xenica_NA_FW_1_R1.fastq.gz	
File type	Conventional base calls	
Encoding	Sanger / Illumina 1.9	
Total Sequences	16289423	
Filtered Sequences	0	
Sequence length	100	
%GC	48	
>>END_MODULE
>>Per base sequence quality	pass
#Base	Mean	Median	Lower Quartile	Upper Quartile	10th Percentile	90th Percentile
1	30.547037485612595	31.0	30.0	34.0	26.0	34.0
2	30.870057030258224	31.0	31.0	34.0	27.0	34.0
3	30.420909875076607	31.0	31.0	34.0	26.0	34.0
4	32.18846732631352	37.0	33.0	37.0	19.0	37.0
5	33.2692181914608	37.0	33.0	37.0	24.0	37.0
6	33.73115818773937	37.0	35.0	37.0	28.0	37.0
7	33.88669457475566	37.0	35.0	37.0	30.0	37.0
8	33.89092326965786	37.0	35.0	37.0	30.0	37.0
9	35.414489267053845	39.0	35.0	39.0	30.0	39.0
10-14	35.50574776037187	39.2	35.2	39.4	29.4	39.4
15-19	35.71867559704232	39.4	35.4	41.0	24.8	41.0
20-24	35.97811347891205	39.6	36.0	41.0	27.0	41.0
25-29	35.68448140858028	39.0	35.2	41.0	26.8	41.0
30-34	35.31164771152422	39.0	35.0	41.0	25.4	41.0
35-39	34.94719975041473	39.0	34.2	41.0	24.4	41.0
40-44	34.71382819391455	38.8	34.0	41.0	23.8	41.0
45-49	34.247750788962875	38.0	33.4	40.0	22.6	41.0
50-54	33.60947968506927	37.6	33.0	40.0	20.0	41.0
55-59	32.24899098022072	36.2	31.4	39.8	11.6	41.0
60-64	32.06207117342339	35.2	31.0	39.0	12.4	40.8
65-69	31.344900454730656	35.0	31.0	37.6	7.4	40.0
70-74	30.571142747045123	35.0	30.4	36.4	2.8	39.0
75-79	29.47953315473482	33.8	29.4	35.2	2.0	37.4
80-84	29.43887623275545	34.0	30.0	35.0	2.0	36.2
85-89	28.945193908955524	34.0	29.6	35.0	2.0	35.6
90-94	27.897209459168685	34.0	27.8	35.0	2.0	35.0
95-99	27.725589825987083	34.0	28.6	35.0	2.0	35.0
100	26.569930684469302	33.0	25.0	35.0	2.0	35.0
>>END_MODULE
>>Per sequence quality scores	pass
#Quality	Count
2	350044.0
3	119313.0
4	68340.0
5	55101.0
6	54903.0
7	53459.0
8	55412.0
9	61494.0
10	67639.0
11	72843.0
12	76613.0
13	79637.0
14	81656.0
15	82083.0
16	81000.0
17	79505.0
18	77584.0
19	76215.0
20	76704.0
21	80289.0
22	89484.0
23	104582.0
24	128557.0
25	158706.0
26	196162.0
27	238761.0
28	289037.0
29	344038.0
30	415985.0
31	507184.0
32	629821.0
33	813763.0
34	1101989.0
35	1579026.0
36	2371336.0
37	3068834.0
38	2145376.0
39	356485.0
40	463.0
>>END_MODULE
>>Per base sequence content	fail
#Base	G	A	T	C
1	35.861527284779456	15.370065455342974	8.105043018630496	40.66336424124707
2	25.283542064011506	18.40216742087365	36.45582657047737	19.858463944637478
3	25.015644239705914	22.668925404495607	22.978593253021426	29.336837102777054
4	26.4939676182751	29.488050509050627	19.55964948746283	24.45833238521144
5	28.602518772919357	30.158023439212332	21.999823183688207	19.239634604180107
6	22.586592599978488	33.37060571841724	23.437445509704983	20.60535617189929
7	20.29311478046937	19.04918206916072	38.26341465211654	22.394288498253374
8	21.106966663289707	21.639801434899937	30.397388076884113	26.855843824926247
9	22.16394331625941	20.62121763425929	31.82345503011893	25.391384019362373
10-14	23.923783188837472	27.043351607430644	25.78595283061108	23.2469123731208
15-19	24.203323950092045	25.78860428139491	26.150542479910975	23.857529288602066
20-24	24.125369481623665	25.97775256281343	26.080319002710358	23.816558952852553
25-29	24.210859375750147	25.961767764189993	25.965183667678904	23.86218919238096
30-34	23.996186566801374	26.017136454570316	25.979924830382444	24.006752148245862
35-39	23.99283900211487	26.093855848882203	25.98956144825284	23.923743700750087
40-44	24.16022963186517	25.968161078488354	25.86375359711594	24.007855692530534
45-49	24.15855839103462	25.99308533724578	25.813470902133666	24.034885369585936
50-54	24.12942837703796	26.039844399031516	25.802064009128305	24.02866321480222
55-59	24.199271096326	25.941824023880894	25.701190884701287	24.157713995091814
60-64	24.183644504141537	25.850320031566724	25.770937867006534	24.195097597285205
65-69	24.191012604628117	25.99852639644037	25.68936899113924	24.121092007792278
70-74	24.28625012988946	25.947792780418773	25.667306445796733	24.098650643895034
75-79	24.181309770778817	25.874506166654882	25.692765181876048	24.251418880690256
80-84	24.189552269208708	25.899036862928686	25.677828324734147	24.233582543128456
85-89	24.276586605557053	25.92154727585912	25.551002973693443	24.250863144890385
90-94	24.127398198833276	25.832683592387312	25.61606304455537	24.42385516422404
95-99	24.19756337211052	25.965026696530053	25.61921021955354	24.21819971180589
100	24.49323914696932	25.661668866248927	25.30771180681772	24.537380179964035
>>END_MODULE
>>Per base GC content	fail
#Base	%GC
1	76.52489152602652
2	45.142006008648984
3	54.35248134248296
4	50.95230000348654
5	47.842153377099464
6	43.191948771877776
7	42.68740327872275
8	47.96281048821595
9	47.55532733562178
10-14	47.17069556195827
15-19	48.060853238694115
20-24	47.94192843447622
25-29	48.07304856813111
30-34	48.002938715047236
35-39	47.91658270286496
40-44	48.168085324395705
45-49	48.19344376062055
50-54	48.158091591840176
55-59	48.35698509141781
60-64	48.37874210142674
65-69	48.3121046124204
70-74	48.384900773784494
75-79	48.43272865146908
80-84	48.42313481233717
85-89	48.52744975044744
90-94	48.55125336305732
95-99	48.41576308391641
100	49.030619326933355
>>END_MODULE
>>Per sequence GC content	warn
#GC Content	Count
0	15141.0
1	10337.0
2	4803.5
3	3956.5
4	3653.5
5	3326.5
6	3253.5
7	3307.0
8	3307.5
9	3310.5
10	3332.0
11	3487.0
12	3668.5
13	3830.0
14	4096.0
15	4337.5
16	4756.5
17	5579.5
18	6937.0
19	8735.5
20	11391.0
21	15373.0
22	21299.0
23	29635.0
24	40068.0
25	52421.0
26	67130.0
27	84805.0
28	104034.0
29	124369.5
30	145935.5
31	171323.5
32	198996.0
33	225804.0
34	249288.5
35	272060.5
36	295012.0
37	316790.5
38	339202.5
39	363785.0
40	386081.5
41	401646.0
42	418230.0
43	441708.0
44	467138.0
45	484773.0
46	502343.0
47	526615.0
48	553774.5
49	575145.0
50	588505.5
51	604723.0
52	622178.5
53	626797.0
54	616740.5
55	601264.5
56	582759.0
57	558592.5
58	520614.5
59	471583.5
60	415369.0
61	362150.0
62	317621.5
63	274116.5
64	231792.0
65	190594.5
66	156162.0
67	127884.0
68	103062.5
69	81207.0
70	61429.0
71	45530.5
72	34301.5
73	27057.5
74	21587.5
75	16730.5
76	12359.0
77	9127.5
78	6856.0
79	4817.5
80	3444.5
81	2573.0
82	2244.5
83	1998.5
84	1330.5
85	759.0
86	517.0
87	353.0
88	246.5
89	184.0
90	142.0
91	104.0
92	76.5
93	57.0
94	43.5
95	31.5
96	19.0
97	11.0
98	7.0
99	3.5
100	0.5
>>END_MODULE
>>Per base N content	pass
#Base	N-Count
1	0.12753060682382672
2	0.0034992031332233193
3	0.004174487948406767
4	3.6865148630494766
5	0.008183224169450323
6	0.013008441121579322
7	0.014045924155815709
8	0.01579552572242737
9	0.018349330114393863
10-14	0.020996446589912975
15-19	0.17070586232551024
20-24	0.005274588301869256
25-29	0.005565574667684669
30-34	0.015818853743315524
35-39	0.016222796841852533
40-44	0.018675922406828038
45-49	0.008049394996986694
50-54	0.00891621514156763
55-59	0.9249253334510374
60-64	0.0022935127904776
65-69	0.002298423952769843
70-74	0.003513936620100049
75-79	0.0032352281600152443
80-84	0.003869995886287685
85-89	0.004852228344736336
90-94	0.988026402162925
95-99	0.010134183390043957
100	0.004444601874480146
>>END_MODULE
>>Sequence Length Distribution	pass
#Length	Count
100	1.6289423E7
>>END_MODULE
>>Sequence Duplication Levels	warn
#Total Duplicate Percentage	45.4070520643623
#Duplication Level	Relative count
1	100.0
2	22.977980689038493
3	10.198010437892819
4	5.689253441323394
5	3.831239736215361
6	2.944792660802875
7	2.308545487373933
8	1.7393622051983113
9	1.5115169336325414
10++	20.75799392985805
>>END_MODULE
>>Overrepresented sequences	warn
#Sequence	Count	Percentage	Possible Source
TTTTTTTTTTTTTTTTTTTTTTTTTTTTTTTTTTTTTTTTTTTTTTTTTT	28087	0.1724247691277954	No Hit
>>END_MODULE
>>Kmer Content	fail
#Sequence	Count	Obs/Exp Overall	Obs/Exp Max	Max Obs/Exp Position
TTTTT	12602010	7.085691	10.416532	2
AAAAA	9011765	5.1087546	6.739418	2
CTCCT	3526870	2.4148529	6.9742656	1
CTCCA	3305705	2.2671375	6.374659	1
CTGGA	3254665	2.2172246	6.318917	1
GAAGA	3442810	2.2035449	5.304203	2
GAAAA	3299890	1.987726	5.1388984	2
GTTTT	3027205	1.811543	6.624458	1
GGAAG	2475405	1.6834762	5.1333094	1
CTCAG	2452985	1.6766927	5.211178	1
GGAAA	2539220	1.6252089	6.0490184	1
CTGGG	2135535	1.5458306	5.6244636	1
GGGAG	2014900	1.4560157	5.0068164	1
>>END_MODULE
