##FastQC	0.10.1
>>Basic Statistics	pass
#Measure	Value	
Filename	A_xenica_NA_transfer_2_R1.fastq.gz	
File type	Conventional base calls	
Encoding	Sanger / Illumina 1.9	
Total Sequences	16659724	
Filtered Sequences	0	
Sequence length	100	
%GC	48	
>>END_MODULE
>>Per base sequence quality	pass
#Base	Mean	Median	Lower Quartile	Upper Quartile	10th Percentile	90th Percentile
1	30.158582279034153	31.0	30.0	34.0	25.0	34.0
2	30.44461318806962	31.0	30.0	34.0	26.0	34.0
3	29.028494829806306	31.0	30.0	34.0	16.0	34.0
4	32.71986006490864	37.0	33.0	37.0	19.0	37.0
5	33.43654162577963	37.0	33.0	37.0	28.0	37.0
6	30.84775696163994	37.0	32.0	37.0	10.0	37.0
7	31.68890793148794	37.0	32.0	37.0	17.0	37.0
8	32.83153712510483	37.0	32.0	37.0	26.0	37.0
9	34.53990042091934	38.0	35.0	39.0	27.0	39.0
10-14	34.17222020004653	38.8	34.2	39.4	21.6	39.4
15-19	35.34455402742567	39.4	34.6	41.0	25.8	41.0
20-24	35.310545384785485	40.0	35.0	41.0	25.2	41.0
25-29	34.962262231955336	39.4	34.4	41.0	23.8	41.0
30-34	34.563618424891075	39.0	34.0	41.0	21.0	41.0
35-39	34.26094721617237	39.0	33.0	41.0	18.8	41.0
40-44	33.98589851788661	39.0	33.0	41.0	16.6	41.0
45-49	33.55429013109701	38.0	33.0	40.2	12.8	41.0
50-54	32.88528380182048	37.4	32.2	40.0	7.6	41.0
55-59	32.20322702825089	36.2	31.4	40.0	2.6	41.0
60-64	31.387397330231884	35.0	31.0	39.0	2.0	40.8
65-69	30.64837088537601	35.0	30.0	37.4	2.0	40.0
70-74	29.840358531749985	35.0	29.8	36.2	2.0	39.0
75-79	28.811674178996004	33.8	28.6	35.0	2.0	37.2
80-84	28.706726834130023	34.0	29.0	35.0	2.0	36.2
85-89	28.226362237453635	34.0	29.0	35.0	2.0	35.4
90-94	27.807300937278434	34.0	28.4	35.0	2.0	35.0
95-99	27.245410632252977	34.0	27.0	35.0	2.0	35.0
100	26.187097877491848	33.0	25.0	35.0	2.0	35.0
>>END_MODULE
>>Per sequence quality scores	pass
#Quality	Count
2	579045.0
3	179733.0
4	90019.0
5	65873.0
6	66218.0
7	66223.0
8	67179.0
9	71418.0
10	76975.0
11	81370.0
12	83401.0
13	87066.0
14	88172.0
15	89369.0
16	89136.0
17	87262.0
18	83732.0
19	80970.0
20	79691.0
21	81208.0
22	88124.0
23	102547.0
24	123684.0
25	153519.0
26	197860.0
27	262484.0
28	329780.0
29	342632.0
30	409327.0
31	477560.0
32	553009.0
33	721888.0
34	995715.0
35	1463318.0
36	2322541.0
37	3213225.0
38	2317020.0
39	390992.0
40	439.0
>>END_MODULE
>>Per base sequence content	fail
#Base	G	A	T	C
1	34.51065698751158	14.7194166809016	8.568862208935617	42.201064122651196
2	24.48760576146756	18.873248313969366	36.00052824457724	20.63861767998583
3	24.544221788822	23.004770470853064	22.6998726505023	29.751135089822633
4	25.98653149093305	29.67177427575038	19.352784724884373	24.988909508432194
5	28.29616292881395	30.416780608812772	21.89275940311626	19.39429705925702
6	21.724803645066824	35.46226101541779	22.535328903264382	20.277606436251002
7	20.21078146756259	18.768743218877084	38.20831849767243	22.812156815887896
8	21.202761599543088	21.612539048225436	29.979748302040914	27.204951050190562
9	22.369832236795887	20.469786447496077	31.47342473340312	25.686956582304916
10-14	24.101932815627134	26.913310036566518	25.433724005157305	23.551033142649043
15-19	24.458275551677648	25.39972053469375	25.925934909480453	24.216069004148153
20-24	24.262580295190013	25.802908674669766	25.846960218914848	24.087550811225373
25-29	24.327871982893065	25.832551148996313	25.72690193263468	24.112674935475944
30-34	24.062066824178704	25.87355855455647	25.7632595350832	24.301115086181625
35-39	24.106827785331532	25.93642327588883	25.79446525488474	24.16228368389489
40-44	24.28672494032705	25.81490508358824	25.636565904524144	24.261804071560565
45-49	24.28691614488828	25.826293019887864	25.597287086590526	24.28950374863333
50-54	24.289202892151394	25.855889156089233	25.557839335715542	24.29706861604383
55-59	24.317814613344602	25.779285936387613	25.47960684361985	24.42329260664793
60-64	24.334009441584175	25.66984738527129	25.524206399796977	24.471936773347558
65-69	24.32736732992734	25.884896838854036	25.42808999416341	24.35964583705521
70-74	24.436616972293677	25.812494378487226	25.384851225418952	24.366037423800137
75-79	24.34370155182081	25.741419816060436	25.4182210582547	24.496657573864056
80-84	24.34159269	25.73371867145387	25.418639460814756	24.506049177731366
85-89	24.44984330802112	25.71662218582855	25.293347711841385	24.54018679430894
90-94	24.290759514099733	25.646749200930618	25.36269233908401	24.699798945885636
95-99	24.364772956115	25.75726073728574	25.362090807323433	24.515875499275822
100	24.59291384838254	25.47563750780084	25.08971231363904	24.841736330177575
>>END_MODULE
>>Per base GC content	fail
#Base	%GC
1	76.71172111016278
2	45.1262234414534
3	54.29535687864464
4	50.97544099936524
5	47.69045998807097
6	42.002410081317834
7	43.022938283450486
8	48.40771264973365
9	48.0567888191008
10-14	47.65296595827618
15-19	48.6743445558258
20-24	48.35013110641538
25-29	48.44054691836901
30-34	48.36318191036033
35-39	48.26911146922643
40-44	48.54852901188762
45-49	48.5764198935216
50-54	48.586271508195225
55-59	48.74110721999253
60-64	48.80594621493174
65-69	48.68701316698255
70-74	48.80265439609382
75-79	48.84035912568487
80-84	48.84764186773137
85-89	48.99003010233006
90-94	48.99055845998537
95-99	48.880648455390826
100	49.43465017856012
>>END_MODULE
>>Per sequence GC content	warn
#GC Content	Count
0	19662.0
1	13047.0
2	5523.0
3	4399.5
4	4035.0
5	3783.5
6	3730.0
7	3763.0
8	3755.0
9	3785.0
10	3829.0
11	3951.5
12	4047.0
13	4108.0
14	4303.5
15	4555.0
16	4951.0
17	5671.5
18	6788.0
19	8386.5
20	11017.0
21	14665.5
22	20045.0
23	27365.0
24	36635.5
25	48032.5
26	61760.5
27	78092.0
28	95896.5
29	115226.0
30	136000.5
31	159970.0
32	186371.5
33	212949.5
34	236640.5
35	258195.5
36	280772.0
37	305614.0
38	327922.5
39	350745.0
40	372828.5
41	390390.5
42	410841.5
43	439796.0
44	469836.0
45	490216.0
46	511492.5
47	537438.5
48	569342.0
49	597285.5
50	614115.0
51	634181.5
52	653964.0
53	658748.0
54	653805.5
55	643399.0
56	623572.5
57	594443.0
58	551827.5
59	501857.5
60	444169.0
61	386842.5
62	337535.5
63	289276.0
64	244472.5
65	203752.0
66	167265.5
67	135548.5
68	108947.5
69	85625.5
70	64781.5
71	48033.5
72	36221.5
73	28414.5
74	22770.0
75	17943.5
76	13167.0
77	9468.5
78	7048.5
79	4818.5
80	3401.0
81	2592.5
82	2384.0
83	2172.0
84	1364.5
85	735.5
86	451.5
87	284.0
88	192.5
89	145.0
90	111.0
91	81.0
92	53.5
93	38.0
94	27.5
95	21.5
96	15.0
97	6.5
98	3.0
99	2.0
100	1.0
>>END_MODULE
>>Per base N content	pass
#Base	N-Count
1	0.02814572438294896
2	0.004645935310813073
3	3.276170721675821
4	0.007863275526053133
5	0.01728119865611219
6	2.2596772911724106
7	0.030216587021489674
8	0.03192129713553478
9	0.031080947079315357
10-14	0.9609727027890739
15-19	0.022657038015755842
20-24	0.017246384153783097
25-29	0.015157514014037688
30-34	0.03761646951654181
35-39	0.038962230106573195
40-44	0.027649917849779503
45-49	0.020330468860108367
50-54	0.01586460856134231
55-59	0.004225760282703363
60-64	0.005713179882211734
65-69	0.002049253637095068
70-74	0.0030444682036749227
75-79	0.004124918275957032
80-84	0.0029088116945995023
85-89	0.00249463916689136
90-94	0.010331503691177597
95-99	0.022510577005957603
100	0.01722117365209652
>>END_MODULE
>>Sequence Length Distribution	pass
#Length	Count
100	1.6659724E7
>>END_MODULE
>>Sequence Duplication Levels	warn
#Total Duplicate Percentage	43.409274108014095
#Duplication Level	Relative count
1	100.0
2	21.64580053477272
3	9.387676903982474
4	5.562635879751106
5	3.690098374857352
6	2.6713646700152434
7	2.0374674096842176
8	1.6284745649765517
9	1.455214867014852
10++	18.517130219656647
>>END_MODULE
>>Overrepresented sequences	warn
#Sequence	Count	Percentage	Possible Source
TTTTTTTTTTTTTTTTTTTTTTTTTTTTTTTTTTTTTTTTTTTTTTTTTT	32913	0.1975602957167838	No Hit
GATCGGAAGAGCACACGTCTGAACTCCAGTCACATTACTCGATCTCGTAT	16976	0.1018984468170061	TruSeq Adapter, Index 1 (97% over 38bp)
>>END_MODULE
>>Kmer Content	fail
#Sequence	Count	Obs/Exp Overall	Obs/Exp Max	Max Obs/Exp Position
TTTTT	13001670	7.4895873	10.625103	2
AAAAA	9309255	5.287945	7.1651316	2
CTCCT	3712405	2.4402273	7.412967	1
CTCCA	3494485	2.2905552	6.56467	1
GAAGA	3590735	2.2595677	5.313378	2
TCCAG	3396100	2.2358894	5.0343585	7
CTGGA	3367455	2.226814	6.2521925	1
CTCTG	3337890	2.2037344	5.1401715	1
GAAAA	3329050	1.9903402	5.238778	2
GTTTT	2960895	1.7901912	6.4657397	1
CTCAG	2549475	1.6784971	5.2933245	1
GGAAA	2594140	1.6324334	5.9341145	1
CTGGG	2194480	1.5273858	5.2479253	1
>>END_MODULE
