##FastQC	0.10.1
>>Basic Statistics	pass
#Measure	Value	
Filename	F_parvapinis_NA_FW_3_R1.fastq.gz	
File type	Conventional base calls	
Encoding	Sanger / Illumina 1.9	
Total Sequences	8074759	
Filtered Sequences	0	
Sequence length	100	
%GC	49	
>>END_MODULE
>>Per base sequence quality	pass
#Base	Mean	Median	Lower Quartile	Upper Quartile	10th Percentile	90th Percentile
1	31.234058502550972	33.0	31.0	34.0	27.0	34.0
2	31.563863887454723	34.0	31.0	34.0	28.0	34.0
3	31.303798788298202	34.0	31.0	34.0	27.0	34.0
4	34.82745317847876	37.0	35.0	37.0	32.0	37.0
5	33.33218266947657	37.0	35.0	37.0	27.0	37.0
6	33.767011622266374	37.0	35.0	37.0	26.0	37.0
7	34.404695421869555	37.0	35.0	37.0	31.0	37.0
8	34.54138668411032	37.0	35.0	37.0	32.0	37.0
9	36.190506862186226	39.0	37.0	39.0	32.0	39.0
10-14	36.33501349080511	39.2	37.2	39.4	31.6	39.4
15-19	37.18202920978818	40.0	37.4	41.0	31.0	41.0
20-24	36.9743899229686	40.0	37.0	41.0	30.6	41.0
25-29	36.67577697365333	40.0	37.0	41.0	30.0	41.0
30-34	36.29353198033526	40.0	36.0	41.0	29.4	41.0
35-39	35.924889423944414	40.0	35.4	41.0	27.8	41.0
40-44	35.66764744310016	39.4	35.0	41.0	27.2	41.0
45-49	35.1687351411974	39.0	35.0	41.0	26.0	41.0
50-54	34.552854890158336	38.0	34.0	40.2	24.0	41.0
55-59	33.82302592560348	37.0	33.4	40.0	22.6	41.0
60-64	33.0117227028076	35.6	33.0	39.2	21.4	41.0
65-69	32.246765432875456	35.0	32.2	37.8	19.8	40.2
70-74	31.463741468940434	35.0	31.8	36.4	17.2	39.2
75-79	30.427315787381396	34.6	30.4	35.2	12.2	37.4
80-84	30.362858284686887	35.0	31.0	35.0	7.4	36.4
85-89	29.894864899373466	34.8	31.0	35.0	2.0	35.6
90-94	29.436556236539076	34.0	30.8	35.0	2.0	35.0
95-99	28.93398175722644	34.0	30.0	35.0	2.0	35.0
100	27.80432481018938	34.0	27.0	35.0	2.0	35.0
>>END_MODULE
>>Per sequence quality scores	pass
#Quality	Count
2	137432.0
3	48525.0
4	25848.0
5	21292.0
6	22186.0
7	21716.0
8	22211.0
9	24204.0
10	26489.0
11	28558.0
12	29937.0
13	31330.0
14	32416.0
15	33252.0
16	33492.0
17	32901.0
18	31548.0
19	30692.0
20	30700.0
21	32016.0
22	34739.0
23	40155.0
24	48604.0
25	59973.0
26	74441.0
27	91979.0
28	113483.0
29	135860.0
30	164244.0
31	201259.0
32	253611.0
33	337711.0
34	477200.0
35	725091.0
36	1196389.0
37	1815326.0
38	1370155.0
39	237589.0
40	205.0
>>END_MODULE
>>Per base sequence content	fail
#Base	G	A	T	C
1	31.67840090787243	15.13883712412433	7.8422534499486645	45.34050851805458
2	23.101261590087997	17.771703565216832	40.29028411660705	18.836750728088127
3	24.031071212499327	22.92837012987415	23.50092360318564	29.539635054440883
4	25.947232672270985	30.04256188751103	19.564262381372593	24.445943058845383
5	28.027686361875215	31.238489702910172	21.44037113382506	19.293452801389545
6	21.872671240301674	33.63538320970065	23.614228857262322	20.877716692735355
7	20.03061377724054	18.25358238684376	38.679147096300326	23.036656739615378
8	20.379322799824298	20.51662642720002	30.91596673537424	28.188084037601442
9	22.073509392462068	19.9777670038002	31.55169933614484	26.397024267592894
10-14	23.939308893480916	26.599297912758146	25.37058452461537	24.09080866914557
15-19	24.508015508981043	25.08832384028891	25.85018803982941	24.553472610900638
20-24	24.305397338330128	25.468518986678173	25.77218870026588	24.45389497472582
25-29	24.390923831496607	25.49786386708524	25.67992218396844	24.431290117449713
30-34	24.162911525030257	25.680869296290094	25.56140028289945	24.5948188957802
35-39	24.42309035697648	25.541199678854408	25.446533147423285	24.58917681674582
40-44	24.817767008336155	25.363443256947544	25.16030291334171	24.658486821374588
45-49	24.58934393240968	25.476232996403823	25.3161681072548	24.618254963931697
50-54	24.718729510150084	25.535494501672485	25.049965878531932	24.6958101096455
55-59	25.084829719705798	25.089706891394055	25.0403629923581	24.78510039654205
60-64	25.060036736399244	25.028552003485196	25.015315089576557	24.89609617053901
65-69	24.914856808026126	25.153107399249958	25.01508354857995	24.91695224414397
70-74	25.195461067672564	25.18650447371465	24.784555027445666	24.833479431167113
75-79	25.07786580132817	25.13457090979635	24.90068122420615	24.886882064669337
80-84	25.116220209654124	24.952394795197304	24.93151379844998	24.999871196698592
85-89	25.038027409160307	25.310616517490107	24.61874319360091	25.03261287974868
90-94	25.106014280923926	25.177337404000323	24.75577471940223	24.96087359567352
95-99	24.82178677693595	25.140623785731858	24.859451772170974	25.178137665161216
100	24.98251257187556	24.67342351826247	24.579112778058775	25.764951131803194
>>END_MODULE
>>Per base GC content	fail
#Base	%GC
1	77.018909425927
2	41.93801231817612
3	53.570706266940206
4	50.39317573111638
5	47.32113916326476
6	42.750387933037025
7	43.06727051685591
8	48.56740683742574
9	48.47053366005496
10-14	48.03011756262649
15-19	49.06148811988168
20-24	48.75929231305595
25-29	48.82221394894633
30-34	48.75773042081046
35-39	49.0122671737223
40-44	49.47625382971074
45-49	49.20759889634137
50-54	49.41453961979558
55-59	49.86993011624784
60-64	49.95613290693826
65-69	49.831809052170094
70-74	50.02894049883968
75-79	49.9647478659975
80-84	50.116091406352716
85-89	50.07064028890898
90-94	50.06688787659744
95-99	49.99992444209717
100	50.747463703678754
>>END_MODULE
>>Per sequence GC content	warn
#GC Content	Count
0	9043.0
1	5876.0
2	2407.0
3	2166.0
4	2186.5
5	2069.5
6	2057.0
7	2125.5
8	2082.0
9	2089.5
10	2143.0
11	2151.0
12	2166.0
13	2112.5
14	2079.5
15	2219.0
16	2374.0
17	2517.0
18	2914.5
19	3581.5
20	4612.0
21	6107.0
22	8200.0
23	11233.5
24	14832.0
25	19723.0
26	26466.5
27	34334.5
28	42479.5
29	50299.0
30	59446.5
31	71500.0
32	85502.0
33	98552.0
34	109630.0
35	121298.5
36	130465.5
37	135371.0
38	140488.5
39	146989.5
40	155687.5
41	166295.5
42	180914.5
43	200297.0
44	229818.5
45	248193.5
46	261531.5
47	274333.5
48	280294.5
49	288188.5
50	301853.0
51	316193.5
52	327666.5
53	337224.0
54	321293.0
55	308150.5
56	298840.5
57	278145.0
58	258262.0
59	241668.5
60	217232.0
61	182762.0
62	152171.5
63	128987.0
64	110311.5
65	91694.0
66	81485.0
67	77012.5
68	68476.5
69	53732.0
70	39360.5
71	29665.5
72	22913.5
73	21867.5
74	24536.0
75	25494.0
76	21282.5
77	15950.5
78	10481.5
79	5929.0
80	5520.0
81	6225.0
82	6507.0
83	6546.5
84	7465.0
85	6185.0
86	3587.0
87	2409.0
88	1457.5
89	906.5
90	667.0
91	529.0
92	400.5
93	289.0
94	195.0
95	128.0
96	84.5
97	44.0
98	24.0
99	17.5
100	6.5
>>END_MODULE
>>Per base N content	pass
#Base	N-Count
1	0.017065524803898172
2	0.002315858590949897
3	0.005003245298094965
4	0.00785162752225794
5	3.3747880277293723
6	0.03881230387185549
7	0.04808812250619492
8	0.05354958581426393
9	0.047951895530256694
10-14	0.052657918335395515
15-19	0.031369357277412246
20-24	0.02690606617485426
25-29	0.02700761719328094
30-34	0.05011914287472852
35-39	0.0483283773546678
40-44	0.039585082353541454
45-49	0.029818846605824397
50-54	0.015472907612474874
55-59	0.005042874963822449
60-64	0.004574749537416534
65-69	8.371766884931179E-4
70-74	0.003232294610897985
75-79	0.004386508625210981
80-84	0.005347528019102489
85-89	0.002333196569705672
90-94	0.009902462723655282
95-99	0.018333674107177688
100	0.004792712698917702
>>END_MODULE
>>Sequence Length Distribution	pass
#Length	Count
100	8074759.0
>>END_MODULE
>>Sequence Duplication Levels	fail
#Total Duplicate Percentage	50.1310644489165
#Duplication Level	Relative count
1	100.0
2	18.643019669713716
3	7.5777155859291385
4	4.273267106942671
5	3.028549229781263
6	2.265862224794463
7	1.7877954222923422
8	1.4357860353753578
9	1.2772232484758153
10++	18.27356837623778
>>END_MODULE
>>Overrepresented sequences	warn
#Sequence	Count	Percentage	Possible Source
TTTTTTTTTTTTTTTTTTTTTTTTTTTTTTTTTTTTTTTTTTTTTTTTTT	18207	0.22548041371884905	No Hit
CTGCAAGTCATTTAGCACCACGTTCTCCACAAACATGCTGTGCGTAATCG	14515	0.1797576868857634	No Hit
>>END_MODULE
>>Kmer Content	fail
#Sequence	Count	Obs/Exp Overall	Obs/Exp Max	Max Obs/Exp Position
TTTTT	5884190	7.367166	12.3458605	2
AAAAA	3766405	4.828655	6.693058	2
CTGCT	1723680	2.2832627	5.0436153	1
GAAGA	1644540	2.189819	5.43708	2
AAGAA	1652460	2.1590486	5.360901	2
CTCCA	1614680	2.1332977	7.377659	1
GAAAA	1534815	2.0053375	5.3181434	2
CTCCT	1520475	1.9993426	7.2626004	1
CTGGA	1445455	1.9379933	6.785531	1
CTCTG	1436220	1.9024805	5.401575	1
CTGCA	1397645	1.8601724	6.3187785	1
CTGAA	1403960	1.8470135	6.307829	1
CTTTT	1451155	1.846824	6.290735	1
CTTCA	1391345	1.80843	5.424532	1
GTTTT	1362005	1.7461512	7.215647	1
CTTTG	1299720	1.6937565	5.5841036	1
CTCAG	1215995	1.6184084	5.87861	1
GGAAA	1202435	1.6011257	6.3013306	1
CTGGG	1037715	1.4179409	5.9018216	1
CTCCC	1031105	1.3781892	5.366879	1
>>END_MODULE
