##FastQC	0.10.1
>>Basic Statistics	pass
#Measure	Value	
Filename	F_catanatus_NA_transfer_2_R2.fastq.gz	
File type	Conventional base calls	
Encoding	Sanger / Illumina 1.9	
Total Sequences	50723986	
Filtered Sequences	0	
Sequence length	100	
%GC	50	
>>END_MODULE
>>Per base sequence quality	pass
#Base	Mean	Median	Lower Quartile	Upper Quartile	10th Percentile	90th Percentile
1	30.288969226511497	31.0	31.0	34.0	26.0	34.0
2	30.30294659808478	31.0	31.0	34.0	26.0	34.0
3	30.360748620977855	31.0	31.0	34.0	26.0	34.0
4	33.775779569058315	37.0	35.0	37.0	28.0	37.0
5	33.704684564813185	37.0	35.0	37.0	28.0	37.0
6	33.59011007139699	37.0	35.0	37.0	28.0	37.0
7	33.62486384646506	37.0	35.0	37.0	28.0	37.0
8	33.58665870619868	37.0	35.0	37.0	28.0	37.0
9	35.04160536595054	39.0	35.0	39.0	28.0	39.0
10-14	35.14341727797181	39.2	35.2	39.4	27.4	39.4
15-19	35.88242317549729	40.0	36.0	41.0	27.0	41.0
20-24	35.56327180202281	39.6	36.0	41.0	26.2	41.0
25-29	35.32876905217977	39.0	35.0	41.0	25.0	41.0
30-34	34.99659751108676	39.0	35.0	41.0	24.2	41.0
35-39	34.55957314159025	39.0	34.0	40.6	22.4	41.0
40-44	34.07591542194653	38.0	33.4	40.0	19.4	41.0
45-49	33.57819349607107	38.0	33.0	40.0	16.8	41.0
50-54	32.8249908120391	37.0	32.2	39.6	13.6	40.6
55-59	32.75378020173731	36.4	32.4	40.0	10.8	41.0
60-64	31.939003098060947	35.2	31.6	39.0	6.4	41.0
65-69	31.162952323975485	35.0	31.0	37.4	2.0	40.0
70-74	30.420852308412826	35.0	30.6	36.2	2.0	39.0
75-79	29.716640281384826	34.6	30.0	35.0	2.0	37.2
80-84	29.088180033800974	34.0	29.6	35.0	2.0	36.2
85-89	28.578284458953995	34.0	29.0	35.0	2.0	35.2
90-94	28.085366658684904	34.0	29.0	35.0	2.0	35.0
95-99	27.458445785392335	34.0	27.6	35.0	2.0	35.0
100	26.143325250503775	33.0	24.0	35.0	2.0	35.0
>>END_MODULE
>>Per sequence quality scores	pass
#Quality	Count
2	1840567.0
3	287568.0
4	209556.0
5	172631.0
6	165609.0
7	169598.0
8	179507.0
9	195689.0
10	213568.0
11	219841.0
12	214106.0
13	211733.0
14	212591.0
15	215578.0
16	217661.0
17	215669.0
18	216681.0
19	220218.0
20	229216.0
21	245675.0
22	273506.0
23	319421.0
24	383922.0
25	463524.0
26	557441.0
27	668086.0
28	800410.0
29	962693.0
30	1167662.0
31	1445880.0
32	1835537.0
33	2405760.0
34	3314416.0
35	4816647.0
36	7577080.0
37	9997156.0
38	6787246.0
39	1093152.0
40	1185.0
>>END_MODULE
>>Per base sequence content	fail
#Base	G	A	T	C
1	42.466556344741115	13.530977003059785	7.449692387382813	36.55277426481629
2	27.448630356188282	18.26133889541155	31.691543486765262	22.598487261634904
3	27.746168346011345	22.117935828815618	19.87773705103091	30.258158774142125
4	31.497996141394673	26.084443796101407	18.163616526519906	24.253943535984014
5	31.062285455355838	27.13407585406722	21.44590245246907	20.357736238107872
6	25.20327664714651	30.918543365503925	22.91163073564088	20.966549251708685
7	22.835674194090974	20.134151967945094	34.54474514589532	22.485428692068606
8	22.518622815521287	21.535938974051895	29.51326992583376	26.43216828459306
9	22.47104100425191	20.22032234271373	31.899019596897833	25.40961705613653
10-14	25.338484556970947	25.75502468225524	24.967804227742523	23.93868653303129
15-19	25.35828758031597	24.53967796737726	25.384795399033788	24.717239053272984
20-24	25.27668938896032	25.087898900865085	25.19032249099984	24.445089219174758
25-29	25.183269640774697	24.945490863354568	25.183005001725363	24.688234494145377
30-34	25.095135944531886	25.115526057316455	25.11993613761925	24.669401860532407
35-39	25.080266574129016	25.05289040565521	25.10217074327658	24.764672276939194
40-44	25.211131795137593	25.06311708019478	24.967193214825482	24.758557909842153
45-49	25.195162499862107	24.937784099145336	24.93284235241632	24.934211048576238
50-54	25.06628226025202	25.17265755309951	25.00004418791048	24.761015998737992
55-59	25.25196985241891	24.916407150185464	24.899853997316708	24.931769000078923
60-64	25.175237180764327	24.990547399007745	24.8660932001263	24.96812222010163
65-69	25.090208822631404	24.980390329923083	24.995710326101587	24.933690521343923
70-74	25.269708881034838	25.02232754897144	24.804670120946398	24.90329344904732
75-79	25.160594723981134	24.86403910505547	24.87414774964748	25.10121842131592
80-84	25.20648104496926	25.02152433950825	24.815471936540796	24.956522678981692
85-89	25.335321117073704	24.920068272404016	24.74406509640306	25.00054551411922
90-94	25.26809105860489	24.90292247262579	24.700283441845816	25.128703026923503
95-99	25.22813262901175	24.987138221545653	24.794888999592896	24.9898401498497
100	25.864750859884317	24.635183808971618	24.143317136904585	25.356748194239483
>>END_MODULE
>>Per base GC content	fail
#Base	%GC
1	79.0193306095574
2	50.04711761782319
3	58.00432712015348
4	55.75193967737868
5	51.42002169346371
6	46.169825898855194
7	45.32110288615958
8	48.950791100114344
9	47.880658060388434
10-14	49.277171090002234
15-19	50.07552663358895
20-24	49.721778608135075
25-29	49.871504134920066
30-34	49.76453780506429
35-39	49.84493885106821
40-44	49.96968970497974
45-49	50.12937354843834
50-54	49.82729825899001
55-59	50.183738852497825
60-64	50.14335940086595
65-69	50.02389934397533
70-74	50.17300233008216
75-79	50.261813145297054
80-84	50.16300372395095
85-89	50.33586663119293
90-94	50.3967940855284
95-99	50.21797277886145
100	51.2214990541238
>>END_MODULE
>>Per sequence GC content	warn
#GC Content	Count
0	24292.0
1	16165.0
2	7496.0
3	6679.5
4	5758.5
5	4866.5
6	4462.0
7	4382.5
8	4445.5
9	4552.0
10	4741.0
11	4873.0
12	5191.5
13	5595.0
14	5988.5
15	6789.5
16	8031.5
17	9883.0
18	12621.0
19	16458.5
20	22088.0
21	30505.0
22	42190.5
23	57665.5
24	78846.0
25	105847.5
26	137612.5
27	176426.5
28	223661.0
29	275313.0
30	333465.5
31	401909.5
32	472289.0
33	534266.5
34	596137.5
35	655697.0
36	710443.0
37	770296.0
38	829648.0
39	893490.5
40	962174.0
41	1030192.0
42	1102693.0
43	1181447.0
44	1269507.5
45	1356007.5
46	1448791.5
47	1553413.0
48	1657266.5
49	1754635.5
50	1846673.5
51	1946482.5
52	2036084.0
53	2100005.0
54	2127577.0
55	2121808.5
56	2074282.5
57	2005288.0
58	1910254.5
59	1758143.5
60	1584814.5
61	1393398.0
62	1217399.5
63	1067269.5
64	910886.0
65	764043.0
66	637044.0
67	525194.5
68	428979.0
69	340217.0
70	260385.0
71	198573.5
72	152411.0
73	118782.5
74	93855.5
75	74050.0
76	55820.0
77	41008.5
78	29472.0
79	20864.5
80	15798.0
81	12598.0
82	10043.0
83	7902.5
84	6158.5
85	4335.0
86	3033.0
87	2190.0
88	1480.5
89	1116.5
90	858.5
91	664.5
92	529.5
93	414.0
94	260.0
95	157.5
96	114.5
97	81.5
98	58.5
99	40.0
100	26.0
>>END_MODULE
>>Per base N content	pass
#Base	N-Count
1	0.0435040732011873
2	0.052024696955006645
3	0.04682794447581466
4	0.046924545716892196
5	0.04534343968945974
6	0.046812172844618326
7	0.045300067703669816
8	0.039003243948533536
9	0.0517861510331621
10-14	0.03661147607760952
15-19	0.041814142918500136
20-24	0.04413099554124157
25-29	0.026426945232576955
30-34	0.0432958876693957
35-39	0.036610687496049704
40-44	0.08839131845829308
45-49	0.06586154329433022
50-54	0.06187920641725594
55-59	0.07883055562707553
60-64	0.07687605623106986
65-69	0.07094040283032962
70-74	0.06333374510433781
75-79	0.0645043944298857
80-84	0.08016996140642417
85-89	0.074629781657932
90-94	0.05369727844337785
95-99	0.06754595350609867
100	0.07109654197917332
>>END_MODULE
>>Sequence Length Distribution	pass
#Length	Count
100	5.0723986E7
>>END_MODULE
>>Sequence Duplication Levels	fail
#Total Duplicate Percentage	69.09215719924488
#Duplication Level	Relative count
1	100.0
2	54.00703312974274
3	30.128323770744647
4	17.939107903016843
5	11.980998210870505
6	8.771361589240545
7	6.920537972731199
8	5.401320254179777
9	4.486704917021408
10++	68.83521500401012
>>END_MODULE
>>Overrepresented sequences	pass
>>END_MODULE
>>Kmer Content	warn
#Sequence	Count	Obs/Exp Overall	Obs/Exp Max	Max Obs/Exp Position
TTTTT	26207320	5.645998	7.653806	2
AAAAA	20184040	4.4560804	6.863384	2
GGAGG	12121630	2.3866136	5.2991867	1
CTGGA	10868115	2.2448635	5.948797	1
GAAAA	9200335	1.9738657	5.1447663	1
GTTTT	8694330	1.8291471	6.4950123	1
GGGGG	9181380	1.7567021	5.5955205	1
GGAAA	7830145	1.6324985	5.739962	1
GTGGA	7615165	1.5353452	5.2422223	1
CTGGG	7530850	1.5116413	5.223986	1
>>END_MODULE
