##FastQC	0.10.1
>>Basic Statistics	pass
#Measure	Value	
Filename	F_heteroclitus_MDPP_transfer_2_R2.fastq.gz	
File type	Conventional base calls	
Encoding	Sanger / Illumina 1.9	
Total Sequences	14218511	
Filtered Sequences	0	
Sequence length	100	
%GC	49	
>>END_MODULE
>>Per base sequence quality	pass
#Base	Mean	Median	Lower Quartile	Upper Quartile	10th Percentile	90th Percentile
1	30.335351148935356	31.0	31.0	34.0	26.0	34.0
2	30.367453244576737	31.0	31.0	34.0	26.0	34.0
3	30.41047990186877	31.0	31.0	34.0	26.0	34.0
4	33.79466520791101	37.0	35.0	37.0	28.0	37.0
5	33.73910383443105	37.0	35.0	37.0	28.0	37.0
6	33.637004254524264	37.0	35.0	37.0	28.0	37.0
7	33.676005736465655	37.0	35.0	37.0	28.0	37.0
8	33.636080036791476	37.0	35.0	37.0	28.0	37.0
9	35.101720496611776	39.0	35.0	39.0	28.0	39.0
10-14	35.20528684051375	39.2	35.2	39.4	27.4	39.4
15-19	35.971507677562016	40.0	36.0	41.0	27.0	41.0
20-24	35.668957952066854	40.0	36.0	41.0	26.6	41.0
25-29	35.44598775497659	40.0	35.8	41.0	25.0	41.0
30-34	35.12707618962351	39.2	35.0	41.0	24.2	41.0
35-39	34.71304633797448	39.0	34.6	41.0	22.8	41.0
40-44	34.250643052567185	38.6	33.8	40.6	19.8	41.0
45-49	33.77293106148738	38.0	33.0	40.0	17.4	41.0
50-54	33.00002562856265	37.0	32.4	39.6	14.2	40.6
55-59	32.955655567590725	36.8	32.8	40.0	11.2	41.0
60-64	32.16512900682779	35.4	32.0	39.2	6.8	41.0
65-69	31.41058250051641	35.0	31.2	38.0	2.0	40.2
70-74	30.67946836345944	35.0	31.0	36.6	2.0	39.2
75-79	29.974930820815207	35.0	30.4	35.4	2.0	37.8
80-84	29.341814610545367	34.2	30.0	35.0	2.0	36.4
85-89	28.835635362943425	34.0	29.6	35.0	2.0	35.6
90-94	28.362484229185462	34.0	29.0	35.0	2.0	35.0
95-99	27.783918555184858	34.0	29.0	35.0	2.0	35.0
100	26.57594687657519	33.0	25.0	35.0	2.0	35.0
>>END_MODULE
>>Per sequence quality scores	pass
#Quality	Count
2	510369.0
3	81661.0
4	59254.0
5	48502.0
6	46850.0
7	48225.0
8	50488.0
9	55565.0
10	60339.0
11	62197.0
12	60152.0
13	58980.0
14	59656.0
15	60774.0
16	60521.0
17	59968.0
18	59068.0
19	59742.0
20	61874.0
21	65998.0
22	73670.0
23	86278.0
24	104085.0
25	125918.0
26	151917.0
27	180369.0
28	214495.0
29	255712.0
30	306193.0
31	376457.0
32	475274.0
33	618688.0
34	846270.0
35	1236524.0
36	2016224.0
37	2876929.0
38	2203606.0
39	439044.0
40	675.0
>>END_MODULE
>>Per base sequence content	fail
#Base	G	A	T	C
1	38.097324339923205	14.888792469044047	7.131202185800039	39.882681005232705
2	25.61405249629211	17.122574038984276	39.1670968343529	18.09627663037072
3	25.795335282794557	22.185315819614644	23.164287450436024	28.855061447154775
4	27.95836570062427	28.066362616445723	19.596806353796264	24.378465329133743
5	29.63591280124362	29.176163845537467	22.017164552112796	19.170758801106118
6	23.24555042339774	32.6435496488944	23.2699973125311	20.840902615176763
7	21.255274432333085	19.106065964868034	36.925178181199946	22.713481421598935
8	21.08579386249736	21.401838257464266	30.285074647765125	27.227293232273247
9	22.51257563714943	20.38565709507462	31.388556680411817	25.713210587364138
10-14	24.56681598290519	26.293279860171655	25.42406422025695	23.715839936666207
15-19	24.77950345178664	25.158962775061354	25.807389853828315	24.25414391932369
20-24	24.617752779041645	25.52651831497194	25.692297673936558	24.163431232049852
25-29	24.652629984043273	25.565717244953717	25.513901005923106	24.267751765079904
30-34	24.530610818640053	25.53120705044995	25.583336346133233	24.354845784776767
35-39	24.511916867188308	25.56101367579436	25.62437696204579	24.30269249497154
40-44	24.661670659881896	25.500561936369724	25.47540380047088	24.362363603277498
45-49	24.658973321252184	25.47956767826467	25.409105256179686	24.45235374430346
50-54	24.536919102832833	25.553075238546164	25.544553948171128	24.365451710449875
55-59	24.719630205590743	25.38344328604038	25.370712115083926	24.52621439328495
60-64	24.661420961451956	25.377755985901928	25.3422210811959	24.618601971450214
65-69	24.54913992863652	25.472144785155027	25.477004231716432	24.50171105449202
70-74	24.789789517566252	25.42183843366854	25.34778941306488	24.440582635700327
75-79	24.66949964449477	25.346524167282258	25.370936779189762	24.613039409033206
80-84	24.696650602434403	25.43209982219217	25.413117717194005	24.458131858179417
85-89	24.81815996044583	25.38816387253136	25.261386060251972	24.532290106770834
90-94	24.688568342581565	25.341508618125935	25.264383803299097	24.705539235993403
95-99	24.704568264305006	25.45861424702195	25.315984481744145	24.520833006928896
100	25.288873885947112	25.112221754240554	24.74733212909387	24.851572230718467
>>END_MODULE
>>Per base GC content	fail
#Base	%GC
1	77.98000534515592
2	43.710329126662835
3	54.65039672994932
4	52.33683102975802
5	48.80667160234973
6	44.086453038574504
7	43.96875585393202
8	48.31308709477061
9	48.22578622451357
10-14	48.2826559195714
15-19	49.03364737111033
20-24	48.7811840110915
25-29	48.92038174912317
30-34	48.88545660341682
35-39	48.81460936215985
40-44	49.02403426315939
45-49	49.11132706555564
50-54	48.90237081328271
55-59	49.245844598875685
60-64	49.28002293290217
65-69	49.05085098312854
70-74	49.230372153266586
75-79	49.28253905352798
80-84	49.15478246061382
85-89	49.35045006721667
90-94	49.39410757857497
95-99	49.225401271233906
100	50.14044611666558
>>END_MODULE
>>Per sequence GC content	warn
#GC Content	Count
0	3829.0
1	2686.0
2	1458.5
3	1334.5
4	1244.5
5	1180.5
6	1117.5
7	1108.5
8	1180.5
9	1263.5
10	1365.0
11	1456.0
12	1561.5
13	1758.0
14	2053.0
15	2429.5
16	2962.0
17	3717.5
18	4786.5
19	6469.5
20	8914.5
21	12575.5
22	17645.0
23	23732.5
24	31784.0
25	42459.0
26	54811.5
27	70185.5
28	88952.0
29	108568.5
30	127630.0
31	146289.5
32	164220.0
33	181523.5
34	200772.5
35	221605.0
36	239858.0
37	251070.5
38	263945.0
39	282245.5
40	293808.5
41	303589.5
42	319026.5
43	339780.0
44	365455.5
45	387249.5
46	411137.0
47	443542.0
48	470522.5
49	491003.5
50	514326.0
51	536764.0
52	553625.0
53	565931.0
54	568573.0
55	566439.0
56	550935.0
57	524360.5
58	497627.5
59	458229.0
60	408670.5
61	358391.0
62	310605.5
63	264873.5
64	220125.0
65	182165.0
66	151715.5
67	125789.0
68	103938.5
69	84643.5
70	65622.5
71	47476.5
72	35021.0
73	27541.0
74	21912.0
75	16906.0
76	12848.5
77	9492.5
78	6768.0
79	4473.0
80	3483.0
81	2793.5
82	2359.5
83	2078.5
84	1487.0
85	1073.5
86	768.5
87	510.5
88	388.0
89	298.0
90	196.0
91	113.5
92	78.5
93	56.0
94	30.0
95	19.0
96	15.0
97	10.0
98	8.0
99	4.5
100	2.5
>>END_MODULE
>>Per base N content	pass
#Base	N-Count
1	0.0528395694879724
2	0.06284764979961685
3	0.05689062659233445
4	0.055702035184978224
5	0.05423915345284749
6	0.05706645372360017
7	0.056102921044264065
8	0.048528288229337094
9	0.06254522713383982
10-14	0.046218623033030676
15-19	0.05127681794528274
20-24	0.05411818438653668
25-29	0.0339008775250798
30-34	0.04869989550945243
35-39	0.0456841085539829
40-44	0.09259760040977567
45-49	0.07293590728311847
50-54	0.06607864916375561
55-59	0.08744656877221532
60-64	0.08578535403601685
65-69	0.07829089839294706
70-74	0.07093147798668932
75-79	0.0723085560787624
80-84	0.0879107523987568
85-89	0.08275409429299593
90-94	0.0583647612608662
95-99	0.07509365783801131
100	0.07685052253361832
>>END_MODULE
>>Sequence Length Distribution	pass
#Length	Count
100	1.4218511E7
>>END_MODULE
>>Sequence Duplication Levels	warn
#Total Duplicate Percentage	47.793117754166005
#Duplication Level	Relative count
1	100.0
2	22.642708931173015
3	9.468014657189528
4	5.612997218665843
5	3.772018895413006
6	2.9340867952849763
7	2.353979956734802
8	1.833914617456183
9	1.6431945609465366
10++	26.331729283475344
>>END_MODULE
>>Overrepresented sequences	pass
>>END_MODULE
>>Kmer Content	warn
#Sequence	Count	Obs/Exp Overall	Obs/Exp Max	Max Obs/Exp Position
TTTTT	8026950	5.471637	8.846872	2
AAAAA	6846225	4.910272	6.8274837	2
CTCCT	3272480	2.5180304	7.254403	1
GGAGG	3169940	2.4357255	5.171586	1
CTCCA	3075355	2.390544	6.4627647	1
GAAGA	3060205	2.2717807	5.7867436	2
CTGGA	2973785	2.2523162	7.0581403	1
CTCTG	2959885	2.248112	5.568328	1
CTTCA	2882525	2.1519663	5.016445	1
GGAGA	2708985	2.0459886	5.5105896	1
GAAAA	2693320	1.9652741	5.0698595	2
CTTTT	2606860	1.8502204	5.3440723	1
GTTTT	2610265	1.8287295	8.271398	1
GGGGG	2333890	1.8244768	5.118507	1
GGAAG	2283025	1.7242776	5.6874614	1
CTCAG	2219820	1.70325	5.577389	1
GGAAA	2144660	1.5921147	6.036364	1
GTGGA	2099870	1.5698978	5.409256	1
CTGGG	1948750	1.5016084	5.89948	1
GGGAG	1841170	1.4147222	5.248284	1
GTTTG	1901030	1.3688382	5.3380055	1
GTCAG	1665425	1.261377	5.0536265	1
>>END_MODULE
