##FastQC	0.10.1
>>Basic Statistics	pass
#Measure	Value	
Filename	F_similis_NA_FW_2_R2.fastq.gz	
File type	Conventional base calls	
Encoding	Sanger / Illumina 1.9	
Total Sequences	9368030	
Filtered Sequences	0	
Sequence length	100	
%GC	50	
>>END_MODULE
>>Per base sequence quality	fail
#Base	Mean	Median	Lower Quartile	Upper Quartile	10th Percentile	90th Percentile
1	28.490575713357025	31.0	30.0	34.0	16.0	34.0
2	28.50697467877451	31.0	30.0	34.0	16.0	34.0
3	28.539372312001564	31.0	30.0	34.0	16.0	34.0
4	31.72976655710966	35.0	33.0	37.0	16.0	37.0
5	31.64469456225055	35.0	33.0	37.0	16.0	37.0
6	31.50615615022582	35.0	32.0	37.0	10.0	37.0
7	31.535993906936678	35.0	32.0	37.0	11.0	37.0
8	31.46594139856512	35.0	32.0	37.0	10.0	37.0
9	32.738866229079115	38.0	33.0	39.0	10.0	39.0
10-14	32.75160190563011	38.2	32.8	39.4	8.8	39.4
15-19	33.300682555457236	39.0	32.6	41.0	3.0	41.0
20-24	32.89164650412093	38.6	32.0	41.0	2.0	41.0
25-29	32.56551454254523	38.0	31.8	40.4	2.0	41.0
30-34	32.14802772834844	38.0	31.0	40.0	2.0	41.0
35-39	31.61334378732775	38.0	30.0	40.0	2.0	41.0
40-44	31.027311526542935	37.2	29.6	40.0	2.0	41.0
45-49	30.44567634817566	36.4	28.2	40.0	2.0	41.0
50-54	29.68965558393814	35.2	27.6	39.0	2.0	40.4
55-59	29.574946301410222	35.0	27.6	39.2	2.0	41.0
60-64	28.768560625873317	35.0	26.0	38.2	2.0	40.4
65-69	28.004288094722153	34.0	25.8	36.6	2.0	39.6
70-74	27.265601369765044	34.0	24.4	35.4	2.0	38.8
75-79	26.548262163976847	33.8	23.0	35.0	2.0	36.8
80-84	25.887430035984085	33.0	20.0	35.0	2.0	36.0
85-89	25.310453852090568	33.0	17.2	35.0	2.0	35.0
90-94	24.733536656052554	33.0	5.8	35.0	2.0	35.0
95-99	24.015694100040243	33.0	2.0	35.0	2.0	35.0
100	22.765111021207233	31.0	2.0	34.0	2.0	35.0
>>END_MODULE
>>Per sequence quality scores	pass
#Quality	Count
2	757054.0
3	99687.0
4	65111.0
5	52514.0
6	52042.0
7	52205.0
8	54949.0
9	59316.0
10	61301.0
11	62247.0
12	59438.0
13	58195.0
14	57795.0
15	58919.0
16	58792.0
17	57377.0
18	57533.0
19	58019.0
20	59656.0
21	63238.0
22	69204.0
23	78782.0
24	92927.0
25	109573.0
26	128541.0
27	149756.0
28	175411.0
29	202543.0
30	236933.0
31	281236.0
32	345541.0
33	435739.0
34	572663.0
35	800263.0
36	1178411.0
37	1466177.0
38	967399.0
39	171347.0
40	196.0
>>END_MODULE
>>Per base sequence content	fail
#Base	G	A	T	C
1	34.480321861917325	14.03800414939842	7.20407716253512	44.277596826149136
2	24.983800340302327	16.497870146603848	39.136359213662594	19.38197029943123
3	25.606791126509137	21.696435961528913	22.278938355158573	30.41783455680338
4	27.761388976700868	28.458323009492236	18.9442021308408	24.83608588296609
5	29.648179113397568	29.37265306519124	21.551051776021108	19.428116045390084
6	22.824606855116475	32.634822053920495	23.347956317306366	21.192614773656672
7	20.94776893365075	18.45014170408223	37.64496006686369	22.957129295403327
8	20.83656150868764	20.492547920716902	30.830255554018965	27.840635016576492
9	22.370996838942876	19.87617866781473	31.58954169317613	26.163282800066263
10-14	24.43549975307449	26.186369588037948	25.233320204837007	24.14481045405055
15-19	24.979345696703863	24.75558656160256	25.638218025247195	24.626849716446387
20-24	24.757428838277697	25.261716443794878	25.470598338176277	24.510256379751148
25-29	24.757423846179506	25.276191563888133	25.447187886544647	24.51919670338771
30-34	24.65244070404032	25.357026521109695	25.292207265869436	24.698325508980556
35-39	24.87085151098574	25.215443971838177	25.249631121784038	24.66407339539204
40-44	25.21831330194714	25.12054441341135	24.93431663628185	24.726825648359657
45-49	25.117107168275115	25.207547361679634	24.903087737669345	24.772257732375902
50-54	25.07720853979173	25.319756832620378	24.85623215318899	24.7468024743989
55-59	25.4420548330978	24.900997101384863	24.807803825761734	24.8491442397556
60-64	25.34418562694342	24.8525565825612	24.769872379724386	25.033385410770993
65-69	25.187521229659932	24.935351486042546	24.83907226095005	25.03805502334747
70-74	25.567698262699906	24.966939749399646	24.601470754426565	24.863891233473883
75-79	25.438024722205625	24.871945505211126	24.66508434148153	25.02494543110172
80-84	25.463491990505595	24.773133126456578	24.718083557058566	25.045291325979257
85-89	25.514514164367807	24.946842545483168	24.481610127332615	25.05703316281641
90-94	25.523347640841802	24.897260639740868	24.521977982073107	25.05741373734422
95-99	25.348016771101854	24.921142177205276	24.568383660639462	25.162457391053405
100	25.7623161455231	24.416966271874312	24.14324091506139	25.6774766675412
>>END_MODULE
>>Per base GC content	fail
#Base	%GC
1	78.75791868806647
2	44.36577063973356
3	56.024625683312514
4	52.59747485966696
5	49.07629515878765
6	44.01722162877314
7	43.904898229054076
8	48.67719652526413
9	48.534279639009135
10-14	48.580310207125045
15-19	49.60619541315025
20-24	49.267685218028845
25-29	49.27662054956721
30-34	49.350766213020876
35-39	49.53492490637779
40-44	49.9451389503068
45-49	49.88936490065102
50-54	49.82401101419063
55-59	50.2911990728534
60-64	50.37757103771442
65-69	50.22557625300741
70-74	50.43158949617379
75-79	50.46297015330734
80-84	50.50878331648485
85-89	50.57154732718422
90-94	50.580761378186025
95-99	50.51047416215526
100	51.4397928130643
>>END_MODULE
>>Per sequence GC content	warn
#GC Content	Count
0	15686.0
1	9903.0
2	3544.0
3	2983.5
4	2717.5
5	2334.5
6	2206.5
7	2123.0
8	2083.5
9	2075.0
10	2101.5
11	2183.0
12	2276.0
13	2381.0
14	2575.0
15	2830.0
16	3156.5
17	3551.5
18	4260.5
19	5338.0
20	6797.5
21	8890.0
22	11640.0
23	15523.0
24	21237.5
25	29445.0
26	37369.0
27	43634.0
28	51640.0
29	61783.5
30	73794.0
31	85757.0
32	96591.0
33	107851.5
34	118260.0
35	127170.5
36	136463.5
37	146530.5
38	155703.5
39	165000.0
40	173325.5
41	184453.5
42	197953.0
43	214767.5
44	244823.0
45	263724.5
46	274744.0
47	288764.0
48	299893.0
49	307801.0
50	316098.5
51	333887.5
52	352315.0
53	360321.5
54	354162.0
55	349861.0
56	348068.5
57	338037.0
58	324522.0
59	301895.5
60	272827.5
61	246284.5
62	212476.5
63	181568.5
64	158404.0
65	138234.0
66	119940.0
67	105805.5
68	97119.0
69	79897.5
70	61624.0
71	48336.5
72	36918.0
73	31037.0
74	29073.5
75	29296.0
76	24978.0
77	19122.5
78	14214.0
79	9401.5
80	7925.5
81	8013.0
82	8265.0
83	8583.0
84	6944.5
85	4306.5
86	2892.5
87	1752.0
88	1197.0
89	951.0
90	639.5
91	371.5
92	285.5
93	190.5
94	85.5
95	35.5
96	19.5
97	14.5
98	13.5
99	9.5
100	8.0
>>END_MODULE
>>Per base N content	pass
#Base	N-Count
1	0.045505832069282444
2	0.05528376830560961
3	0.04947678433993059
4	0.04899642721041671
5	0.04789694311397381
6	0.05004253829246917
7	0.04806773676002319
8	0.04125734012380405
9	0.053618530256628126
10-14	0.039148038595094165
15-19	0.04399857814289664
20-24	0.046598911403998494
25-29	0.028633554760179033
30-34	0.04425476861197071
35-39	0.03941917350819756
40-44	0.08755095788548926
45-49	0.06685717274603092
50-54	0.06248058556601548
55-59	0.08217309295550933
60-64	0.07850529940659882
65-69	0.0716970376909553
70-74	0.06438920456061734
75-79	0.06613343467089665
80-84	0.08260861675293524
85-89	0.07643442644825006
90-94	0.05458991911853399
95-99	0.06936783934295684
100	0.07282214083430562
>>END_MODULE
>>Sequence Length Distribution	pass
#Length	Count
100	9368030.0
>>END_MODULE
>>Sequence Duplication Levels	warn
#Total Duplicate Percentage	42.56470899629014
#Duplication Level	Relative count
1	100.0
2	15.504285066561614
3	5.916588001813627
4	3.401294811092859
5	2.378527839925076
6	1.8299798568423555
7	1.38697904665631
8	1.2301448672112505
9	1.0301998706675488
10++	15.979990634546631
>>END_MODULE
>>Overrepresented sequences	warn
#Sequence	Count	Percentage	Possible Source
TTTTTTTTTTTTTTTTTTTTTTTTTTTTTTTTTTTTTTTTTTTTTTTTTT	25008	0.26695046877518536	No Hit
CTGCAAGTCATTTAGCACCACGTTCTCCACAAACATGCTATGCGTAATCG	11708	0.1249782504966359	No Hit
>>END_MODULE
>>Kmer Content	fail
#Sequence	Count	Obs/Exp Overall	Obs/Exp Max	Max Obs/Exp Position
TTTTT	8080070	9.182848	13.154459	2
AAAAA	5182395	6.0962944	7.350742	2
CTCCA	1855100	2.1389575	7.370801	1
GAAGA	1853510	2.1201296	5.358129	2
CTCCT	1847495	2.1155508	7.876265	1
GAAAA	1793020	2.0798717	5.3658037	2
CTGGA	1735595	1.962995	6.576714	1
CTCTG	1711990	1.9415983	5.5198183	1
CTTTT	1701005	1.9380301	6.6743183	1
TTTAA	1626490	1.8741441	5.0304966	7
CTTCA	1623590	1.8673192	5.360359	1
GTTTT	1633320	1.8430803	7.5997176	1
CTGCA	1604115	1.8318431	5.2971544	1
CTGAA	1558825	1.7879369	5.7910175	1
CTTTG	1475815	1.6695426	5.0819554	1
GGAAA	1437880	1.6447129	6.290644	1
CTCAG	1365730	1.5596159	5.8714786	1
GGGAG	1348165	1.4994863	5.035451	1
CTGGG	1297450	1.44703	6.160348	1
CTCCC	1244400	1.4285414	5.7685146	1
CTCCG	983115	1.1177769	5.001194	1
>>END_MODULE
