##FastQC	0.10.1
>>Basic Statistics	pass
#Measure	Value	
Filename	F_rathbuni_NA_FW_3_R2.fastq.gz	
File type	Conventional base calls	
Encoding	Sanger / Illumina 1.9	
Total Sequences	15786079	
Filtered Sequences	0	
Sequence length	100	
%GC	48	
>>END_MODULE
>>Per base sequence quality	pass
#Base	Mean	Median	Lower Quartile	Upper Quartile	10th Percentile	90th Percentile
1	30.080716433764206	31.0	31.0	34.0	26.0	34.0
2	30.134755755371554	31.0	31.0	34.0	26.0	34.0
3	30.17576505223368	31.0	31.0	34.0	26.0	34.0
4	33.508512531832636	37.0	35.0	37.0	28.0	37.0
5	33.456012287788504	37.0	35.0	37.0	27.0	37.0
6	33.4135044554129	37.0	35.0	37.0	27.0	37.0
7	33.429645258965195	37.0	35.0	37.0	28.0	37.0
8	33.3747328896555	37.0	35.0	37.0	27.0	37.0
9	34.843310235556274	39.0	35.0	39.0	27.0	39.0
10-14	34.9338823275875	39.2	35.2	39.4	27.0	39.4
15-19	35.72178749390524	40.0	36.0	41.0	26.6	41.0
20-24	35.49999131513278	40.0	36.0	41.0	25.2	41.0
25-29	35.24617122465939	40.0	35.6	41.0	24.2	41.0
30-34	34.45419770165853	39.6	34.2	41.0	18.8	41.0
35-39	34.36566078251604	39.0	33.8	41.0	19.0	41.0
40-44	34.08416385094741	39.0	33.8	40.8	16.0	41.0
45-49	33.78255229813559	38.0	33.0	40.0	14.4	41.0
50-54	32.98930007888596	37.6	32.4	39.6	9.4	40.6
55-59	32.94828337043037	37.2	33.0	40.0	7.0	41.0
60-64	32.233396298092764	35.8	32.0	39.6	2.0	41.0
65-69	31.438344695981822	35.0	31.2	38.6	2.0	40.6
70-74	30.70351975306851	35.0	31.0	36.8	2.0	39.4
75-79	29.941678475066546	35.0	30.4	35.8	2.0	38.2
80-84	29.27050802165629	34.6	30.0	35.0	2.0	36.6
85-89	28.72159056089862	34.0	29.4	35.0	2.0	35.8
90-94	28.216104189013624	34.0	29.0	35.0	2.0	35.0
95-99	27.647806855647946	34.0	29.0	35.0	2.0	35.0
100	26.412061855258674	33.0	25.0	35.0	2.0	35.0
>>END_MODULE
>>Per sequence quality scores	pass
#Quality	Count
2	687904.0
3	98846.0
4	63076.0
5	52144.0
6	51347.0
7	53877.0
8	56684.0
9	60976.0
10	65131.0
11	67002.0
12	64509.0
13	63621.0
14	63716.0
15	65158.0
16	66173.0
17	65453.0
18	65222.0
19	66469.0
20	68707.0
21	73029.0
22	81273.0
23	94306.0
24	113599.0
25	136156.0
26	162576.0
27	192089.0
28	228722.0
29	272078.0
30	325060.0
31	396293.0
32	498620.0
33	646726.0
34	883347.0
35	1302720.0
36	2140563.0
37	3182369.0
38	2648688.0
39	560952.0
40	898.0
>>END_MODULE
>>Per base sequence content	fail
#Base	G	A	T	C
1	34.751892109860535	14.901638551581165	7.117807179861957	43.228662158696345
2	23.713149424465566	17.091293098213733	41.88256417725824	17.312993300062455
3	24.861716238336932	22.669309756766847	24.481007331659853	27.987966673236368
4	26.134516839557765	29.559539458695845	20.465641502330293	23.8403021994161
5	28.581082031759504	30.919510114140987	22.261554957515447	18.237852896584062
6	21.887731609543508	34.25576012948956	23.731203716272265	20.12530454469467
7	20.232429358996328	19.41993233754369	38.40224001971165	21.945398283748336
8	20.110637004429968	21.73892790202533	31.329821707410222	26.82061338613448
9	21.621865343814083	20.515702114823537	32.54759810494777	25.314834436414607
10-14	23.915768149173797	26.86040676234132	25.945132624633022	23.278692463851865
15-19	24.15700927992646	25.634449222671396	26.405474673020397	23.803066824381748
20-24	23.99135060110924	26.11173586541124	26.256788691687593	23.640124841791927
25-29	24.06358688183166	26.295347569757	25.944354235581145	23.696711312830192
30-34	24.187035676913695	26.153667684450593	26.014309434692446	23.644987203943266
35-39	23.920520096092257	26.155037501049637	26.12009513896016	23.80434726389794
40-44	24.07441344499289	26.111647559520318	25.995743760282398	23.8181952352044
45-49	24.043565909723817	26.108483836635955	25.927727099177726	23.9202231544625
50-54	23.9805287045479	26.129555795858966	26.010895299379218	23.879020200213915
55-59	24.233666955463992	25.936086053277506	25.871642658172707	23.95860433308579
60-64	24.099313533827942	25.920838465148805	25.847780099886116	24.132067901137138
65-69	24.035040145274827	26.01950548883866	26.000863606983287	23.944590758903225
70-74	24.196121654390232	26.119632423143035	25.789376953325245	23.89486896914149
75-79	24.1750804163262	25.994675692267	25.78777549126802	24.04246840013878
80-84	24.161819602352015	26.045064668536817	25.80564223882665	23.987473490284515
85-89	24.274418836030577	25.9986865586025	25.69780599353416	24.02908861183276
90-94	24.215928212878367	25.91530465093853	25.71743520377745	24.151331932405647
95-99	24.219892405211876	26.00957136154679	25.762744968692004	24.007791264549326
100	24.67330578456873	25.66779810209387	25.247398241481374	24.41149787185603
>>END_MODULE
>>Per base GC content	fail
#Base	%GC
1	77.98055426855687
2	41.02614272452803
3	52.849682911573304
4	49.97481903897387
5	46.818934928343566
6	42.01303615423818
7	42.17782764274467
8	46.93125039056444
9	46.93669978022869
10-14	47.194460613025655
15-19	47.96007610430821
20-24	47.63147544290117
25-29	47.76029819466186
30-34	47.83202288085696
35-39	47.7248673599902
40-44	47.89260868019729
45-49	47.96378906418632
50-54	47.859548904761816
55-59	48.19227128854979
60-64	48.23138143496508
65-69	47.97963090417805
70-74	48.090990623531724
75-79	48.217548816464976
80-84	48.14929309263653
85-89	48.30350744786334
90-94	48.367260145284014
95-99	48.2276836697612
100	49.08480365642476
>>END_MODULE
>>Per sequence GC content	warn
#GC Content	Count
0	4193.0
1	2952.0
2	1635.5
3	1541.5
4	1391.5
5	1205.0
6	1186.0
7	1197.5
8	1203.0
9	1233.5
10	1360.0
11	1515.5
12	1662.0
13	1819.0
14	1995.5
15	2339.5
16	2889.5
17	3775.5
18	5078.5
19	6992.5
20	9978.5
21	13995.0
22	20069.0
23	29114.0
24	40208.0
25	53942.0
26	71489.0
27	90708.0
28	109531.5
29	131849.5
30	157697.0
31	184506.0
32	213022.0
33	239332.5
34	261915.5
35	283395.0
36	303635.5
37	320721.5
38	337135.0
39	353997.5
40	368255.0
41	386483.0
42	405786.5
43	423576.5
44	449613.5
45	475414.5
46	500267.0
47	523534.0
48	538379.0
49	554154.0
50	571719.0
51	591607.0
52	613911.0
53	621431.0
54	604749.5
55	577996.0
56	553401.5
57	529791.5
58	493484.5
59	442714.0
60	392812.5
61	340454.0
62	288546.0
63	246168.0
64	207418.0
65	170370.0
66	137848.0
67	111523.0
68	91230.0
69	72677.0
70	54909.5
71	40516.5
72	29633.0
73	23447.5
74	19742.5
75	16041.5
76	12042.0
77	8561.5
78	6060.0
79	4120.5
80	3141.5
81	2563.0
82	2196.0
83	1883.5
84	1372.5
85	980.0
86	662.5
87	404.0
88	343.0
89	269.0
90	180.5
91	117.0
92	90.0
93	69.0
94	40.0
95	23.0
96	15.0
97	10.0
98	8.5
99	6.0
100	3.0
>>END_MODULE
>>Per base N content	pass
#Base	N-Count
1	0.04099814779844951
2	0.05648647773775869
3	0.04161261323980451
4	0.039908580211716914
5	0.04987305587410275
6	0.03778645729569705
7	0.04165062141143472
8	0.04835272900889448
9	0.03825522474580293
10-14	0.03467358803918313
15-19	0.052324582944251075
20-24	0.050457114778153594
25-29	0.031195840335019227
30-34	0.05819937933922666
35-39	0.058536385127681174
40-44	0.09545625611020951
45-49	0.07079655435653147
50-54	0.06747717403416009
55-59	0.07554504193219862
60-64	0.06634199664147127
65-69	0.06871624042930483
70-74	0.06557929933075846
75-79	0.06132365104722966
80-84	0.0661823623206244
85-89	0.06409571369812604
90-94	0.05707307051991821
95-99	0.05391965921366541
100	0.05372455059929702
>>END_MODULE
>>Sequence Length Distribution	pass
#Length	Count
100	1.5786079E7
>>END_MODULE
>>Sequence Duplication Levels	warn
#Total Duplicate Percentage	49.55703315227571
#Duplication Level	Relative count
1	100.0
2	29.29097896515233
3	12.308077901342294
4	6.858140096169913
5	4.251527022260179
6	3.1366615301784155
7	2.3309136141692814
8	2.018082914059744
9	1.6022130219259973
10++	23.85960678016449
>>END_MODULE
>>Overrepresented sequences	pass
>>END_MODULE
>>Kmer Content	warn
#Sequence	Count	Obs/Exp Overall	Obs/Exp Max	Max Obs/Exp Position
TTTTT	8609635	4.772868	8.310884	2
AAAAA	7656125	4.39003	5.908246	2
CTGCT	3561680	2.501631	5.1170754	1
TCCTC	3430650	2.4289665	5.1575627	2
CTCCT	3413515	2.4168346	8.728041	1
CTCCA	3247325	2.3147473	8.171129	1
CTCTG	3249475	2.2823467	6.644918	1
CTGGA	3176725	2.228456	8.249044	1
CTTCT	3293980	2.1495585	5.4181256	1
CTGCA	3029340	2.1421463	5.045197	1
GAAGA	3265605	2.1401136	5.7833905	2
CTTCA	3110630	2.0436637	6.019175	1
GGAGA	2819380	1.9753048	5.1590753	1
GAAAA	3185740	1.9528826	5.088495	2
CTTTT	3103650	1.866742	6.455129	1
GTTTT	3119125	1.8610908	8.05833	1
CTGAA	2813865	1.846377	6.053204	1
CTTTG	2628795	1.7017995	5.970137	1
CTCAG	2382465	1.6847198	7.2311783	1
GGAAG	2401680	1.6826572	5.322471	1
CTGAG	2373445	1.6649593	5.0298805	1
GGAAA	2508200	1.6437484	6.2053847	1
TCAGA	2483480	1.6295878	5.1297054	2
CTGGG	2119270	1.5893447	6.8038683	1
GTTTG	2184420	1.4028494	5.3943195	1
CTCCC	1818195	1.3966975	5.0498123	1
>>END_MODULE
