##FastQC	0.10.1
>>Basic Statistics	pass
#Measure	Value	
Filename	F_chrysotus_NA_transfer_2_R2.fastq.gz	
File type	Conventional base calls	
Encoding	Sanger / Illumina 1.9	
Total Sequences	19880476	
Filtered Sequences	0	
Sequence length	100	
%GC	49	
>>END_MODULE
>>Per base sequence quality	pass
#Base	Mean	Median	Lower Quartile	Upper Quartile	10th Percentile	90th Percentile
1	29.754291396242223	31.0	30.0	34.0	25.0	34.0
2	29.758963970480384	31.0	30.0	34.0	25.0	34.0
3	29.815853755211897	31.0	31.0	34.0	25.0	34.0
4	33.14931800425704	37.0	35.0	37.0	26.0	37.0
5	33.0833739594565	37.0	35.0	37.0	26.0	37.0
6	32.9707053291883	37.0	35.0	37.0	26.0	37.0
7	33.00397218859347	37.0	35.0	37.0	26.0	37.0
8	32.9607173892617	37.0	35.0	37.0	26.0	37.0
9	34.36715358324418	39.0	35.0	39.0	26.0	39.0
10-14	34.450050431388064	39.2	35.2	39.4	25.0	39.4
15-19	35.17023996809735	40.0	35.6	41.0	24.2	41.0
20-24	34.864957670027614	39.2	35.0	41.0	21.2	41.0
25-29	34.63505625318025	39.0	34.8	41.0	18.8	41.0
30-34	34.312232624611205	39.0	34.0	41.0	16.6	41.0
35-39	33.898315613771025	38.8	33.4	40.8	14.2	41.0
40-44	33.437732537188744	38.0	33.0	40.0	8.6	41.0
45-49	32.967787642509165	38.0	32.6	40.0	6.0	41.0
50-54	32.228883674616235	37.0	31.4	39.6	2.0	40.6
55-59	32.18578359995002	36.6	32.0	40.0	2.0	41.0
60-64	31.403385150335435	35.2	31.0	39.0	2.0	41.0
65-69	30.648954089429246	35.0	30.4	37.8	2.0	40.0
70-74	29.911247960058905	35.0	30.0	36.4	2.0	39.2
75-79	29.205628295821487	34.4	29.4	35.2	2.0	37.6
80-84	28.57182047351381	34.0	29.0	35.0	2.0	36.2
85-89	28.06023179726683	34.0	29.0	35.0	2.0	35.4
90-94	27.576960612009493	34.0	27.4	35.0	2.0	35.0
95-99	26.986192996586198	34.0	26.8	35.0	2.0	35.0
100	25.771557582424084	33.0	23.0	35.0	2.0	35.0
>>END_MODULE
>>Per sequence quality scores	pass
#Quality	Count
2	989762.0
3	143052.0
4	97446.0
5	78162.0
6	73442.0
7	75119.0
8	79006.0
9	85852.0
10	92675.0
11	93771.0
12	90220.0
13	88591.0
14	87775.0
15	89557.0
16	89616.0
17	88493.0
18	87477.0
19	88663.0
20	91565.0
21	98058.0
22	108477.0
23	127295.0
24	153319.0
25	185701.0
26	221784.0
27	262110.0
28	311803.0
29	369027.0
30	441227.0
31	538315.0
32	675347.0
33	875287.0
34	1190332.0
35	1720323.0
36	2748342.0
37	3851107.0
38	2871336.0
39	520313.0
40	729.0
>>END_MODULE
>>Per base sequence content	fail
#Base	G	A	T	C
1	40.81542127977377	14.094984692104589	6.977471337485057	38.11212269063658
2	25.650185245927297	18.037232189139235	36.027233725746036	20.285348839187428
3	26.268935458254035	21.949149927877503	22.06140646443647	29.720508149431996
4	29.126741348154077	27.090430575920067	19.626346628648513	24.156481447277343
5	29.92084930144437	28.092114014086818	22.240343278088943	19.746693406379876
6	24.410576333750623	31.723933181187203	23.32890812418273	20.536582360879446
7	21.86331350651964	20.230878948366758	35.715914524552296	22.189893020561307
8	21.647153290526745	21.75090121447372	30.183177789449587	26.418767705549946
9	22.38762490490656	20.68801977389969	31.862281291373357	25.062074029820398
10-14	24.791700452159727	26.212776035718665	25.346349676690384	23.649173835431228
15-19	24.88681543382019	24.91900851314454	25.831837565467648	24.362338487567623
20-24	24.735431022686342	25.465146738456767	25.670859337793594	24.1285629010633
25-29	24.779843319911844	25.34550857991677	25.572663078557323	24.301985021614065
30-34	24.627337850228262	25.479810966048973	25.56549237637853	24.327358807344236
35-39	24.631906930491322	25.399863289371805	25.578619526201667	24.389610253935206
40-44	24.740150476767138	25.470718949186022	25.418083154868253	24.371047419178584
45-49	24.744646032867028	25.336051194723076	25.40993581531563	24.509366957094265
50-54	24.593313583881276	25.54222288465794	25.473611058232805	24.390852473227977
55-59	24.77461183249618	25.34063167247066	25.366346391431204	24.518410103601955
60-64	24.695279534058102	25.37034409318234	25.35472265636638	24.57965371639318
65-69	24.62800112204896	25.382473536435796	25.451426670836398	24.538098670678853
70-74	24.793589964099034	25.42783950366537	25.304306520135277	24.47426401210031
75-79	24.68559703035232	25.32037083991472	25.355494494730284	24.638537635002677
80-84	24.72493030907312	25.41362086293174	25.299312005205042	24.562136822790098
85-89	24.806224200164774	25.368125062568204	25.245330037078638	24.580320700188388
90-94	24.777292659496442	25.328660239913358	25.226275223875998	24.667771876714202
95-99	24.74212961752992	25.401799185035358	25.301786069023247	24.554285128411475
100	25.284032418159992	25.087542704157155	24.729508875890367	24.898916001792486
>>END_MODULE
>>Per base GC content	fail
#Base	%GC
1	78.92754397041035
2	45.93553408511473
3	55.98944360768603
4	53.28322279543142
5	49.667542707824246
6	44.94715869463007
7	44.053206527080945
8	48.06592099607669
9	47.44969893472695
10-14	48.44087428759095
15-19	49.24915392138781
20-24	48.863993923749646
25-29	49.081828341525906
30-34	48.9546966575725
35-39	49.02151718442653
40-44	49.11119789594572
45-49	49.254012989961296
50-54	48.984166057109256
55-59	49.29302193609813
60-64	49.274933250451284
65-69	49.16609979272781
70-74	49.26785397619934
75-79	49.324134665355
80-84	49.28706713186322
85-89	49.38654490035316
90-94	49.445064536210644
95-99	49.2964147459414
100	50.18294841995248
>>END_MODULE
>>Per sequence GC content	warn
#GC Content	Count
0	6311.0
1	4351.0
2	2307.5
3	2107.0
4	1776.5
5	1489.0
6	1382.5
7	1388.0
8	1404.0
9	1443.0
10	1576.5
11	1684.0
12	1853.5
13	2036.0
14	2235.0
15	2536.5
16	3022.5
17	3939.0
18	5165.0
19	6958.5
20	9766.5
21	13681.0
22	19578.5
23	27616.5
24	37563.5
25	50262.5
26	65883.0
27	85274.0
28	105658.0
29	128839.0
30	156934.5
31	184925.0
32	212831.5
33	242555.0
34	271601.5
35	298534.5
36	322513.5
37	347361.5
38	374801.5
39	400655.5
40	418038.5
41	437866.5
42	468688.0
43	496777.0
44	527430.0
45	559979.0
46	593726.0
47	629347.0
48	668987.0
49	705233.5
50	731491.0
51	760230.5
52	790659.0
53	810845.5
54	811564.5
55	798688.0
56	776557.0
57	738290.5
58	685863.0
59	627992.0
60	563173.5
61	495620.0
62	430057.0
63	368489.0
64	312121.0
65	261903.5
66	217471.0
67	178343.0
68	144230.0
69	113131.5
70	87680.5
71	66570.5
72	48557.5
73	35908.5
74	27793.5
75	21641.0
76	16087.5
77	11559.0
78	8536.5
79	6142.5
80	4814.0
81	4130.5
82	2829.0
83	1809.5
84	1413.0
85	1093.5
86	779.0
87	566.0
88	389.0
89	249.5
90	155.5
91	104.0
92	77.5
93	50.5
94	32.0
95	22.0
96	15.0
97	13.0
98	9.0
99	4.0
100	2.5
>>END_MODULE
>>Per base N content	pass
#Base	N-Count
1	0.050355937151605426
2	0.06047641917628129
3	0.05436992554906633
4	0.05367074711893216
5	0.05233778104709365
6	0.05524012604124771
7	0.05323313184251725
8	0.04645261008841036
9	0.059661549351232836
10-14	0.04417097457827469
15-19	0.049020959055507525
20-24	0.05194543631651475
25-29	0.03232015169053296
30-34	0.04738920738115124
35-39	0.04387118296362723
40-44	0.09218491549196307
45-49	0.0722618512755932
50-54	0.06567045980186792
55-59	0.08623535975697967
60-64	0.08423440163102734
65-69	0.07740860933108443
70-74	0.06981221173979939
75-79	0.07088562668217803
80-84	0.08688624960488874
85-89	0.08125258167862782
90-94	0.05811229067151109
95-99	0.07384933841624315
100	0.0770303487703212
>>END_MODULE
>>Sequence Length Distribution	pass
#Length	Count
100	1.9880476E7
>>END_MODULE
>>Sequence Duplication Levels	fail
#Total Duplicate Percentage	50.136640840748704
#Duplication Level	Relative count
1	100.0
2	32.74520927280944
3	13.984211993884792
4	7.562281857254118
5	4.959472322913762
6	3.4614386123477208
7	2.659538667153832
8	2.152822514735152
9	1.7557185850408161
10++	23.0214513042893
>>END_MODULE
>>Overrepresented sequences	pass
>>END_MODULE
>>Kmer Content	warn
#Sequence	Count	Obs/Exp Overall	Obs/Exp Max	Max Obs/Exp Position
TTTTT	9982715	4.9352703	7.770393	2
AAAAA	8232120	4.285475	6.672442	2
CTCCT	4431600	2.4489696	5.7143965	1
CTCCA	4176990	2.3322294	5.5907073	1
CTGGA	4119325	2.2190819	6.467818	1
GTTTT	3666670	1.8478812	7.6697307	1
GGGGG	3378850	1.838784	5.5271354	1
GGAAA	3097705	1.6414859	5.9253254	1
CTGGG	2887880	1.5695722	5.579746	1
GTGGA	2901710	1.5353984	5.2491636	1
>>END_MODULE
