##FastQC	0.10.1
>>Basic Statistics	pass
#Measure	Value	
Filename	L_parva_NA_transfer_1_R2.fastq.gz	
File type	Conventional base calls	
Encoding	Sanger / Illumina 1.9	
Total Sequences	14723408	
Filtered Sequences	0	
Sequence length	100	
%GC	50	
>>END_MODULE
>>Per base sequence quality	fail
#Base	Mean	Median	Lower Quartile	Upper Quartile	10th Percentile	90th Percentile
1	28.830115758525473	31.0	30.0	34.0	16.0	34.0
2	28.83090803433553	31.0	30.0	34.0	16.0	34.0
3	28.875999021422214	31.0	30.0	34.0	16.0	34.0
4	32.11704912340947	37.0	33.0	37.0	18.0	37.0
5	32.039492554984555	37.0	33.0	37.0	17.0	37.0
6	31.90156158139474	36.0	33.0	37.0	17.0	37.0
7	31.93246875995014	36.0	33.0	37.0	17.0	37.0
8	31.86778719981135	36.0	33.0	37.0	17.0	37.0
9	33.161550912669135	38.0	33.0	39.0	16.0	39.0
10-14	33.196698767024586	38.2	33.0	39.4	12.8	39.4
15-19	33.797385876965436	39.0	33.0	41.0	10.0	41.0
20-24	33.44287095759351	39.0	33.0	41.0	8.0	41.0
25-29	33.161890942640454	38.8	32.8	40.8	2.8	41.0
30-34	32.77487938933703	38.0	32.0	40.0	2.0	41.0
35-39	32.29293811595794	38.0	31.0	40.0	2.0	41.0
40-44	31.74888425288493	37.8	30.4	40.0	2.0	41.0
45-49	31.207349860847433	37.0	30.0	40.0	2.0	41.0
50-54	30.45163129351574	35.8	29.0	39.4	2.0	40.6
55-59	30.35482207651924	35.2	29.0	39.4	2.0	41.0
60-64	29.55263875048494	35.0	28.0	38.4	2.0	40.6
65-69	28.797330685939016	34.6	27.4	36.8	2.0	39.8
70-74	28.083671117447807	34.0	26.2	35.6	2.0	38.8
75-79	27.39512168650084	34.0	25.8	35.0	2.0	36.8
80-84	26.760187682090997	34.0	24.6	35.0	2.0	36.0
85-89	26.22179062075846	33.0	23.6	35.0	2.0	35.0
90-94	25.691513011118076	33.0	20.6	35.0	2.0	35.0
95-99	25.000396090361686	33.0	10.4	35.0	2.0	35.0
100	23.71762074378432	31.0	2.0	34.0	2.0	35.0
>>END_MODULE
>>Per sequence quality scores	pass
#Quality	Count
2	1047738.0
3	143678.0
4	92679.0
5	75285.0
6	72703.0
7	73111.0
8	77196.0
9	81785.0
10	86693.0
11	88009.0
12	84859.0
13	82099.0
14	80501.0
15	81086.0
16	81811.0
17	80466.0
18	79891.0
19	81076.0
20	83110.0
21	88656.0
22	98004.0
23	114487.0
24	136124.0
25	163359.0
26	192344.0
27	224547.0
28	263867.0
29	310309.0
30	367620.0
31	442272.0
32	544510.0
33	692344.0
34	922944.0
35	1308267.0
36	1958090.0
37	2438820.0
38	1609448.0
39	273296.0
40	324.0
>>END_MODULE
>>Per base sequence content	fail
#Base	G	A	T	C
1	39.64594378138804	13.59303227451337	7.685451822665562	39.07557212143303
2	28.05224797181441	17.124575587507312	33.21470635626708	21.608470084411202
3	27.14195208280258	21.42943882228456	20.952315003924046	30.476294090988816
4	29.624863504967504	26.8288295720425	18.09080985886062	25.455497064129375
5	30.7456554899129	28.10749700102699	21.04487053467647	20.101976974383643
6	24.174498371004137	32.09517687701824	22.181546310297023	21.548778441680604
7	21.89354062214232	18.882966090459462	36.052953591673294	23.170539695724923
8	22.19667528816235	21.341089689647898	28.94235013492151	27.519884887268237
9	23.151789143149053	20.33670241434987	30.630443592080486	25.881064850420593
10-14	25.222811558153506	26.1050465458455	24.657356279035053	24.014785616965938
15-19	25.476391900286828	24.765171890581467	25.019352215873734	24.73908399325797
20-24	25.293901460101225	25.19687794950657	24.914956630123815	24.59426396026839
25-29	25.26476640844609	25.206837716285506	24.84439341245653	24.684002462811875
30-34	25.162013051826985	25.178578201852623	24.852773814597988	24.806634931722403
35-39	25.176104626395833	25.21541376455555	24.856324801056093	24.752156807992527
40-44	25.331662066358884	25.106804861126115	24.75153123824733	24.81000183426767
45-49	25.309439486609932	25.06772760929913	24.689587228060546	24.933245676030396
50-54	25.23507531441016	25.159897102575062	24.7870059405848	24.81802164242998
55-59	25.40403528589105	24.98511654665054	24.62733994465463	24.98350822280378
60-64	25.313640003075182	24.987282912757795	24.65081795236576	25.048259131801252
65-69	25.24262972890398	25.026840439454972	24.763590230361434	24.96693960127961
70-74	25.432032934701628	24.97775936007528	24.61295808524113	24.977249619981965
75-79	25.357462103479158	24.867406354990585	24.638018152921482	25.13711338860878
80-84	25.370115099547526	24.948567330070297	24.632321191973027	25.04899637840915
85-89	25.53278856395682	24.901414299831117	24.487788910687236	25.07800822552483
90-94	25.400014657191612	24.805858810035023	24.51885294862627	25.275273584147094
95-99	25.456384796582505	24.893551323540617	24.559489167608195	25.090574712268683
100	26.0493143683077	24.496652301179726	23.992973247976444	25.46106008253613
>>END_MODULE
>>Per base GC content	fail
#Base	%GC
1	78.72151590282107
2	49.66071805622561
3	57.61824617379139
4	55.080360569096875
5	50.847632464296545
6	45.723276812684745
7	45.064080317867244
8	49.71656017543059
9	49.03285399356964
10-14	49.23759717511945
15-19	50.215475893544806
20-24	49.88816542036962
25-29	49.94876887125797
30-34	49.96864798354939
35-39	49.92826143438836
40-44	50.141663900626554
45-49	50.242685162640335
50-54	50.053096956840136
55-59	50.38754350869483
60-64	50.361899134876445
65-69	50.20956933018359
70-74	50.409282554683585
75-79	50.49457549208793
80-84	50.41911147795667
85-89	50.61079678948165
90-94	50.6752882413387
95-99	50.54695950885119
100	51.510374450843834
>>END_MODULE
>>Per sequence GC content	warn
#GC Content	Count
0	7200.0
1	4732.0
2	2040.5
3	1770.0
4	1607.0
5	1404.0
6	1300.5
7	1281.0
8	1302.5
9	1297.5
10	1321.0
11	1386.0
12	1436.5
13	1518.5
14	1649.5
15	1868.0
16	2183.0
17	2664.5
18	3464.5
19	4635.0
20	6532.5
21	9353.0
22	13221.5
23	18327.5
24	24904.0
25	33796.0
26	44446.5
27	57576.0
28	72660.5
29	89134.0
30	106780.0
31	125545.0
32	145184.0
33	164386.0
34	183244.0
35	200946.0
36	217599.5
37	233962.5
38	249275.5
39	263253.0
40	280303.5
41	302447.5
42	320338.5
43	336535.5
44	358237.0
45	384575.0
46	411974.0
47	439991.5
48	468268.0
49	489608.0
50	510636.0
51	538341.5
52	559990.5
53	572415.5
54	577660.0
55	573459.5
56	565813.5
57	544841.0
58	513648.5
59	480420.0
60	445698.5
61	405888.5
62	361284.0
63	320889.0
64	281955.5
65	245442.0
66	209970.0
67	177817.0
68	149462.5
69	123241.0
70	100250.0
71	79560.0
72	63350.5
73	51023.5
74	40644.5
75	31940.5
76	24758.5
77	19188.0
78	14910.5
79	11411.5
80	9071.0
81	6967.5
82	4946.5
83	3470.0
84	2419.0
85	1709.5
86	1159.0
87	829.0
88	613.0
89	465.5
90	324.5
91	218.5
92	147.0
93	87.5
94	57.5
95	52.5
96	38.5
97	19.5
98	14.5
99	10.0
100	6.5
>>END_MODULE
>>Per base N content	pass
#Base	N-Count
1	0.04899680834763256
2	0.058783944586742416
3	0.05250822363952693
4	0.05210070929230515
5	0.05119059391684316
6	0.05366284762332199
7	0.05147585395989841
8	0.04553293639624739
9	0.05783307777655826
10-14	0.042385567254537806
15-19	0.047580016800458154
20-24	0.05017316642994611
25-29	0.03139490530996628
30-34	0.04734094171675471
35-39	0.04224157885185278
40-44	0.09135249121670744
45-49	0.07032067575659114
50-54	0.06500125514418945
55-59	0.0844940247529648
60-64	0.08217526811727285
65-69	0.07534261089552093
70-74	0.06810515608886204
75-79	0.06916876853511089
80-84	0.08506726160139011
85-89	0.07939873703153509
90-94	0.057372586564197636
95-99	0.07224550185663536
100	0.07513885372191004
>>END_MODULE
>>Sequence Length Distribution	pass
#Length	Count
100	1.4723408E7
>>END_MODULE
>>Sequence Duplication Levels	warn
#Total Duplicate Percentage	42.352080432371196
#Duplication Level	Relative count
1	100.0
2	20.006550397117824
3	8.544174240563335
4	5.0380741832473594
5	3.3300581347744207
6	2.4965201015311553
7	2.0126095144518135
8	1.5966592974699092
9	1.4533693605174813
10++	19.281912715958406
>>END_MODULE
>>Overrepresented sequences	pass
>>END_MODULE
>>Kmer Content	warn
#Sequence	Count	Obs/Exp Overall	Obs/Exp Max	Max Obs/Exp Position
TTTTT	7923390	6.1355376	8.791448	2
AAAAA	6802460	5.118864	7.312575	2
CTCCT	3404050	2.537886	6.3979053	1
CTCCA	3103515	2.300611	5.816735	1
GAAGA	3180515	2.2626436	5.1437025	2
CTGGA	3045345	2.1639154	5.7222548	1
GAAAA	2860690	2.093071	5.248744	2
GTTTT	2556285	1.9136813	7.1657515	1
GGAAA	2330310	1.6578008	5.5952144	1
CTGGG	2118250	1.4634792	5.011446	1
>>END_MODULE
