##FastQC	0.10.1
>>Basic Statistics	pass
#Measure	Value	
Filename	L_goodei_NA_FW_1_R2.fastq.gz	
File type	Conventional base calls	
Encoding	Sanger / Illumina 1.9	
Total Sequences	22802376	
Filtered Sequences	0	
Sequence length	100	
%GC	50	
>>END_MODULE
>>Per base sequence quality	fail
#Base	Mean	Median	Lower Quartile	Upper Quartile	10th Percentile	90th Percentile
1	28.807685699069253	31.0	30.0	34.0	20.0	34.0
2	28.700927789279504	31.0	30.0	34.0	16.0	34.0
3	28.779229103142583	31.0	30.0	34.0	16.0	34.0
4	32.0757724984449	35.0	33.0	37.0	19.0	37.0
5	32.011350483826774	35.0	33.0	37.0	19.0	37.0
6	31.89756190319816	35.0	32.0	37.0	17.0	37.0
7	31.887571847775863	35.0	32.0	37.0	17.0	37.0
8	31.809379733059398	35.0	32.0	37.0	17.0	37.0
9	33.092788663777846	37.0	33.0	39.0	17.0	39.0
10-14	33.14981590514954	37.2	33.0	39.4	16.6	39.4
15-19	33.6883248745657	38.2	33.0	41.0	13.2	41.0
20-24	33.40936648882555	38.2	32.2	40.2	10.0	41.0
25-29	33.11742742072142	38.0	32.0	40.0	8.4	41.0
30-34	32.70576742528936	38.0	31.4	40.0	4.0	41.0
35-39	32.21692685885015	38.0	30.8	40.0	2.0	41.0
40-44	31.682227404723086	37.2	30.0	40.0	2.0	41.0
45-49	31.195119078818806	36.8	30.0	40.0	2.0	41.0
50-54	30.30594552076503	35.0	28.6	39.0	2.0	40.4
55-59	30.254447431267685	35.0	28.8	39.0	2.0	41.0
60-64	29.46331347224517	35.0	27.8	38.4	2.0	40.4
65-69	28.622340294713148	34.0	26.4	36.6	2.0	39.6
70-74	27.936532859558145	34.0	26.0	35.6	2.0	38.8
75-79	27.202222408752494	33.8	25.4	35.0	2.0	36.8
80-84	26.546099783636578	33.0	24.2	35.0	2.0	35.8
85-89	25.96243447612652	33.0	22.4	35.0	2.0	35.0
90-94	25.385220382297003	33.0	19.2	35.0	2.0	35.0
95-99	24.620694150469234	33.0	6.4	35.0	2.0	35.0
100	23.175215117933323	31.0	2.0	34.0	2.0	35.0
>>END_MODULE
>>Per sequence quality scores	pass
#Quality	Count
2	1435027.0
3	209038.0
4	139376.0
5	117047.0
6	115190.0
7	118655.0
8	126391.0
9	136657.0
10	145048.0
11	148823.0
12	144325.0
13	140465.0
14	140275.0
15	141481.0
16	141414.0
17	141348.0
18	140972.0
19	142843.0
20	145601.0
21	155202.0
22	172362.0
23	199883.0
24	240161.0
25	290018.0
26	343106.0
27	403694.0
28	468606.0
29	547028.0
30	639714.0
31	763056.0
32	927739.0
33	1155521.0
34	1494374.0
35	2044096.0
36	2905517.0
37	3462792.0
38	2244792.0
39	374253.0
40	486.0
>>END_MODULE
>>Per base sequence content	fail
#Base	G	A	T	C
1	36.40180058289557	12.73074119386772	8.792175580916012	42.0752826423207
2	27.77413162912257	17.608614459309376	31.716602292087376	22.900651619480676
3	27.462384341031086	22.56111036120757	20.860109716836618	29.116395580924724
4	29.884143984704618	27.930495165134744	17.938203398203285	24.247157451957353
5	30.54918182070664	29.55434098106927	20.51674352369332	19.379733674530765
6	23.02375973292154	33.2728829523301	22.25140839209576	21.4519489226526
7	21.82153647224263	18.623301313513704	36.50076923556158	23.05439297868209
8	21.890771572528	20.717730704544877	29.379724013712977	28.011773709214143
9	22.31421484368505	19.57975229157645	31.695603594224053	26.410429270514445
10-14	25.15503023437717	25.946004847251082	24.670925515937192	24.22803940243456
15-19	25.33608335270782	24.594630907534825	25.15766254776233	24.911623191995023
20-24	25.175529060717455	25.068330534923426	25.079265702694205	24.676874701664914
25-29	25.187985883036863	25.12721941037157	24.8898312106964	24.794963495895164
30-34	25.009627317819383	25.068605362444767	25.050430594135985	24.871336725599864
35-39	25.09333070566704	25.13481384663145	24.936103310104926	24.835752137596586
40-44	25.21716912499955	25.02382746274861	24.86790441798808	24.891098994263764
45-49	25.20805159672755	24.990410685707985	24.83289893216783	24.968638785396635
50-54	25.09677191727488	25.15638582779219	24.893876666014226	24.852965588918703
55-59	25.295136438049525	24.89064981173225	24.74495983019926	25.06925392001897
60-64	25.208189722670337	24.901737532611346	24.79698916762527	25.093083577093044
65-69	25.196357805775015	24.94449022816202	24.814883046960233	25.04426891910273
70-74	25.342980683712334	24.913659459894507	24.70039566512541	25.042964191267753
75-79	25.274286509541703	24.79032202290852	24.775261746662306	25.16012972088747
80-84	25.270427347811285	24.90646300491613	24.726135839087892	25.096973808184693
85-89	25.452849743788114	24.834783938918967	24.617886151464894	25.094480165828024
90-94	25.31856967955341	24.776334860405953	24.616452271716994	25.288643188323647
95-99	25.396070458375448	24.865775877485554	24.657376137887173	25.080777526251826
100	25.98977944046205	24.371290197135483	24.07239134524401	25.56653901715845
>>END_MODULE
>>Per base GC content	fail
#Base	%GC
1	78.47708322521628
2	50.67478324860325
3	56.578779921955814
4	54.13130143666197
5	49.928915495237405
6	44.47570865557414
7	44.875929450924716
8	49.90254528174214
9	48.7246441141995
10-14	49.38306963681173
15-19	50.247706544702844
20-24	49.852403762382366
25-29	49.98294937893203
30-34	49.880964043419254
35-39	49.92908284326362
40-44	50.10826811926331
45-49	50.17669038212418
50-54	49.949737506193586
55-59	50.36439035806849
60-64	50.30127329976338
65-69	50.24062672487774
70-74	50.38594487498008
75-79	50.43441623042918
80-84	50.36740115599597
85-89	50.54732990961613
90-94	50.60721286787706
95-99	50.47684798462727
100	51.556318457620506
>>END_MODULE
>>Per sequence GC content	warn
#GC Content	Count
0	18266.0
1	11425.5
2	4207.5
3	3684.5
4	3175.0
5	2665.0
6	2421.5
7	2318.5
8	2284.0
9	2304.0
10	2321.0
11	2346.0
12	2426.0
13	2561.0
14	2741.5
15	3038.0
16	3505.0
17	4330.0
18	5673.0
19	7597.0
20	10698.0
21	15347.5
22	21802.5
23	30243.5
24	41235.0
25	56013.0
26	73453.0
27	92820.0
28	115121.0
29	140884.0
30	168069.0
31	196585.0
32	228003.0
33	256658.5
34	283301.5
35	313334.0
36	338906.5
37	361898.5
38	387188.5
39	412455.5
40	439523.0
41	469927.5
42	496855.5
43	522827.0
44	559877.5
45	597221.5
46	636849.0
47	681138.0
48	719127.0
49	753336.5
50	790558.5
51	836583.5
52	874316.5
53	884671.0
54	872383.0
55	863547.0
56	860470.5
57	829580.0
58	781037.5
59	736610.5
60	687031.0
61	623808.5
62	553601.5
63	490444.5
64	432514.0
65	376706.5
66	325790.5
67	278806.0
68	235449.0
69	195801.5
70	159153.5
71	127484.5
72	101726.5
73	81703.5
74	66534.0
75	53654.5
76	42805.5
77	33269.5
78	25817.5
79	20160.0
80	15126.5
81	11845.5
82	9593.0
83	6913.5
84	4671.0
85	3354.5
86	2376.5
87	1642.0
88	1196.5
89	825.0
90	570.0
91	406.5
92	286.0
93	220.0
94	155.0
95	114.5
96	81.0
97	47.5
98	32.0
99	23.0
100	14.0
>>END_MODULE
>>Per base N content	pass
#Base	N-Count
1	0.03012405373896124
2	0.26296382447162525
3	0.0625373425997361
4	0.037566260638803604
5	0.04599959232318597
6	0.03716717942024989
7	0.042179814945600407
8	0.035961164748796355
9	0.03471129499838087
10-14	0.044912863466508926
15-19	0.04174301835913941
20-24	0.0753193439139851
25-29	0.03463849556730404
30-34	0.05499163771354353
35-39	0.039557281223675994
40-44	0.04376122909296821
45-49	0.03848458599226677
50-54	0.03963709746738674
55-59	0.04267625443944965
60-64	0.04319023596488366
65-69	0.038292500746413445
70-74	0.033749991667535
75-79	0.037879385902591906
80-84	0.04785729346801403
85-89	0.051860385075660535
90-94	0.037383823510321906
95-99	0.03933537452412854
100	0.03820654479164803
>>END_MODULE
>>Sequence Length Distribution	pass
#Length	Count
100	2.2802376E7
>>END_MODULE
>>Sequence Duplication Levels	fail
#Total Duplicate Percentage	51.862865384795505
#Duplication Level	Relative count
1	100.0
2	28.91052892706702
3	12.498905567499733
4	7.3039992995632
5	4.730866887823101
6	3.614059323105659
7	2.6840349051005417
8	2.251126049439164
9	1.9291196871382292
10++	30.643137178601656
>>END_MODULE
>>Overrepresented sequences	warn
#Sequence	Count	Percentage	Possible Source
TTTTTTTTTTTTTTTTTTTTTTTTTTTTTTTTTTTTTTTTTTTTTTTTTT	30437	0.1334817038364774	No Hit
>>END_MODULE
>>Kmer Content	warn
#Sequence	Count	Obs/Exp Overall	Obs/Exp Max	Max Obs/Exp Position
TTTTT	13654180	6.6909347	9.295688	2
AAAAA	10348190	5.074612	8.181277	2
CTCCT	5301855	2.5053782	5.360311	1
CTCCA	4905940	2.3186285	5.708922	1
GAAGA	4899785	2.2878847	5.609045	2
CTGGA	4773320	2.2013655	6.6546893	1
GAAAA	4351860	2.0824409	5.543766	2
GTTTT	3972770	1.899929	6.7034354	1
GGAAA	3506035	1.6370931	5.7993226	1
CTGGG	3239030	1.4576253	5.346773	1
>>END_MODULE
