##FastQC	0.10.1
>>Basic Statistics	pass
#Measure	Value	
Filename	F_heteroclitus_MDPP_transfer_3_R1.fastq.gz	
File type	Conventional base calls	
Encoding	Sanger / Illumina 1.9	
Total Sequences	15065332	
Filtered Sequences	0	
Sequence length	100	
%GC	48	
>>END_MODULE
>>Per base sequence quality	pass
#Base	Mean	Median	Lower Quartile	Upper Quartile	10th Percentile	90th Percentile
1	31.01362857453125	33.0	31.0	34.0	27.0	34.0
2	31.322606099885487	34.0	31.0	34.0	28.0	34.0
3	31.048296380059863	34.0	31.0	34.0	27.0	34.0
4	34.564063440487075	37.0	35.0	37.0	31.0	37.0
5	33.00579927478532	37.0	35.0	37.0	25.0	37.0
6	33.425422552918185	37.0	35.0	37.0	22.0	37.0
7	34.06557797730578	37.0	35.0	37.0	30.0	37.0
8	34.1984762765268	37.0	35.0	37.0	30.0	37.0
9	35.817471928265505	39.0	37.0	39.0	30.0	39.0
10-14	35.9427955918927	39.2	37.0	39.4	30.0	39.4
15-19	36.78582471332195	40.0	37.0	41.0	30.0	41.0
20-24	36.60347770629947	40.0	37.0	41.0	30.0	41.0
25-29	36.31165834247795	40.0	36.6	41.0	28.6	41.0
30-34	35.93822752794297	40.0	36.0	41.0	27.0	41.0
35-39	35.61317456528671	40.0	35.2	41.0	26.0	41.0
40-44	35.4034379594157	39.6	35.0	41.0	25.6	41.0
45-49	34.951711279910725	39.0	34.8	41.0	24.2	41.0
50-54	34.34183717955901	38.2	34.0	40.6	22.8	41.0
55-59	33.62206079494298	37.2	33.2	40.0	21.0	41.0
60-64	32.8402274174907	35.6	33.0	39.4	18.6	41.0
65-69	32.11148840264522	35.0	32.0	38.2	16.0	40.4
70-74	31.349765010157093	35.0	32.0	36.6	10.0	39.2
75-79	30.303801695176713	34.6	30.4	35.2	5.4	37.4
80-84	30.24510056598819	35.0	31.0	35.0	2.0	36.4
85-89	29.797741915013887	35.0	31.0	35.0	2.0	35.8
90-94	29.3709050288437	34.4	31.0	35.0	2.0	35.0
95-99	28.91286873731027	34.0	30.0	35.0	2.0	35.0
100	27.85966256833902	34.0	29.0	35.0	2.0	35.0
>>END_MODULE
>>Per sequence quality scores	pass
#Quality	Count
2	325794.0
3	118190.0
4	61169.0
5	46920.0
6	45246.0
7	46443.0
8	47383.0
9	51338.0
10	55766.0
11	58263.0
12	59189.0
13	60394.0
14	60723.0
15	60132.0
16	59593.0
17	58705.0
18	57037.0
19	56313.0
20	56919.0
21	59161.0
22	64704.0
23	75857.0
24	91943.0
25	113568.0
26	138811.0
27	170144.0
28	206933.0
29	241903.0
30	292926.0
31	359143.0
32	448498.0
33	586462.0
34	817449.0
35	1228502.0
36	2145462.0
37	3339762.0
38	2743547.0
39	554189.0
40	851.0
>>END_MODULE
>>Per base sequence content	fail
#Base	G	A	T	C
1	38.474875471111886	15.96075622212913	6.790006087857678	38.7743622189013
2	24.656711147221277	17.959052134714813	38.584441696354666	18.799795021709244
3	24.6923943151862	22.56990247746743	23.078870100241524	29.658833107104847
4	26.952389000571493	28.28854636999595	19.718496106517126	25.04056852291543
5	28.551457362434064	29.649712322397487	22.020526297500176	19.778304017668276
6	23.39602810766504	32.48156880410945	23.457577205969752	20.66482588225576
7	20.99719666814383	19.680521243209576	36.82322792177766	22.499054166868937
8	21.04550720797275	21.915444915866306	30.261637473156682	26.77741040300426
9	22.519573848956608	20.895246047858613	31.215463651137192	25.36971645204758
10-14	24.31390458027069	26.63774565626978	25.44262279665531	23.605726966804212
15-19	24.560208200478733	25.491846035896305	25.803706666393637	24.144239097231328
20-24	24.40561453221912	25.76631367248116	25.73334703380059	24.09472476149913
25-29	24.41954999516776	25.754137170713378	25.612992944129854	24.21331988998901
30-34	24.322801975362793	25.782796373486207	25.594652162991654	24.299749488159343
35-39	24.238304006866194	25.844806595136298	25.68569650129794	24.231192896699568
40-44	24.42383003331612	25.75997158789604	25.56540599509524	24.2507923836926
45-49	24.39595982012701	25.69795558879779	25.52990181764644	24.37618277342876
50-54	24.384498304588618	25.77908919999826	25.578470067236893	24.25794242817623
55-59	24.41079441002439	25.641926755403983	25.499811544170818	24.447467290400805
60-64	24.401264367114134	25.63983194522368	25.49035049824051	24.46855318942167
65-69	24.338269282623276	25.823223940619442	25.490393624804884	24.348113151952397
70-74	24.507971958498924	25.74659359534231	25.395978581283018	24.349455864875747
75-79	24.389410616275807	25.627066359609792	25.478060649715662	24.505462374398736
80-84	24.36235956831321	25.755896108870047	25.48765580825717	24.394088514559577
85-89	24.47628166076055	25.71927298012135	25.38115010261602	24.42329525650208
90-94	24.359843376299697	25.66628004638381	25.40004710607018	24.573829471246313
95-99	24.31026108060777	25.815681216095026	25.442335620346974	24.431722082950234
100	24.688025382938964	25.585320612744827	24.901758140786548	24.82489586352966
>>END_MODULE
>>Per base GC content	fail
#Base	%GC
1	77.24923769001319
2	43.45650616893052
3	54.351227422291046
4	51.99295752348693
5	48.32976138010234
6	44.060853989920794
7	43.496250835012766
8	47.822917610977015
9	47.88929030100419
10-14	47.91963154707491
15-19	48.70444729771006
20-24	48.50033929371825
25-29	48.632869885156765
30-34	48.622551463522136
35-39	48.46949690356576
40-44	48.67462241700872
45-49	48.77214259355577
50-54	48.64244073276485
55-59	48.858261700425196
60-64	48.86981755653581
65-69	48.68638243457568
70-74	48.85742782337467
75-79	48.89487299067454
80-84	48.75644808287278
85-89	48.89957691726263
90-94	48.93367284754601
95-99	48.741983163558004
100	49.51292124646863
>>END_MODULE
>>Per sequence GC content	warn
#GC Content	Count
0	632.0
1	681.0
2	697.5
3	759.5
4	817.0
5	768.5
6	801.5
7	896.0
8	1017.5
9	1144.5
10	1253.5
11	1440.5
12	1666.5
13	1890.0
14	2173.5
15	2592.0
16	3137.5
17	3890.0
18	5129.5
19	6905.0
20	9372.5
21	13104.0
22	18522.0
23	25342.0
24	34414.5
25	46319.0
26	61613.5
27	79264.0
28	96752.5
29	115160.0
30	138119.5
31	160424.0
32	182479.0
33	206669.0
34	228539.0
35	248085.5
36	266902.0
37	288905.5
38	308510.5
39	320727.0
40	331615.0
41	345120.5
42	360405.0
43	378405.5
44	399903.5
45	422395.5
46	453097.5
47	484894.5
48	506673.0
49	523352.0
50	538078.0
51	558515.0
52	573771.5
53	577522.0
54	575556.5
55	570768.5
56	555833.0
57	531272.5
58	501716.5
59	461251.5
60	414630.0
61	362840.5
62	313285.5
63	272032.5
64	230310.0
65	190072.5
66	156475.5
67	128777.5
68	106752.0
69	86212.5
70	66898.5
71	49959.0
72	36590.5
73	27686.5
74	21439.0
75	16553.5
76	12341.0
77	8973.0
78	6391.0
79	4147.5
80	3331.5
81	2771.0
82	2400.5
83	2157.0
84	1526.5
85	1020.5
86	689.0
87	474.0
88	326.0
89	255.0
90	203.0
91	140.0
92	112.5
93	76.5
94	46.5
95	34.5
96	24.0
97	14.5
98	8.0
99	3.5
100	1.0
>>END_MODULE
>>Per base N content	pass
#Base	N-Count
1	0.0170059312333774
2	0.0021373574774190174
3	0.00608018462520441
4	0.008715373813202391
5	3.727737297790716
6	0.03856536317951705
7	0.0476524513366184
8	0.05341402366705228
9	0.04714798186989838
10-14	0.05277812662873941
15-19	0.03115895487733028
20-24	0.026851051141786986
25-29	0.02655367966666782
30-34	0.04992123638563027
35-39	0.04782503299628578
40-44	0.038729979531815166
45-49	0.029459689305220756
50-54	0.015015931942289755
55-59	0.005270378375995962
60-64	0.004779184421558051
65-69	7.819276734160256E-4
70-74	0.0032485178554312643
75-79	0.004476502741526041
80-84	0.005671298846915554
85-89	0.002226303409709126
90-94	0.009664572941372948
95-99	0.01805204160120733
100	0.0048123732022633155
>>END_MODULE
>>Sequence Length Distribution	pass
#Length	Count
100	1.5065332E7
>>END_MODULE
>>Sequence Duplication Levels	warn
#Total Duplicate Percentage	47.170728060995664
#Duplication Level	Relative count
1	100.0
2	24.710824195259992
3	10.117615847187832
4	5.795012380615494
5	3.9105058365758754
6	2.9465864874425187
7	2.3567385921471526
8	1.9446409621506897
9	1.6236292889989388
10++	23.46038203042094
>>END_MODULE
>>Overrepresented sequences	pass
>>END_MODULE
>>Kmer Content	warn
#Sequence	Count	Obs/Exp Overall	Obs/Exp Max	Max Obs/Exp Position
TTTTT	8181085	5.2053323	8.022643	2
AAAAA	7848445	4.997653	6.3776536	2
CTCCT	3389060	2.4791684	7.2370577	1
CTCCA	3176225	2.3238442	6.4307666	1
CTGGA	3095890	2.2431908	6.4559016	1
CTCTG	3073280	2.2372851	5.4427195	1
GAAGA	3161510	2.1873424	5.073265	2
GGAGA	2823675	2.0363708	5.2081394	1
CTTTT	2783800	1.8555472	5.009326	1
GTTTT	2760805	1.8313112	7.510619	1
GGAAG	2350920	1.6954305	5.1417546	1
CTCAG	2325440	1.6931419	5.2791104	1
GTGGA	2198970	1.5855957	5.29019	1
GGAAA	2287965	1.5829661	5.8113065	1
CTGGG	1998550	1.509439	5.369771	1
GTCCA	2027665	1.4763334	5.1327505	1
GTCAG	1746365	1.2653646	5.0102005	1
>>END_MODULE
