##FastQC	0.10.1
>>Basic Statistics	pass
#Measure	Value	
Filename	F_heteroclitus_MDPL_transfer_1_R2.fastq.gz	
File type	Conventional base calls	
Encoding	Sanger / Illumina 1.9	
Total Sequences	18365745	
Filtered Sequences	0	
Sequence length	100	
%GC	48	
>>END_MODULE
>>Per base sequence quality	pass
#Base	Mean	Median	Lower Quartile	Upper Quartile	10th Percentile	90th Percentile
1	29.533345965546182	31.0	30.0	34.0	25.0	34.0
2	29.434602081211516	31.0	30.0	34.0	23.0	34.0
3	29.514353106830136	31.0	30.0	34.0	23.0	34.0
4	32.895484174478085	37.0	33.0	37.0	26.0	37.0
5	32.84670744366755	37.0	33.0	37.0	26.0	37.0
6	32.74985991583788	36.0	33.0	37.0	25.0	37.0
7	32.72839816734905	36.0	33.0	37.0	25.0	37.0
8	32.66133941204128	36.0	33.0	37.0	25.0	37.0
9	34.03240266049649	38.0	34.0	39.0	25.0	39.0
10-14	34.12852618829239	38.2	34.0	39.4	24.4	39.4
15-19	34.75132500206226	39.0	34.0	41.0	22.6	41.0
20-24	34.46245125367907	39.0	34.0	41.0	18.8	41.0
25-29	34.186423322331876	39.0	33.6	41.0	17.6	41.0
30-34	33.80066724219464	38.2	33.0	40.2	15.6	41.0
35-39	33.36075884751749	38.0	32.8	40.0	9.8	41.0
40-44	32.88495256794647	38.0	32.0	40.0	7.8	41.0
45-49	32.450399120754426	37.6	31.0	40.0	2.8	41.0
50-54	31.586110860191077	36.4	30.4	39.6	2.0	40.6
55-59	31.579443600028203	35.8	30.8	39.8	2.0	41.0
60-64	30.812279654323852	35.0	30.0	39.0	2.0	41.0
65-69	29.96708921963144	35.0	29.0	37.4	2.0	40.0
70-74	29.26540697368933	34.4	29.0	36.2	2.0	39.2
75-79	28.494903920314698	34.0	28.2	35.2	2.0	37.6
80-84	27.81202684671926	34.0	27.0	35.0	2.0	36.4
85-89	27.219891259516015	34.0	26.2	35.0	2.0	35.4
90-94	26.66997833194352	33.4	25.0	35.0	2.0	35.0
95-99	25.95858781661185	33.0	23.0	35.0	2.0	35.0
100	24.568147494152836	32.0	17.0	35.0	2.0	35.0
>>END_MODULE
>>Per sequence quality scores	pass
#Quality	Count
2	861047.0
3	131268.0
4	88810.0
5	75880.0
6	77455.0
7	80822.0
8	85106.0
9	94711.0
10	104961.0
11	108153.0
12	103336.0
13	100825.0
14	100920.0
15	102907.0
16	103019.0
17	103317.0
18	103020.0
19	103764.0
20	106201.0
21	112515.0
22	124840.0
23	144563.0
24	173416.0
25	209477.0
26	250737.0
27	296695.0
28	346614.0
29	404166.0
30	477466.0
31	576160.0
32	708054.0
33	891893.0
34	1171564.0
35	1629200.0
36	2386689.0
37	3083960.0
38	2293946.0
39	447546.0
40	722.0
>>END_MODULE
>>Per base sequence content	fail
#Base	G	A	T	C
1	35.996773651699485	14.780488926080698	6.316297383518456	42.90644003870136
2	24.818706478895507	16.588198176798436	40.12632663466345	18.466768709642604
3	26.047324972274037	21.72592663019271	22.83642539243375	29.390323005099507
4	27.90173637540282	28.310765976328106	19.535064839141604	24.252432809127473
5	29.610573339002343	29.28030357711438	22.563251360575993	18.545871723307283
6	23.073896634717777	32.694262959170636	24.117461924587463	20.114378481524124
7	21.033306614394508	19.724105848397123	37.33935476350199	21.903232773706385
8	20.85686490891126	21.756733202534775	31.286501131324002	26.09990075722996
9	21.999069454410726	20.625005923485883	32.70775693957478	24.66816768252861
10-14	24.059611061536245	26.643025076213977	26.28187952659657	23.015484335653206
15-19	24.307570630684356	25.451564547953588	26.568001797425982	23.67286302393607
20-24	24.20369946451233	25.826432376801627	26.401849901177997	23.568018257508044
25-29	24.131793562953447	25.962155861836457	26.261549525177504	23.644501050032595
30-34	24.109636726558737	25.87411305042836	26.22523510795197	23.79101511506093
35-39	24.035220005085254	25.95894118089112	26.249663896424767	23.75617491759886
40-44	24.194788616776243	25.86158585733428	26.14798337313358	23.795642152755896
45-49	24.168694074695768	25.892985538621634	26.060345293406577	23.87797509327602
50-54	24.09649182027838	25.94235656961903	26.181847287321936	23.779304322780654
55-59	24.242994028467947	25.822423510309093	25.998602880263004	23.935979580959952
60-64	24.149421296015102	25.82165709587485	25.9505195751944	24.078402032915648
65-69	24.107488281108715	25.974609323082326	26.04262835219991	23.87527404360905
70-74	24.26264744692586	25.922850728986774	25.89955356729482	23.914948256792545
75-79	24.18703988379365	25.841369822386064	25.917700617431223	24.053889676389065
80-84	24.189732123207094	25.961122185834608	25.922599376819093	23.926546314139202
85-89	24.338086576014373	25.919384428262443	25.811297118322564	23.93123187740062
90-94	24.20322153907268	25.860343121050523	25.763305372784707	24.1731299670921
95-99	24.248802659512517	25.97945852515698	25.801559814448733	23.97017900088177
100	24.833871548029297	25.662216511284807	25.1861000891411	24.3178118515448
>>END_MODULE
>>Per base GC content	fail
#Base	%GC
1	78.90321369040085
2	43.28547518853811
3	55.43764797737354
4	52.15416918453029
5	48.15644506230963
6	43.188275116241904
7	42.93653938810089
8	46.95676566614122
9	46.667237136939335
10-14	47.07509539718945
15-19	47.98043365462043
20-24	47.77171772202038
25-29	47.77629461298604
30-34	47.90065184161966
35-39	47.79139492268411
40-44	47.99043076953213
45-49	48.04666916797179
50-54	47.875796143059034
55-59	48.1789736094279
60-64	48.227823328930754
65-69	47.98276232471777
70-74	48.17759570371841
75-79	48.24092956018271
80-84	48.1162784373463
85-89	48.269318453414996
90-94	48.376351506164774
95-99	48.218981660394284
100	49.15168339957409
>>END_MODULE
>>Per sequence GC content	warn
#GC Content	Count
0	14865.0
1	14855.0
2	13914.5
3	13035.0
4	10888.0
5	7301.5
6	5555.5
7	5155.5
8	5018.5
9	4900.0
10	4934.0
11	5050.5
12	5248.5
13	5495.5
14	5888.0
15	6453.0
16	7134.5
17	8261.5
18	9976.0
19	12426.5
20	15895.0
21	21230.0
22	28373.5
23	37430.0
24	49354.5
25	65190.5
26	85487.0
27	108875.5
28	132116.0
29	156101.5
30	185599.5
31	214491.0
32	241971.0
33	270946.5
34	298172.0
35	322826.5
36	342876.5
37	367057.0
38	394351.0
39	411756.5
40	419879.0
41	429674.5
42	443348.0
43	461186.5
44	486296.0
45	510643.5
46	540362.5
47	571648.0
48	592079.0
49	610808.5
50	630691.0
51	650985.0
52	665877.5
53	673510.0
54	673664.5
55	666378.0
56	649334.5
57	619813.5
58	585332.5
59	538908.0
60	485565.0
61	430116.0
62	373564.0
63	321687.0
64	271959.5
65	226944.0
66	189229.5
67	158518.5
68	131593.0
69	106074.5
70	82535.5
71	62788.0
72	46991.5
73	36079.5
74	28340.0
75	21646.0
76	16166.5
77	11843.0
78	8665.5
79	6296.0
80	4685.5
81	3461.5
82	2788.5
83	2239.0
84	1652.5
85	1230.0
86	898.0
87	666.5
88	538.5
89	422.0
90	318.0
91	230.5
92	166.5
93	124.0
94	92.5
95	64.5
96	45.0
97	33.0
98	19.5
99	10.0
100	7.5
>>END_MODULE
>>Per base N content	pass
#Base	N-Count
1	0.0308672476940086
2	0.26476464744555694
3	0.06539348117922796
4	0.03771695621386445
5	0.046989653836531
6	0.038370346533723516
7	0.043450456270627734
8	0.03661708250876836
9	0.03606170073688816
10-14	0.04654317045129397
15-19	0.0432195916909442
20-24	0.07656645564881795
25-29	0.035421378223426274
30-34	0.05610771575016424
35-39	0.04118972576391538
40-44	0.045319152585424655
45-49	0.03990581378539231
50-54	0.04059296260511076
55-59	0.043434121512631256
60-64	0.04459606729811397
65-69	0.04003649184936413
70-74	0.03499449654778502
75-79	0.03937003372310788
80-84	0.04806883684816488
85-89	0.052590297861589606
90-94	0.03874713495150891
95-99	0.040473174379803266
100	0.03925786838486541
>>END_MODULE
>>Sequence Length Distribution	pass
#Length	Count
100	1.8365745E7
>>END_MODULE
>>Sequence Duplication Levels	warn
#Total Duplicate Percentage	48.3992590374972
#Duplication Level	Relative count
1	100.0
2	26.870637294896202
3	10.882059650077055
4	6.040250203970628
5	4.0766929562143055
6	3.033269875804551
7	2.3134801921856587
8	1.9381742362433143
9	1.6154473755779168
10++	24.53721330795032
>>END_MODULE
>>Overrepresented sequences	pass
>>END_MODULE
>>Kmer Content	fail
#Sequence	Count	Obs/Exp Overall	Obs/Exp Max	Max Obs/Exp Position
TTTTT	19024950	8.913042	12.485246	10-14
AAAAA	11724245	6.014299	7.18004	95-96
CTCCT	4089405	2.4824386	8.7805605	1
TCCTC	4082040	2.4779675	5.3202243	2
CTGCT	4067480	2.4305198	5.0186677	1
CTCCA	3750730	2.3185353	7.6413074	1
CTGGA	3702305	2.217588	7.9438605	1
CTCTG	3689290	2.2045326	6.402107	1
GAAGA	3848700	2.192686	5.2540503	2
GGGGG	3285195	2.1906202	5.87563	1
GGAGA	3441360	2.0662065	5.174828	2
GAAAA	3740670	2.0222304	5.2029567	2
CTTCA	3552430	2.014272	5.1500444	1
CTTTT	3691670	1.8855178	7.1622014	1
GTTTT	3617450	1.8187194	7.299307	1
CTGAA	3109250	1.7671896	5.161785	1
GGAAG	2902230	1.7425106	5.1460376	1
CTCAG	2762340	1.6808556	6.5638127	1
GGAAA	2887480	1.6450586	5.9770722	1
CTGGG	2475525	1.5626336	7.144063	1
GGGAG	2441905	1.545089	5.4441824	1
GTGGA	2547335	1.5019315	5.158169	1
CTCCC	2173430	1.4383658	5.164146	1
GTCAG	2072540	1.2413996	5.0012527	1
>>END_MODULE
