##FastQC	0.10.1
>>Basic Statistics	pass
#Measure	Value	
Filename	F_olivaceous_NA_transfer_1_R1.fastq.gz	
File type	Conventional base calls	
Encoding	Sanger / Illumina 1.9	
Total Sequences	11437097	
Filtered Sequences	0	
Sequence length	100	
%GC	48	
>>END_MODULE
>>Per base sequence quality	pass
#Base	Mean	Median	Lower Quartile	Upper Quartile	10th Percentile	90th Percentile
1	30.147737402244644	31.0	30.0	34.0	26.0	34.0
2	30.46613664289111	31.0	30.0	34.0	26.0	34.0
3	30.02992638778879	31.0	30.0	34.0	25.0	34.0
4	31.687528749646873	35.0	32.0	37.0	16.0	37.0
5	32.78874919046328	35.0	33.0	37.0	19.0	37.0
6	33.20789217753421	36.0	33.0	37.0	27.0	37.0
7	33.36517588335572	36.0	35.0	37.0	28.0	37.0
8	33.355021908094336	37.0	35.0	37.0	27.0	37.0
9	34.81492165363291	39.0	35.0	39.0	27.0	39.0
10-14	34.88026106624784	39.0	35.2	39.4	27.0	39.4
15-19	35.03718560750163	39.0	34.6	41.0	22.4	41.0
20-24	35.29028446641661	39.0	35.0	41.0	25.4	41.0
25-29	34.966441239415914	39.0	34.2	41.0	24.2	41.0
30-34	34.576221885676055	39.0	34.0	41.0	22.6	41.0
35-39	34.19944965055381	38.2	33.2	40.2	20.0	41.0
40-44	33.98140318299303	38.0	33.0	40.0	18.4	41.0
45-49	33.51998305164326	38.0	33.0	40.0	15.4	41.0
50-54	32.8713563240742	37.2	32.0	40.0	10.2	41.0
55-59	31.496353541462486	35.8	30.4	39.6	5.0	41.0
60-64	31.30638028163965	35.0	30.6	38.8	2.0	40.6
65-69	30.589601819412742	35.0	30.0	37.4	2.0	40.0
70-74	29.821154459037984	34.6	29.4	36.2	2.0	39.0
75-79	28.738133776429457	33.8	28.2	35.0	2.0	37.0
80-84	28.68812164485446	34.0	29.0	35.0	2.0	36.2
85-89	28.19398160214957	34.0	29.0	35.0	2.0	35.4
90-94	27.13648559595149	34.0	26.4	35.0	2.0	35.0
95-99	26.954545755797994	33.8	27.0	35.0	2.0	35.0
100	25.84449489236648	33.0	24.0	35.0	2.0	35.0
>>END_MODULE
>>Per sequence quality scores	pass
#Quality	Count
2	332012.0
3	109498.0
4	60969.0
5	46346.0
6	43363.0
7	44311.0
8	46550.0
9	51431.0
10	56774.0
11	60145.0
12	60879.0
13	63067.0
14	63366.0
15	63103.0
16	62236.0
17	61064.0
18	59707.0
19	59149.0
20	59049.0
21	61690.0
22	68782.0
23	80623.0
24	98326.0
25	121589.0
26	148560.0
27	180137.0
28	215473.0
29	253845.0
30	303807.0
31	365590.0
32	448077.0
33	569331.0
34	764625.0
35	1077853.0
36	1599122.0
37	2045618.0
38	1400830.0
39	229906.0
40	294.0
>>END_MODULE
>>Per base sequence content	fail
#Base	G	A	T	C
1	35.88966907498094	15.806406233271645	6.92072364455834	41.383201047189075
2	24.859271166334445	18.344067625736105	37.156198141231336	19.64046306669811
3	25.138106885316486	22.558470764027778	22.371072624386258	29.93234972626948
4	27.200584606928285	28.911679216058854	19.136949451157477	24.750786725855388
5	29.10277856985275	29.424843394317712	21.97352671213454	19.498851323695
6	23.400348349363036	32.578080853499664	23.46319569528473	20.558375101852576
7	21.137284589258904	19.768323953654296	36.771766817771656	22.322624639315144
8	21.364274418459853	21.771976027963877	30.45193122643486	26.411818327141408
9	22.22304523481249	20.518657092979996	32.052949229179234	25.20534844302828
10-14	24.23005464747536	26.743149029962144	25.676376131669148	23.35042019089335
15-19	24.436887254247093	25.634032872661887	25.931184849245607	23.997895023845413
20-24	24.385878595976752	25.796642005662353	25.867322614615574	23.950156783745317
25-29	24.32639059724361	25.77993530190709	25.834961156014064	24.05871294483524
30-34	24.26545239841422	25.831742452123983	25.72905320016483	24.173751949296967
35-39	24.26651270529373	25.90727100201717	25.751620699267313	24.074595593421787
40-44	24.331924027249112	25.840388171623434	25.649642997751975	24.178044803375478
45-49	24.32239564951501	25.818148119836547	25.620126461673475	24.239329768974965
50-54	24.285727402070442	25.874574581918335	25.643522098393134	24.196175917618092
55-59	24.40305812211725	25.78402957131063	25.524224787724574	24.288687518847542
60-64	24.3511351811732	25.736588387668647	25.537519330522485	24.374757100635673
65-69	24.299643452813807	25.85424045768314	25.56464904458616	24.281467044916887
70-74	24.409617829080677	25.760194739233583	25.529214880956324	24.300972550729416
75-79	24.32479766956809	25.687030029940594	25.532237296930937	24.455935003560374
80-84	24.2988623517192	25.796638407549477	25.521024795432023	24.383474445299296
85-89	24.433839753735146	25.750469609127325	25.396963855932412	24.418726781205113
90-94	24.29802579053916	25.70876827908169	25.44074395512872	24.552461975250434
95-99	24.292953627017173	25.799399191635203	25.49788447389394	24.409762707453687
100	24.65592010484246	25.56274651145954	25.03673298364862	24.744600400049386
>>END_MODULE
>>Per base GC content	fail
#Base	%GC
1	77.27287012217002
2	44.499734233032555
3	55.07045661158596
4	51.951371332783665
5	48.60162989354775
6	43.95872345121561
7	43.45990922857405
8	47.77609274560126
9	47.428393677840766
10-14	47.58047483836871
15-19	48.434782278092506
20-24	48.33603537972207
25-29	48.385103542078845
30-34	48.43920434771118
35-39	48.34110829871552
40-44	48.50996883062459
45-49	48.56172541848998
50-54	48.481903319688534
55-59	48.6917456409648
60-64	48.72589228180887
65-69	48.5811104977307
70-74	48.71059037981009
75-79	48.78073267312846
80-84	48.6823367970185
85-89	48.85256653494026
90-94	48.850487765789595
95-99	48.70271633447086
100	49.400520504891844
>>END_MODULE
>>Per sequence GC content	warn
#GC Content	Count
0	5015.0
1	5092.0
2	4756.5
3	4294.5
4	3665.0
5	2638.5
6	2095.5
7	2005.0
8	1985.5
9	1976.5
10	1981.0
11	1978.5
12	2055.5
13	2151.5
14	2277.5
15	2487.5
16	2850.0
17	3329.5
18	4078.5
19	5382.0
20	7436.0
21	10115.5
22	13598.5
23	18382.5
24	24954.0
25	33473.0
26	43359.5
27	54974.5
28	67929.5
29	81777.5
30	97427.0
31	115744.5
32	134892.5
33	152529.5
34	168084.0
35	182092.5
36	195676.5
37	208882.0
38	221623.5
39	234577.0
40	248196.0
41	262524.0
42	279935.5
43	297660.5
44	316229.5
45	333425.0
46	348773.5
47	370267.5
48	392280.0
49	412434.0
50	430350.0
51	443748.5
52	455488.0
53	462395.5
54	459144.5
55	447381.5
56	430687.0
57	407743.0
58	378029.5
59	343859.5
60	306736.5
61	268082.0
62	229264.5
63	194268.0
64	163638.5
65	134840.0
66	109977.0
67	89558.5
68	72242.5
69	56269.0
70	42276.0
71	32396.0
72	24374.0
73	17612.0
74	12987.0
75	9628.5
76	6961.5
77	4918.5
78	3580.0
79	2518.0
80	1829.0
81	1459.5
82	1112.5
83	807.5
84	626.0
85	456.0
86	297.0
87	188.0
88	141.0
89	112.0
90	85.5
91	63.0
92	39.5
93	23.5
94	15.5
95	14.5
96	13.5
97	9.0
98	3.0
99	2.0
100	1.5
>>END_MODULE
>>Per base N content	pass
#Base	N-Count
1	0.12025778919248478
2	0.00337498230538746
3	0.00423184309794697
4	3.9215982866981016
5	0.007781694952836371
6	0.012686785816365813
7	0.013639824861151392
8	0.015502185563347063
9	0.01873727222913297
10-14	0.021515949370718813
15-19	0.1911394123876015
20-24	0.0050694682400612675
25-29	0.005725229050693546
30-34	0.015916626395666662
35-39	0.01615619767848432
40-44	0.018842193958834134
45-49	0.007634804531254741
50-54	0.008691016610246464
55-59	0.9561954401540882
60-64	0.0022890424029804067
65-69	0.002568833682183512
70-74	0.003749203141321613
75-79	0.0033609927414273047
80-84	0.003794669224192118
85-89	0.004936567382439793
90-94	1.0223783185540876
95-99	0.01023861212333864
100	0.004450430034824396
>>END_MODULE
>>Sequence Length Distribution	pass
#Length	Count
100	1.1437097E7
>>END_MODULE
>>Sequence Duplication Levels	warn
#Total Duplicate Percentage	36.754570908514594
#Duplication Level	Relative count
1	100.0
2	18.728975085238705
3	7.539733766677551
4	4.275224202477048
5	2.879511576517401
6	2.0981251281428213
7	1.6994585728496685
8	1.3266104230421676
9	1.1003196926091017
10++	12.225014997456128
>>END_MODULE
>>Overrepresented sequences	pass
>>END_MODULE
>>Kmer Content	warn
#Sequence	Count	Obs/Exp Overall	Obs/Exp Max	Max Obs/Exp Position
TTTTT	8097210	6.7450333	9.372809	10-14
AAAAA	5876850	4.8955317	6.6479692	2
CTCCT	2570735	2.4984767	7.1543574	1
CTCCA	2420005	2.3519905	6.604674	1
CTGGA	2392250	2.3007097	7.031351	1
CTCTG	2344475	2.266635	5.286278	1
GAAGA	2453065	2.2410102	5.22278	2
GAAAA	2289160	1.9969683	5.2594028	2
CTTTT	2182010	1.9135002	5.9389505	1
GTTTT	2107715	1.8386607	6.6386147	1
GGAAG	1769350	1.6927321	5.0063353	1
CTCAG	1750315	1.692207	5.245966	1
GGAAA	1799295	1.6437552	6.0544276	1
CTGGG	1561410	1.5725771	6.1200814	1
>>END_MODULE
