##FastQC	0.10.1
>>Basic Statistics	pass
#Measure	Value	
Filename	L_parva_NA_transfer_2_R1.fastq.gz	
File type	Conventional base calls	
Encoding	Sanger / Illumina 1.9	
Total Sequences	19686042	
Filtered Sequences	0	
Sequence length	100	
%GC	50	
>>END_MODULE
>>Per base sequence quality	pass
#Base	Mean	Median	Lower Quartile	Upper Quartile	10th Percentile	90th Percentile
1	30.94766921659519	33.0	31.0	34.0	27.0	34.0
2	31.250045743070142	34.0	31.0	34.0	28.0	34.0
3	30.993249430230822	34.0	31.0	34.0	27.0	34.0
4	34.50123229443481	37.0	35.0	37.0	30.0	37.0
5	32.98420738917452	37.0	35.0	37.0	25.0	37.0
6	33.37712441129609	37.0	35.0	37.0	22.0	37.0
7	33.99737682160792	37.0	35.0	37.0	30.0	37.0
8	34.12393070176321	37.0	35.0	37.0	30.0	37.0
9	35.728174866232635	39.0	37.0	39.0	30.0	39.0
10-14	35.848275737702885	39.2	37.0	39.4	30.0	39.4
15-19	36.66470316379493	40.0	37.0	41.0	30.0	41.0
20-24	36.47167209132236	40.0	37.0	41.0	29.2	41.0
25-29	36.16804952463273	40.0	36.2	41.0	27.8	41.0
30-34	35.780031394832946	40.0	35.8	41.0	26.6	41.0
35-39	35.43323362817167	39.4	35.0	41.0	25.6	41.0
40-44	35.193317122862986	39.0	35.0	41.0	24.6	41.0
45-49	34.697840957567806	38.8	34.4	41.0	23.6	41.0
50-54	34.039386688294165	37.8	33.6	40.0	22.2	41.0
55-59	33.273924854981004	36.6	33.0	40.0	19.6	41.0
60-64	32.46181377648183	35.2	32.2	39.0	17.0	41.0
65-69	31.72380974296407	35.0	32.0	37.4	12.4	40.0
70-74	30.968816941465427	35.0	31.2	36.2	7.2	39.0
75-79	29.96870806229104	34.2	30.4	35.0	2.0	37.2
80-84	29.939054137952162	35.0	31.0	35.0	2.0	36.2
85-89	29.505391606906052	34.4	30.6	35.0	2.0	35.4
90-94	29.073864954671944	34.0	30.0	35.0	2.0	35.0
95-99	28.58033374103337	34.0	30.0	35.0	2.0	35.0
100	27.470450179878718	34.0	27.0	35.0	2.0	35.0
>>END_MODULE
>>Per sequence quality scores	pass
#Quality	Count
2	438934.0
3	156001.0
4	82434.0
5	64429.0
6	62034.0
7	62777.0
8	65006.0
9	70026.0
10	75237.0
11	78390.0
12	79367.0
13	81967.0
14	82376.0
15	82267.0
16	81968.0
17	80708.0
18	78417.0
19	77571.0
20	78217.0
21	81224.0
22	89629.0
23	105215.0
24	126965.0
25	156856.0
26	192926.0
27	236025.0
28	283118.0
29	333610.0
30	403292.0
31	496219.0
32	618116.0
33	810347.0
34	1133247.0
35	1723104.0
36	2970114.0
37	4348559.0
38	3156286.0
39	542435.0
40	629.0
>>END_MODULE
>>Per base sequence content	fail
#Base	G	A	T	C
1	37.24453233673448	14.168225186035416	7.381978579438153	41.20526389779195
2	26.24751474920372	17.890915301250825	33.81115035178691	22.050419597758548
3	25.489302890574645	22.035627838209752	21.437134898631157	31.03793437258445
4	28.116034369498067	27.8093724991487	18.424665805110983	25.649927326242256
5	29.696904366439398	29.27543340244279	20.889327115149843	20.13833511596797
6	23.581009511160385	32.47427783093262	22.572393750778772	21.372318907128218
7	21.63937457220577	19.0003148931447	36.375123522883825	22.9851870117657
8	21.48538822219325	21.072227520718133	29.780845568792902	27.66153868829571
9	22.529067913332355	19.84977785534315	31.52319103210602	26.097963199218484
10-14	25.041634318640586	26.059834774401132	24.71770612560681	24.18082478135147
15-19	25.358808480994526	24.781967950105997	24.957990953605023	24.901232615294454
20-24	25.093714503765984	25.114398638062458	25.010129423191195	24.78175743498036
25-29	25.110744702511706	25.13963179716101	24.867130136554476	24.882493363772806
30-34	24.967103158007383	25.165496608140835	24.89090901402745	24.976491219824336
35-39	25.021009601097255	25.156077457389962	24.85013351117544	24.97277943033734
40-44	25.130297015115836	25.16136885032868	24.768736798382978	24.939597336172497
45-49	25.151061092233302	25.053298104511846	24.723003513126173	25.07263729012868
50-54	25.161489367156655	25.13676963429153	24.748846223640648	24.952894774911176
55-59	25.233963941436176	24.94845415081348	24.66992937444468	25.147652533305664
60-64	25.212238859581397	24.95601167270167	24.707615786280194	25.12413368143674
65-69	25.160627630204775	25.083910683926923	24.686157415976723	25.069304269891585
70-74	25.278575665055847	25.022456676602054	24.5922325328894	25.106735125452694
75-79	25.237638986614296	24.837507090965886	24.64963249912028	25.275221423299538
80-84	25.185394436705376	24.942305491683666	24.655970367004464	25.216329704606494
85-89	25.366291417944375	24.8902045707499	24.53097668804777	25.212527323257955
90-94	25.20218956647387	24.806098796247273	24.54811455268136	25.443597084597496
95-99	25.210878500293106	24.93740907562561	24.61789890606743	25.23381351801386
100	25.649867255427868	24.570572756938798	24.07901499880062	25.700544988832714
>>END_MODULE
>>Per base GC content	fail
#Base	%GC
1	78.44979623452643
2	48.297934346962265
3	56.527237263159094
4	53.765961695740316
5	49.83523948240737
6	44.9533284182886
7	44.62456158397147
8	49.146926910488965
9	48.62703111255083
10-14	49.22245909999206
15-19	50.26004109628898
20-24	49.875471938746344
25-29	49.99323806628451
30-34	49.943594377831715
35-39	49.993789031434595
40-44	50.06989435128833
45-49	50.22369838236198
50-54	50.11438414206783
55-59	50.38161647474184
60-64	50.336372541018136
65-69	50.22993190009636
70-74	50.38531079050854
75-79	50.51286040991383
80-84	50.401724141311874
85-89	50.578818741202326
90-94	50.64578665107137
95-99	50.44469201830696
100	51.35041224426058
>>END_MODULE
>>Per sequence GC content	warn
#GC Content	Count
0	3701.0
1	2636.5
2	1399.5
3	1288.0
4	1234.5
5	1046.5
6	1010.0
7	1064.0
8	1099.5
9	1184.5
10	1292.5
11	1385.5
12	1485.0
13	1689.5
14	1913.5
15	2153.0
16	2610.5
17	3294.5
18	4419.5
19	6065.0
20	8352.5
21	11876.5
22	16940.0
23	23826.5
24	32453.0
25	43847.5
26	57802.0
27	74450.0
28	93609.0
29	115020.0
30	137611.5
31	162683.0
32	188877.5
33	213472.5
34	237694.0
35	262309.5
36	286525.5
37	307304.0
38	326338.5
39	346861.5
40	372226.0
41	404565.0
42	432926.5
43	457789.5
44	488696.0
45	525655.5
46	567529.0
47	606368.5
48	642435.0
49	673759.0
50	704986.0
51	741722.0
52	774111.5
53	790155.5
54	787531.5
55	782282.5
56	777872.5
57	747453.5
58	700376.0
59	655079.0
60	605172.5
61	541762.5
62	471489.5
63	412680.5
64	358650.0
65	310929.5
66	265508.5
67	223204.0
68	185353.5
69	150281.0
70	120211.0
71	92546.5
72	72862.0
73	59270.5
74	46591.5
75	35836.0
76	27533.5
77	21062.5
78	16224.5
79	12455.0
80	10080.0
81	7743.0
82	5344.5
83	3573.5
84	2402.0
85	1660.0
86	1142.5
87	850.0
88	622.0
89	440.5
90	310.0
91	215.0
92	164.5
93	121.5
94	78.5
95	55.5
96	45.0
97	35.5
98	20.5
99	9.0
100	6.5
>>END_MODULE
>>Per base N content	pass
#Base	N-Count
1	0.017093329375198935
2	0.00204713573200748
3	0.005577555914998048
4	0.0075942131993825875
5	3.537323551377164
6	0.03904289140498634
7	0.04838961534268798
8	0.0540840053069073
9	0.04799847526486025
10-14	0.0530670411045552
15-19	0.03105855407603011
20-24	0.026704199858966066
25-29	0.026827129597711923
30-34	0.05074255149917896
35-39	0.04857147008017153
40-44	0.03947365346472389
45-49	0.029423893335186423
50-54	0.015144740623838962
55-59	0.0052971541968669985
60-64	0.00474143050187539
65-69	8.625400677292063E-4
70-74	0.0029584413159333906
75-79	0.00397743741479369
80-84	0.005416020142596465
85-89	0.002194448228851691
90-94	0.009227857991972179
95-99	0.017657180656223327
100	0.004409215422785342
>>END_MODULE
>>Sequence Length Distribution	pass
#Length	Count
100	1.9686042E7
>>END_MODULE
>>Sequence Duplication Levels	fail
#Total Duplicate Percentage	53.54271010430547
#Duplication Level	Relative count
1	100.0
2	28.62074081400524
3	12.292171504871174
4	7.140101874289106
5	4.796004154097226
6	3.621977152465259
7	2.883141288759211
8	2.338163295583799
9	1.970228969882795
10++	34.151624548736464
>>END_MODULE
>>Overrepresented sequences	warn
#Sequence	Count	Percentage	Possible Source
GATCGGAAGAGCACACGTCTGAACTCCAGTCACTCCGCGAAATCTCGTAT	20477	0.10401786199582425	TruSeq Adapter, Index 6 (97% over 36bp)
>>END_MODULE
>>Kmer Content	warn
#Sequence	Count	Obs/Exp Overall	Obs/Exp Max	Max Obs/Exp Position
TTTTT	9349370	5.370405	7.539562	2
AAAAA	9120210	5.113629	7.552988	2
CTCCT	4788325	2.607231	6.6473093	1
CTCCA	4408645	2.3889163	6.4047995	1
GAAGA	4356990	2.3600214	5.2849903	2
CTGGA	4242745	2.279468	6.157953	1
GAAAA	3718555	2.049279	5.393442	2
GTTTT	3302500	1.8555386	6.9661293	1
GGAAA	2991780	1.6205374	5.71934	1
GTCCA	2718380	1.4667339	5.011702	1
>>END_MODULE
