##FastQC	0.10.1
>>Basic Statistics	pass
#Measure	Value	
Filename	F_similis_NA_BW_2_R2.fastq.gz	
File type	Conventional base calls	
Encoding	Sanger / Illumina 1.9	
Total Sequences	10821719	
Filtered Sequences	0	
Sequence length	100	
%GC	49	
>>END_MODULE
>>Per base sequence quality	fail
#Base	Mean	Median	Lower Quartile	Upper Quartile	10th Percentile	90th Percentile
1	29.370810312114	31.0	30.0	34.0	25.0	34.0
2	29.392692972345706	31.0	30.0	34.0	23.0	34.0
3	29.432051599196026	31.0	30.0	34.0	23.0	34.0
4	32.743892629257886	37.0	35.0	37.0	25.0	37.0
5	32.67097094278645	37.0	35.0	37.0	25.0	37.0
6	32.54645495784912	37.0	33.0	37.0	23.0	37.0
7	32.58073010396962	37.0	35.0	37.0	23.0	37.0
8	32.525579161684014	37.0	33.0	37.0	23.0	37.0
9	33.8677710075451	38.0	34.0	39.0	23.0	39.0
10-14	33.913304475934	38.2	34.0	39.4	21.0	39.4
15-19	34.52382247219689	39.0	34.0	41.0	18.0	41.0
20-24	34.131571278093624	39.0	34.0	41.0	16.4	41.0
25-29	33.82006317110988	39.0	33.2	41.0	12.0	41.0
30-34	33.41124760308413	38.0	33.0	40.0	8.4	41.0
35-39	32.876698812822625	38.0	32.0	40.0	4.2	41.0
40-44	32.290900586126845	38.0	31.2	40.0	2.0	41.0
45-49	31.707313634737698	37.0	30.6	40.0	2.0	41.0
50-54	30.95145078152556	36.0	29.6	39.4	2.0	40.6
55-59	30.844226781345917	35.4	30.0	39.4	2.0	41.0
60-64	30.016125386364216	35.0	29.0	38.6	2.0	40.6
65-69	29.23383641730117	35.0	28.2	37.0	2.0	39.8
70-74	28.471374926663678	34.0	27.4	35.6	2.0	38.8
75-79	27.725780867161678	34.0	26.4	35.0	2.0	37.2
80-84	27.0373991599671	34.0	25.4	35.0	2.0	36.0
85-89	26.437390529175634	33.0	24.2	35.0	2.0	35.0
90-94	25.837122641975828	33.0	21.8	35.0	2.0	35.0
95-99	25.08763722288483	33.0	11.6	35.0	2.0	35.0
100	23.746162231711985	31.0	2.0	34.0	2.0	35.0
>>END_MODULE
>>Per sequence quality scores	pass
#Quality	Count
2	612880.0
3	87635.0
4	60072.0
5	50351.0
6	50737.0
7	51485.0
8	54345.0
9	59465.0
10	63040.0
11	64385.0
12	63346.0
13	62101.0
14	62475.0
15	64394.0
16	64412.0
17	63168.0
18	63244.0
19	64307.0
20	66526.0
21	70759.0
22	77321.0
23	88099.0
24	103770.0
25	123696.0
26	145420.0
27	171311.0
28	201399.0
29	238144.0
30	280428.0
31	337541.0
32	416742.0
33	532278.0
34	705293.0
35	991178.0
36	1452858.0
37	1783135.0
38	1168774.0
39	204958.0
40	247.0
>>END_MODULE
>>Per base sequence content	fail
#Base	G	A	T	C
1	35.69022137200705	14.008890157658255	7.472711572042531	42.82817689829216
2	25.60867337896275	16.88517547039557	37.95212563592862	19.554025514713068
3	25.967539350849883	22.03914773738969	22.075489804344517	29.91782310741591
4	28.147981875393143	28.719469826035283	18.669099453473507	24.463448845098068
5	29.739711825920356	29.710729491369737	21.329269458425095	19.220289224284812
6	22.795170537985296	33.0080355134583	23.187678269205186	21.00911567935122
7	20.8812790601465	18.609319307886054	37.66453838192734	22.8448632500401
8	20.836346929644545	20.703757936111757	30.744275091424743	27.71562004281895
9	22.37741025361534	20.174456408132844	31.485804672763184	25.96232866548863
10-14	24.401692329570686	26.404264819605118	25.19410334346055	23.999939507363646
15-19	24.878772325745388	24.886796485491985	25.739173023440532	24.495258165322095
20-24	24.627677279873275	25.428183307926354	25.532956230684878	24.41118318151549
25-29	24.681710394905952	25.405195812330362	25.494234398028265	24.41885939473542
30-34	24.55030715215876	25.448185038377403	25.389457200241335	24.61205060922251
35-39	24.745251573863637	25.327491960847077	25.334143918146683	24.593112547142603
40-44	25.073782391685256	25.244138381412583	25.048481026491814	24.633598200410344
45-49	24.97464914175472	25.319227002251765	25.00537235506292	24.700751500930593
50-54	24.89962645243583	25.40996306096629	24.953753622825513	24.736656863772367
55-59	25.268087177596243	25.010866274575722	24.910743033451034	24.810303514376997
60-64	25.192089929854937	24.995250371277443	24.850878673915496	24.961781024952124
65-69	25.050342158005716	25.044004134824977	24.941271566501705	24.964382140667606
70-74	25.423520846493748	25.09581324022909	24.697540324242773	24.78312558903439
75-79	25.309856522642406	24.982162373424604	24.737378836643142	24.97060226728985
80-84	25.341256258949578	24.912456921140407	24.76057415075695	24.985712669153063
85-89	25.397424373571255	25.05230226897781	24.555564803101255	24.994708554349675
90-94	25.378485803085255	25.022707012425077	24.58724125798744	25.01156592650223
95-99	25.23848191511373	25.006696571732544	24.668712958489543	25.086108554664182
100	25.664660368132107	24.514589681618475	24.216197161738584	25.60455278851083
>>END_MODULE
>>Per base GC content	fail
#Base	%GC
1	78.51839827029922
2	45.16269889367581
3	55.88536245826579
4	52.611430720491214
5	48.96000105020517
6	43.80428621733651
7	43.7261423101866
8	48.5519669724635
9	48.33973891910397
10-14	48.401631836934335
15-19	49.37403049106749
20-24	49.038860461388765
25-29	49.100569789641376
30-34	49.162357761381266
35-39	49.33836412100624
40-44	49.7073805920956
45-49	49.67540064268531
50-54	49.63628331620819
55-59	50.07839069197324
60-64	50.153870954807054
65-69	50.01472429867332
70-74	50.206646435528135
75-79	50.28045878993225
80-84	50.326968928102644
85-89	50.392132927920926
90-94	50.39005172958748
95-99	50.32459046977792
100	51.26921315664295
>>END_MODULE
>>Per sequence GC content	warn
#GC Content	Count
0	14256.0
1	9153.0
2	3694.0
3	3214.0
4	2868.0
5	2569.0
6	2459.5
7	2433.0
8	2412.0
9	2437.0
10	2506.0
11	2548.0
12	2629.0
13	2757.5
14	2904.0
15	3155.0
16	3574.5
17	4114.0
18	4861.5
19	5996.0
20	7774.0
21	10578.5
22	14335.5
23	18865.5
24	25161.0
25	34237.0
26	43650.0
27	52466.5
28	61981.5
29	72931.0
30	87363.0
31	101428.5
32	113967.0
33	127682.5
34	141177.5
35	151493.5
36	161778.5
37	174958.0
38	185550.5
39	195988.0
40	207718.0
41	223035.5
42	238801.5
43	257184.5
44	291973.0
45	312519.5
46	322654.5
47	335819.0
48	346941.5
49	356953.0
50	364750.0
51	383086.5
52	404875.5
53	415799.5
54	408815.5
55	400728.0
56	394119.0
57	379503.0
58	362209.5
59	334662.5
60	303935.0
61	276535.0
62	239608.0
63	205811.0
64	179531.5
65	155917.0
66	134826.5
67	118595.0
68	108156.5
69	89808.0
70	70107.0
71	54709.0
72	41392.0
73	34818.0
74	33397.0
75	33757.0
76	28336.5
77	21806.5
78	16351.5
79	11033.0
80	9322.0
81	9603.5
82	10451.0
83	11146.5
84	8726.5
85	5143.0
86	3444.5
87	2019.5
88	1375.0
89	1112.0
90	786.5
91	456.0
92	345.0
93	234.5
94	100.0
95	31.5
96	15.0
97	12.5
98	11.5
99	10.5
100	8.0
>>END_MODULE
>>Per base N content	pass
#Base	N-Count
1	0.04239622189413715
2	0.05036168468244278
3	0.046693136275299696
4	0.046600729514414484
5	0.04421663508357591
6	0.044928167142392075
7	0.043560547081290875
8	0.03769271776507965
9	0.04969635600406922
10-14	0.035792834761279604
15-19	0.040538846000344304
20-24	0.04261060557939086
25-29	0.026003262513099812
30-34	0.043453355238664025
35-39	0.03558029921124361
40-44	0.08921133509380534
45-49	0.06556259684806083
50-54	0.06300108143632263
55-59	0.07804120583800041
60-64	0.07616350045681282
65-69	0.07042873687627631
70-74	0.06258894728277457
75-79	0.06412474764868686
80-84	0.07986346716265687
85-89	0.07428579507562523
90-94	0.05449411502922965
95-99	0.06681193625522895
100	0.07184625658825552
>>END_MODULE
>>Sequence Length Distribution	pass
#Length	Count
100	1.0821719E7
>>END_MODULE
>>Sequence Duplication Levels	warn
#Total Duplicate Percentage	44.03829117462393
#Duplication Level	Relative count
1	100.0
2	17.4379466687159
3	6.797049104741412
4	3.742411434719127
5	2.493660185967878
6	1.8888803504188119
7	1.4877430262045646
8	1.2011065857219703
9	1.0620149081687542
10++	17.581649120110658
>>END_MODULE
>>Overrepresented sequences	warn
#Sequence	Count	Percentage	Possible Source
TTTTTTTTTTTTTTTTTTTTTTTTTTTTTTTTTTTTTTTTTTTTTTTTTT	28793	0.2660667866168027	No Hit
>>END_MODULE
>>Kmer Content	fail
#Sequence	Count	Obs/Exp Overall	Obs/Exp Max	Max Obs/Exp Position
TTTTT	9109590	8.863467	12.760038	2
AAAAA	5864175	5.795205	7.110805	2
CTCCA	2105820	2.1113527	6.565094	1
GAAGA	2151025	2.1086626	5.3008785	2
CTCCT	2089540	2.0885208	6.789314	1
GAAAA	2090810	2.05791	5.5050774	2
CTGGA	1984685	1.9509443	6.4233656	1
CTTTT	1957080	1.9213556	5.674582	1
TTTAA	1934470	1.8939552	5.1057615	7
CTGCA	1865875	1.8523751	5.0536804	1
GTTTT	1895680	1.8427697	7.576118	1
CTGAA	1792625	1.7692648	5.33345	1
GGAAA	1696960	1.66354	6.5106697	1
CTCAG	1572680	1.5613014	5.3800163	1
GGGAG	1549810	1.5070924	5.261455	1
CTGGG	1505935	1.4743797	6.270681	1
GGGAA	1458175	1.4237088	5.2011757	1
>>END_MODULE
