##FastQC	0.10.1
>>Basic Statistics	pass
#Measure	Value	
Filename	F_similis_NA_transfer_2_R2.fastq.gz	
File type	Conventional base calls	
Encoding	Sanger / Illumina 1.9	
Total Sequences	6900428	
Filtered Sequences	0	
Sequence length	100	
%GC	51	
>>END_MODULE
>>Per base sequence quality	fail
#Base	Mean	Median	Lower Quartile	Upper Quartile	10th Percentile	90th Percentile
1	28.779228476842306	31.0	30.0	34.0	16.0	34.0
2	28.776135190454852	31.0	30.0	34.0	16.0	34.0
3	28.81409979207087	31.0	30.0	34.0	16.0	34.0
4	32.060029319920446	35.0	33.0	37.0	18.0	37.0
5	31.976040906448123	35.0	33.0	37.0	17.0	37.0
6	31.831828692365168	35.0	32.0	37.0	17.0	37.0
7	31.862899373777974	35.0	32.0	37.0	17.0	37.0
8	31.79004824048595	35.0	32.0	37.0	17.0	37.0
9	33.06787289136268	38.0	33.0	39.0	16.0	39.0
10-14	33.084240571744246	38.2	33.0	39.4	12.4	39.4
15-19	33.62651406550434	39.0	33.0	41.0	10.0	41.0
20-24	33.21523496803387	38.6	32.0	40.8	6.6	41.0
25-29	32.87613443687841	38.0	32.0	40.0	2.0	41.0
30-34	32.4422411769241	38.0	31.4	40.0	2.0	41.0
35-39	31.87131163458266	38.0	30.4	40.0	2.0	41.0
40-44	31.245071552083438	37.2	29.8	40.0	2.0	41.0
45-49	30.623822580280528	36.2	28.8	40.0	2.0	41.0
50-54	29.853553170904757	35.0	27.8	39.0	2.0	40.4
55-59	29.716081698120757	35.0	27.8	39.0	2.0	41.0
60-64	28.871891134868736	34.8	26.4	38.0	2.0	40.2
65-69	28.087399940989165	34.0	26.0	36.4	2.0	39.4
70-74	27.33297125917407	34.0	24.8	35.2	2.0	38.4
75-79	26.601240068007378	33.4	23.6	35.0	2.0	36.6
80-84	25.929722649087854	33.0	21.0	35.0	2.0	35.6
85-89	25.333533890941258	33.0	18.4	35.0	2.0	35.0
90-94	24.716030918661858	33.0	8.4	35.0	2.0	35.0
95-99	23.942422499010206	32.2	2.0	35.0	2.0	35.0
100	22.597837409505612	31.0	2.0	34.0	2.0	35.0
>>END_MODULE
>>Per sequence quality scores	pass
#Quality	Count
2	481808.0
3	69632.0
4	46626.0
5	38333.0
6	38095.0
7	38785.0
8	41139.0
9	44632.0
10	46402.0
11	47547.0
12	45175.0
13	44667.0
14	44467.0
15	44961.0
16	45418.0
17	44117.0
18	44167.0
19	44661.0
20	46380.0
21	49251.0
22	53680.0
23	61126.0
24	72867.0
25	86559.0
26	102041.0
27	118317.0
28	137997.0
29	160007.0
30	187472.0
31	222019.0
32	271507.0
33	343147.0
34	449910.0
35	618962.0
36	895249.0
37	1049058.0
38	625925.0
39	98217.0
40	105.0
>>END_MODULE
>>Per base sequence content	fail
#Base	G	A	T	C
1	36.45244327749824	13.385343307147119	7.287620906153699	42.87459250920094
2	26.874438148485392	16.5012237488473	36.07734846683409	20.54698963583322
3	26.848884038574212	21.358135472536688	21.092779376748098	30.700201112141006
4	29.20775721746019	28.057852479830053	17.68330847566145	25.05108182704831
5	30.588275548900402	29.138508076559276	20.556891999181122	19.7163243753592
6	23.631172888505933	32.52245790597018	22.348456345635213	21.497912859888675
7	21.440706569678326	18.21294751413737	36.99488381291063	23.351462103273676
8	21.563088594147228	20.356485089721467	29.654706897511552	28.425719418619757
9	23.1986608631604	19.91110602031614	30.19427343561965	26.69595968090381
10-14	24.994208424913673	26.0128326806854	24.364227126699713	24.628731767701215
15-19	25.482715134157104	24.428582707893934	25.03605396294647	25.052648195002497
20-24	25.203602417207655	24.909756022736175	24.87940551393963	25.00723604611654
25-29	25.20652777090441	24.94537089648263	24.85556732700528	24.992534005607677
30-34	25.05707343500831	24.990094860844973	24.731700052436924	25.22113165170979
35-39	25.331134170886937	24.88478665416199	24.570685206341388	25.213393968609687
40-44	25.713275369314655	24.75406388264549	24.284403903926556	25.248256844113303
45-49	25.62472674055481	24.844166528058118	24.25724258072057	25.273864150666505
50-54	25.53587429711972	24.951755036085153	24.18116098869049	25.33120967810464
55-59	26.025767783066005	24.45929256362048	24.116641428306146	25.398298225007366
60-64	25.967733598655197	24.38743373552197	24.10013997619552	25.54469268962731
65-69	25.760982653250906	24.42285616201773	24.16734360068725	25.648817584044114
70-74	26.198729513230457	24.45644253553858	23.93540578098017	25.409422170250796
75-79	26.030739282514187	24.38433485397398	23.983270294346127	25.601655569165704
80-84	26.070520458809003	24.233258591269163	24.041882706388478	25.654338243533353
85-89	26.098337544748183	24.453502972180765	23.77969399884913	25.66846548422192
90-94	26.07947271603475	24.442988105638445	23.890748026301328	25.586791152025473
95-99	25.853159726447807	24.375549680438517	23.961249711564598	25.810040881549078
100	26.264047612038283	23.86395491480251	23.46603259746443	26.405964875694778
>>END_MODULE
>>Per base GC content	fail
#Base	%GC
1	79.32703578669918
2	47.42142778431862
3	57.549085150715214
4	54.2588390445085
5	50.304599924259605
6	45.12908574839461
7	44.792168672952
8	49.98880801276698
9	49.89462054406421
10-14	49.622940192614884
15-19	50.5353633291596
20-24	50.210838463324194
25-29	50.19906177651209
30-34	50.278205086718096
35-39	50.54452813949663
40-44	50.961532213427965
45-49	50.89859089122132
50-54	50.86708397522436
55-59	51.424066008073375
60-64	51.51242628828251
65-69	51.40980023729502
70-74	51.60815168348125
75-79	51.6323948516799
80-84	51.72485870234236
85-89	51.76680302897011
90-94	51.66626386806023
95-99	51.663200607996885
100	52.67001248773306
>>END_MODULE
>>Per sequence GC content	warn
#GC Content	Count
0	4873.0
1	3141.5
2	1246.5
3	1093.5
4	1061.5
5	969.5
6	946.5
7	986.0
8	969.5
9	997.5
10	1067.0
11	1096.5
12	1135.0
13	1185.5
14	1245.0
15	1395.5
16	1614.5
17	1901.5
18	2326.5
19	2894.0
20	3808.0
21	5087.5
22	6735.0
23	8944.5
24	12159.5
25	16404.5
26	20606.0
27	25532.5
28	30997.5
29	37098.5
30	44713.5
31	52328.0
32	59567.5
33	66951.0
34	74403.0
35	81227.0
36	87758.5
37	94977.5
38	101520.0
39	108805.0
40	116161.5
41	124491.0
42	134972.0
43	148379.5
44	172860.5
45	189074.5
46	198888.0
47	209913.0
48	219031.5
49	226559.5
50	234914.5
51	251986.0
52	269291.0
53	277782.0
54	272431.5
55	269012.5
56	268365.0
57	260433.5
58	251087.0
59	232610.0
60	210235.0
61	193143.0
62	167163.0
63	142817.5
64	126886.0
65	112527.0
66	98005.5
67	86731.0
68	80346.0
69	66885.5
70	52336.5
71	41039.5
72	31291.5
73	26969.0
74	26031.0
75	26875.5
76	22978.0
77	17533.0
78	13243.0
79	8802.5
80	7379.0
81	7646.5
82	8224.0
83	8725.5
84	6838.5
85	4074.5
86	2763.0
87	1657.5
88	1132.0
89	906.5
90	621.0
91	373.0
92	308.5
93	194.0
94	76.5
95	27.0
96	17.5
97	17.0
98	11.0
99	6.0
100	8.0
>>END_MODULE
>>Per base N content	pass
#Base	N-Count
1	0.04395379532979694
2	0.051996774692816154
3	0.047547775297416335
4	0.0458087527324392
5	0.04614206539072649
6	0.04624350837368349
7	0.044982717014075066
8	0.03820052901066427
9	0.049967915033676175
10-14	0.035899222483011195
15-19	0.041310481031031694
20-24	0.04369004357410874
25-29	0.02631430977904559
30-34	0.04345237715689519
35-39	0.03665279892783462
40-44	0.08747283501834958
45-49	0.06534377287901562
50-54	0.06184833752341159
55-59	0.07779807281519349
60-64	0.07616339160411499
65-69	0.07067097866972889
70-74	0.06276422274096621
75-79	0.0642134082117805
80-84	0.07992837545729048
85-89	0.07420699121851572
90-94	0.053347415551615054
95-99	0.06670890559252267
100	0.07044490573628186
>>END_MODULE
>>Sequence Length Distribution	pass
#Length	Count
100	6900428.0
>>END_MODULE
>>Sequence Duplication Levels	warn
#Total Duplicate Percentage	39.21092946632808
#Duplication Level	Relative count
1	100.0
2	12.501985044844751
3	4.712323848846602
4	2.776300981129991
5	1.9947111500831993
6	1.4748020133533104
7	1.153052135908253
8	0.9735350369045729
9	0.8133505485628275
10++	11.690015397043492
>>END_MODULE
>>Overrepresented sequences	warn
#Sequence	Count	Percentage	Possible Source
TTTTTTTTTTTTTTTTTTTTTTTTTTTTTTTTTTTTTTTTTTTTTTTTTT	9729	0.14099125445552071	No Hit
CTGCAAGTCATTTAGCACCACGTTCTCCACAAACATGCTATGCGTAATCG	9552	0.13842619617217947	No Hit
AAAGAAACTAACCAGGATTCCCTCAGTAGCGGCGAGCGAAGAGGGAAGAG	7031	0.10189223045295162	No Hit
>>END_MODULE
>>Kmer Content	fail
#Sequence	Count	Obs/Exp Overall	Obs/Exp Max	Max Obs/Exp Position
TTTTT	4264000	7.5953727	10.999917	2
AAAAA	3175685	5.504991	7.3256187	2
AAGAA	1355415	2.2269218	5.326041	2
GAAGA	1392530	2.1684568	5.489637	2
CTCCA	1390575	2.1401637	6.2689066	1
GAAAA	1262775	2.0747159	5.6374817	2
CTCCT	1336275	2.0678115	6.338746	1
CTTTT	1160205	1.971943	5.286917	1
CTGGA	1283020	1.9272251	6.160935	1
TTTAA	1087335	1.9158882	5.3639874	7
GTTTT	1101750	1.8499752	7.3140693	1
CTGAA	1137935	1.8034453	5.037786	1
CTGCA	1184965	1.8016953	5.072469	1
GGAAA	1058455	1.6482328	6.68661	1
GGGAG	1056290	1.4775983	5.2447515	1
GGGAA	959740	1.4164892	5.389869	1
CTGGG	983270	1.3998624	5.8126464	1
>>END_MODULE
