##FastQC	0.10.1
>>Basic Statistics	pass
#Measure	Value	
Filename	F_olivaceous_NA_BW_2_R1.fastq.gz	
File type	Conventional base calls	
Encoding	Sanger / Illumina 1.9	
Total Sequences	20204987	
Filtered Sequences	0	
Sequence length	100	
%GC	48	
>>END_MODULE
>>Per base sequence quality	pass
#Base	Mean	Median	Lower Quartile	Upper Quartile	10th Percentile	90th Percentile
1	30.847906756881358	31.0	31.0	34.0	27.0	34.0
2	31.139108528008457	33.0	31.0	34.0	27.0	34.0
3	29.682957529247606	33.0	31.0	34.0	22.0	34.0
4	33.44007595748515	37.0	35.0	37.0	20.0	37.0
5	34.218942877815266	37.0	35.0	37.0	30.0	37.0
6	31.635816840664138	37.0	33.0	37.0	10.0	37.0
7	32.524301599402165	37.0	33.0	37.0	17.0	37.0
8	33.746504711930775	37.0	33.0	37.0	28.0	37.0
9	35.551762295120504	39.0	35.0	39.0	30.0	39.0
10-14	35.202873775667356	39.2	35.0	39.4	25.0	39.4
15-19	36.5119020962498	40.0	36.0	41.0	29.6	41.0
20-24	36.54037543305522	40.0	36.2	41.0	30.0	41.0
25-29	36.24807843726898	40.0	36.0	41.0	29.2	41.0
30-34	35.89580492182449	40.0	35.4	41.0	27.8	41.0
35-39	35.64481473806442	39.2	35.0	41.0	27.0	41.0
40-44	35.435369970789885	39.0	35.0	41.0	26.8	41.0
45-49	35.06421642340082	39.0	34.4	41.0	26.0	41.0
50-54	34.447616600792664	38.0	33.4	40.0	24.2	41.0
55-59	33.80169142400339	37.2	33.0	40.0	23.2	41.0
60-64	33.00734490945231	35.6	32.4	39.4	21.6	41.0
65-69	32.275578321332254	35.0	32.0	38.2	20.2	40.2
70-74	31.4633919635781	35.0	31.2	36.6	17.4	39.2
75-79	30.39927603021967	34.4	30.4	35.2	11.4	37.4
80-84	30.284602766633803	34.8	31.0	35.0	7.8	36.4
85-89	29.803327960567362	34.0	30.4	35.0	2.0	35.8
90-94	29.39724131473086	34.0	30.0	35.0	2.0	35.0
95-99	28.868421306086464	34.0	30.0	35.0	2.0	35.0
100	27.807967656697823	33.0	28.0	35.0	2.0	35.0
>>END_MODULE
>>Per sequence quality scores	pass
#Quality	Count
2	400949.0
3	134112.0
4	70443.0
5	51283.0
6	51187.0
7	53358.0
8	55232.0
9	60513.0
10	67057.0
11	70509.0
12	73526.0
13	76860.0
14	79171.0
15	80473.0
16	80828.0
17	80764.0
18	79060.0
19	78135.0
20	77274.0
21	78915.0
22	86983.0
23	101344.0
24	123832.0
25	157528.0
26	209026.0
27	288598.0
28	377883.0
29	391604.0
30	478981.0
31	569208.0
32	662115.0
33	882990.0
34	1236755.0
35	1836234.0
36	2950785.0
37	4207244.0
38	3224354.0
39	618393.0
40	1481.0
>>END_MODULE
>>Per base sequence content	fail
#Base	G	A	T	C
1	34.36162883655296	15.543283483962671	8.433965772593956	41.661121906890415
2	24.088492229712624	19.223321191725688	37.483336904394406	19.20484967416728
3	24.246435222984452	24.224273247781383	24.272602436137326	27.256689093096842
4	25.642009735691424	31.10927951557444	20.041227728431558	23.20748302030258
5	27.800499100736566	32.05088940527434	21.706897194386187	18.441714299602907
6	20.860536100979267	36.380357331433	22.661607877488972	20.097498690098767
7	20.25363425227319	18.822444438635554	38.30311192752408	22.62080938156718
8	20.811592483732486	21.320441243860447	30.14562045486861	27.722345817538457
9	21.9698949649237	20.43173017089581	31.521815706679064	26.07655915750142
10-14	24.188226695807632	26.707323216623546	25.298860475804275	23.80558961176455
15-19	24.436349305117833	25.403863478635685	25.863402835543152	24.296384380703326
20-24	24.26674722807394	25.877616325505837	25.763695459862102	24.09194098655812
25-29	24.372198578661894	25.96971151912794	25.51483921088674	24.14325069132342
30-34	24.113425125380832	25.900094888145613	25.69571181333895	24.290768173134598
35-39	24.264092329691373	25.956980656329097	25.61021612220596	24.168710891773568
40-44	24.300757356197735	25.8806109532013	25.57868077616121	24.239950914439753
45-49	24.308063136360534	25.83598333758314	25.55638307599098	24.299570450065346
50-54	24.30341224693327	25.898908870895177	25.55550901381188	24.242169868359674
55-59	24.415176090060704	25.749722705483773	25.458947790429193	24.376153414026327
60-64	24.34122612551489	25.711963216058347	25.4997235726215	24.447087085805258
65-69	24.335037709120016	25.82154113182387	25.488780965513474	24.354640193542636
70-74	24.41835119443149	25.75829585428822	25.45597690098207	24.36737605029822
75-79	24.405546637978194	25.658788110393267	25.476160437596857	24.45950481403168
80-84	24.36554941983973	25.73095365372815	25.481783597780726	24.42171332865139
85-89	24.483081648973137	25.702844380090863	25.34608500919707	24.467988961738936
90-94	24.344762752333274	25.615685072121853	25.44642648987096	24.593125685673918
95-99	24.40184001337627	25.707803542446335	25.473122789614504	24.41723365456289
100	24.7278739944041	25.404939881184536	25.069154247794195	24.79803187661717
>>END_MODULE
>>Per base GC content	fail
#Base	%GC
1	76.02275074344337
2	43.293341903879906
3	51.5031243160813
4	48.84949275599401
5	46.24221340033947
6	40.958034791078035
7	42.87444363384037
8	48.53393830127094
9	48.046454122425125
10-14	47.99381630757218
15-19	48.73273368582116
20-24	48.35868821463206
25-29	48.51544926998532
30-34	48.40419329851543
35-39	48.432803221464944
40-44	48.54070827063749
45-49	48.60763358642588
50-54	48.545582115292945
55-59	48.79132950408703
60-64	48.788313211320144
65-69	48.68967790266265
70-74	48.785727244729706
75-79	48.86505145200988
80-84	48.78726274849112
85-89	48.95107061071207
90-94	48.937888438007185
95-99	48.819073667939165
100	49.52590587102127
>>END_MODULE
>>Per sequence GC content	warn
#GC Content	Count
0	473.0
1	527.5
2	573.0
3	588.5
4	588.0
5	561.5
6	606.5
7	714.0
8	800.5
9	855.0
10	993.5
11	1168.5
12	1343.0
13	1600.0
14	1927.5
15	2369.0
16	3100.0
17	4162.0
18	5798.5
19	8384.0
20	12169.5
21	17688.5
22	24967.0
23	34419.0
24	46926.5
25	62095.5
26	80250.0
27	101699.0
28	124637.0
29	148987.0
30	177079.0
31	210491.5
32	244198.0
33	274358.5
34	303390.5
35	329448.5
36	353114.0
37	377259.5
38	401796.0
39	425914.0
40	449052.0
41	472361.0
42	502650.5
43	534125.5
44	563952.5
45	590138.5
46	615366.5
47	650633.0
48	688572.5
49	729904.0
50	764257.0
51	787957.0
52	811618.0
53	826094.0
54	819892.5
55	798862.0
56	765602.5
57	717924.0
58	662638.0
59	600310.5
60	531801.0
61	461965.0
62	393638.5
63	331465.5
64	277690.5
65	229536.5
66	188186.5
67	154872.0
68	125223.5
69	96081.0
70	71522.5
71	53549.5
72	39108.5
73	28425.0
74	21421.5
75	16315.0
76	12154.0
77	8555.5
78	5949.0
79	4106.0
80	3266.5
81	3005.5
82	2474.0
83	1714.5
84	1063.5
85	697.5
86	495.0
87	320.0
88	194.5
89	137.0
90	109.5
91	79.0
92	52.5
93	41.0
94	34.0
95	21.0
96	7.0
97	4.5
98	4.0
99	2.0
100	1.0
>>END_MODULE
>>Per base N content	pass
#Base	N-Count
1	0.028384081613118586
2	0.004493940035695148
3	3.36824765093885
4	0.007889141428301834
5	0.017094789519042995
6	2.2822682340750826
7	0.029987646119247688
8	0.031927761200737224
9	0.03121011659151278
10-14	0.9679936938341014
15-19	0.022258861141558763
20-24	0.016926514231362783
25-29	0.01489632237823266
30-34	0.03722843276266399
35-39	0.03843506556079447
40-44	0.027133895211117927
45-49	0.020173237428957515
50-54	0.016281129010377485
55-59	0.004142541640833523
60-64	0.005578820713915827
65-69	0.002005445487294795
70-74	0.003119031949884452
75-79	0.004058403996993416
80-84	0.0027359582067536096
85-89	0.0024756264381659834
90-94	0.010159867957351321
95-99	0.02196586417006851
100	0.016867122953358002
>>END_MODULE
>>Sequence Length Distribution	pass
#Length	Count
100	2.0204987E7
>>END_MODULE
>>Sequence Duplication Levels	warn
#Total Duplicate Percentage	47.59612426217558
#Duplication Level	Relative count
1	100.0
2	26.657935145876614
3	11.108300966489026
4	6.1078493361033335
5	4.147773462198537
6	3.0277301056815102
7	2.3394453978863696
8	1.895041098365098
9	1.5554150483244513
10++	23.812663716014814
>>END_MODULE
>>Overrepresented sequences	pass
>>END_MODULE
>>Kmer Content	warn
#Sequence	Count	Obs/Exp Overall	Obs/Exp Max	Max Obs/Exp Position
AAAAA	9173570	4.2549505	7.225277	2
TTTTT	8904580	4.2103267	7.1554413	2
CTCCT	4635500	2.5316236	6.4883676	1
CTCCA	4373760	2.3795137	6.311455	1
TCCAG	4281420	2.3319564	5.4672446	7
CTGGA	4243940	2.3142009	7.0212293	1
CTCTG	4213660	2.3038876	5.049128	1
GAAGA	4221655	2.1772554	5.9016714	2
CTTCA	4014530	2.0816193	5.430687	1
GAAAA	3979835	1.9465091	5.5750494	2
CTTTT	3734695	1.8527817	5.292773	1
GTTTT	3632205	1.804009	7.960327	1
CTCAG	3257910	1.7744823	5.523522	1
CTTTG	3339045	1.7400324	5.04654	1
GGAAG	3117630	1.6954554	5.5241423	1
GGAAA	3143245	1.6210814	6.5171576	1
CTGGG	2796210	1.6078179	5.4389486	1
GTTTG	2688155	1.4024541	5.2370887	1
>>END_MODULE
