##FastQC	0.10.1
>>Basic Statistics	pass
#Measure	Value	
Filename	F_parvapinis_NA_transfer_2_R1.fastq.gz	
File type	Conventional base calls	
Encoding	Sanger / Illumina 1.9	
Total Sequences	18412525	
Filtered Sequences	0	
Sequence length	100	
%GC	47	
>>END_MODULE
>>Per base sequence quality	pass
#Base	Mean	Median	Lower Quartile	Upper Quartile	10th Percentile	90th Percentile
1	30.04793780320733	31.0	30.0	34.0	25.0	34.0
2	30.33137562610234	31.0	30.0	34.0	26.0	34.0
3	28.87748334353925	31.0	30.0	34.0	16.0	34.0
4	32.573334510068555	37.0	33.0	37.0	19.0	37.0
5	33.30838165868071	37.0	33.0	37.0	28.0	37.0
6	30.688081183868047	37.0	32.0	37.0	10.0	37.0
7	31.536774668330388	37.0	32.0	37.0	17.0	37.0
8	32.69363528359092	37.0	32.0	37.0	25.0	37.0
9	34.396673134184475	38.0	35.0	39.0	27.0	39.0
10-14	34.02859252601151	38.8	34.2	39.4	21.2	39.4
15-19	35.22767128354205	39.4	34.4	41.0	25.4	41.0
20-24	35.24183293709038	40.0	35.0	41.0	24.8	41.0
25-29	34.92822435814751	39.4	34.2	41.0	23.6	41.0
30-34	34.555165953610384	39.0	34.0	41.0	20.8	41.0
35-39	34.29901953154171	39.0	33.0	41.0	18.8	41.0
40-44	34.08341570751431	39.0	33.0	41.0	17.0	41.0
45-49	33.72597398781536	38.4	33.0	40.6	14.2	41.0
50-54	33.126214660944115	37.8	32.4	40.0	8.8	41.0
55-59	32.48605494357781	36.6	31.8	40.0	4.6	41.0
60-64	31.695425912524218	35.4	31.0	39.2	2.0	41.0
65-69	30.943949143314132	35.0	30.6	37.8	2.0	40.0
70-74	30.08788044008087	35.0	30.0	36.4	2.0	39.2
75-79	29.00045796000277	34.0	29.0	35.2	2.0	37.4
80-84	28.86642710872083	34.0	29.0	35.0	2.0	36.4
85-89	28.379403096533473	34.0	29.0	35.0	2.0	35.6
90-94	27.9655890216035	34.0	28.8	35.0	2.0	35.0
95-99	27.422308314584768	34.0	27.6	35.0	2.0	35.0
100	26.41173652174267	33.0	25.0	35.0	2.0	35.0
>>END_MODULE
>>Per sequence quality scores	pass
#Quality	Count
2	683458.0
3	203960.0
4	97127.0
5	67492.0
6	64255.0
7	65839.0
8	68755.0
9	73889.0
10	79346.0
11	83494.0
12	86908.0
13	89382.0
14	91222.0
15	91672.0
16	92100.0
17	91480.0
18	89255.0
19	86248.0
20	85297.0
21	87265.0
22	94607.0
23	110358.0
24	134006.0
25	168634.0
26	217444.0
27	291308.0
28	370752.0
29	373416.0
30	448134.0
31	523358.0
32	595898.0
33	774110.0
34	1061366.0
35	1534756.0
36	2445141.0
37	3597485.0
38	2805688.0
39	487171.0
40	449.0
>>END_MODULE
>>Per base sequence content	fail
#Base	G	A	T	C
1	35.33134714444648	16.37403600836118	7.388770425360996	40.905846421831335
2	24.21704430865885	18.79875770338718	38.209050264000524	18.775147723953445
3	23.594165106790484	23.502653870844277	24.383142941810597	28.520038080554638
4	25.028761089945505	29.970155599655623	20.18299879980397	24.818084510594907
5	27.530637601393597	31.31628468901328	22.148663478825377	19.004414230767747
6	21.417495917688946	36.026282370948834	22.688512738936083	19.867708972426136
7	19.961459428472587	19.8303849776195	38.13119136228767	22.07696423162024
8	20.422571098196556	22.356297098093552	30.447732457077265	26.773399346632626
9	22.076041222936766	21.031706687538506	31.538832343480074	25.353419746044658
10-14	23.696641342572264	27.36909976371028	25.622813338363127	23.31144555535433
15-19	23.975970706190516	26.023296481397672	26.15135232680978	23.84938048560203
20-24	23.777495194054804	26.339772584683224	26.1082604678348	23.77447175342717
25-29	23.853270291323323	26.393344818989238	25.921177222985502	23.832207666701937
30-34	23.59039425255963	26.358568809893505	26.05238195647009	23.998654981076776
35-39	23.66018942269071	26.472693809970448	25.9931975485739	23.873919218764946
40-44	23.86177215467689	26.269579305589307	25.872165992843076	23.996482546890725
45-49	23.753506917904318	26.28246413121081	26.007284165964517	23.956744784920353
50-54	23.801259232444927	26.28418855154287	25.927334722577516	23.98721749343469
55-59	23.804504871053897	26.19509864377304	25.93208450135331	24.068311983819754
60-64	23.861280314778803	26.110034906105945	25.95379348260397	24.074891296511282
65-69	23.844199686985267	26.453818443242135	25.744423454219543	23.957558415553056
70-74	23.885721787654177	26.377899769235274	25.7477346458339	23.98864379727664
75-79	23.84031025647426	26.239376629755363	25.827077186600057	24.09323592717032
80-84	23.871304934589354	26.2768344189666	25.814138049622887	24.03772259682116
85-89	23.954436344351	26.23714876208652	25.74224211428515	24.066172779277327
90-94	23.80566382921541	26.161832165223466	25.80792078325952	24.22458322230161
95-99	23.826110210451457	26.239843079300375	25.842360023282314	24.09168668696586
100	24.10975744827654	25.975060666041514	25.498564781576448	24.416617104105494
>>END_MODULE
>>Per base GC content	fail
#Base	%GC
1	76.23719356627782
2	42.992192032612294
3	52.11420318734512
4	49.84684560054041
5	46.535051832161344
6	41.28520489011508
7	42.038423660092825
8	47.195970444829186
9	47.429460968981424
10-14	47.008086897926596
15-19	47.82535119179254
20-24	47.55196694748198
25-29	47.68547795802526
30-34	47.5890492336364
35-39	47.53410864145566
40-44	47.85825470156762
45-49	47.71025170282467
50-54	47.78847672587962
55-59	47.87281685487365
60-64	47.936171611290085
65-69	47.801758102538315
70-74	47.874365584930814
75-79	47.93354618364458
80-84	47.909027531410516
85-89	48.02060912362832
90-94	48.030247051517016
95-99	47.91779689741731
100	48.52637455238204
>>END_MODULE
>>Per sequence GC content	warn
#GC Content	Count
0	368.0
1	409.5
2	476.5
3	543.0
4	607.0
5	636.0
6	684.0
7	804.0
8	951.5
9	1047.5
10	1160.5
11	1359.0
12	1564.5
13	1750.5
14	2083.5
15	2550.5
16	3076.5
17	3922.5
18	5281.0
19	7128.5
20	9830.5
21	14008.5
22	19834.5
23	27944.5
24	38223.5
25	51939.0
26	70940.0
27	92754.5
28	114756.5
29	136552.5
30	161081.0
31	192373.0
32	230402.0
33	269383.0
34	302510.0
35	334994.5
36	361245.5
37	377633.0
38	395318.0
39	414947.0
40	438411.0
41	466347.0
42	498553.0
43	526510.0
44	556271.0
45	590705.5
46	618115.5
47	647832.5
48	680804.0
49	705047.5
50	723252.5
51	738201.5
52	746645.0
53	748898.0
54	739609.5
55	716911.0
56	678570.0
57	627611.5
58	570344.0
59	510385.5
60	440711.5
61	365369.5
62	302528.5
63	252271.5
64	204710.0
65	160313.5
66	125905.5
67	99093.5
68	76189.0
69	56919.5
70	41304.0
71	28878.5
72	20552.0
73	15696.0
74	12056.5
75	8704.0
76	5892.0
77	3769.0
78	2447.5
79	1610.0
80	1240.5
81	1011.5
82	775.0
83	634.0
84	574.0
85	444.5
86	296.5
87	210.0
88	146.0
89	101.0
90	78.0
91	60.0
92	42.0
93	25.5
94	17.0
95	12.5
96	5.5
97	6.0
98	4.0
99	1.5
100	1.5
>>END_MODULE
>>Per base N content	pass
#Base	N-Count
1	0.027579052845820986
2	0.004448059133660375
3	3.4513082806404882
4	0.007418862975067244
5	0.017390336197778414
6	2.3955812687287596
7	0.029485363903104002
8	0.031114689593089485
9	0.03034890651879631
10-14	0.9766341118341999
15-19	0.021691756019340095
20-24	0.016483344897019827
25-29	0.014466239692817795
30-34	0.03712690138913593
35-39	0.0382489636809726
40-44	0.026547146575496842
45-49	0.019302078340694716
50-54	0.015220074378717748
55-59	0.004015744717250893
60-64	0.0055310176089373945
65-69	0.0019367251368294137
70-74	0.0028534923917279136
75-79	0.0038701916222788563
80-84	0.002916492985074019
85-89	0.002425522843825059
90-94	0.010161561219876145
95-99	0.021953534346864433
100	0.01701016020344847
>>END_MODULE
>>Sequence Length Distribution	pass
#Length	Count
100	1.8412525E7
>>END_MODULE
>>Sequence Duplication Levels	warn
#Total Duplicate Percentage	44.63803450862715
#Duplication Level	Relative count
1	100.0
2	21.83339544022494
3	9.394796571699583
4	5.4524204749483385
5	3.6476506656729564
6	2.639825197330533
7	2.078322436396897
8	1.6929774043836174
9	1.4160371286290185
10++	21.227006334902946
>>END_MODULE
>>Overrepresented sequences	warn
#Sequence	Count	Percentage	Possible Source
GATCGGAAGAGCACACGTCTGAACTCCAGTCACTAATGCGCATCTCGTAT	44214	0.24013002019006086	TruSeq Adapter, Index 3 (97% over 36bp)
>>END_MODULE
>>Kmer Content	warn
#Sequence	Count	Obs/Exp Overall	Obs/Exp Max	Max Obs/Exp Position
AAAAA	9076995	4.2204547	6.0347104	65-69
TTTTT	8391705	4.0873713	6.189875	2
CTCCA	3976215	2.392942	7.1189075	1
CTCCT	3932965	2.3890085	7.355225	1
CTCTG	3743185	2.2925982	5.665339	1
TCCAG	3774745	2.2905455	5.0461645	7
CTGGA	3685780	2.255121	6.596768	1
GAAGA	3876865	2.1631296	5.420765	2
GGAGA	3248790	1.9857098	5.0994997	1
GAAAA	3779315	1.9249641	5.2181854	2
GTTTT	3378065	1.7857426	6.915405	1
GGAAG	2808235	1.7164359	5.222321	1
CTCAG	2808100	1.7039776	5.4525633	1
GGAAA	2911410	1.6244456	6.1129956	1
CTGGG	2333715	1.5641578	5.512372	1
GAGCA	2521750	1.5286467	6.0988574	9
AGAGC	2454460	1.4878565	5.6584663	8
GTTTG	2540820	1.4577457	5.0380626	1
>>END_MODULE
