##FastQC	0.10.1
>>Basic Statistics	pass
#Measure	Value	
Filename	F_similis_NA_transfer_3_R2.fastq.gz	
File type	Conventional base calls	
Encoding	Sanger / Illumina 1.9	
Total Sequences	10308803	
Filtered Sequences	0	
Sequence length	100	
%GC	50	
>>END_MODULE
>>Per base sequence quality	fail
#Base	Mean	Median	Lower Quartile	Upper Quartile	10th Percentile	90th Percentile
1	29.56980078094421	31.0	30.0	34.0	25.0	34.0
2	29.607165642800624	31.0	30.0	34.0	25.0	34.0
3	29.650903795523107	31.0	30.0	34.0	24.0	34.0
4	32.94883945303834	37.0	35.0	37.0	26.0	37.0
5	32.87928899213614	37.0	35.0	37.0	25.0	37.0
6	32.80514410838969	37.0	35.0	37.0	25.0	37.0
7	32.81771482101268	37.0	35.0	37.0	25.0	37.0
8	32.74390460269733	37.0	35.0	37.0	25.0	37.0
9	34.13880496115795	39.0	35.0	39.0	25.0	39.0
10-14	34.18517135306592	39.2	35.0	39.4	23.0	39.4
15-19	34.839273754673556	39.4	35.0	41.0	20.6	41.0
20-24	34.50166338419698	39.0	34.0	41.0	18.0	41.0
25-29	34.15735648455014	39.0	34.0	41.0	15.8	41.0
30-34	33.276898122895545	38.6	32.4	40.6	9.8	41.0
35-39	33.020450308343264	38.0	32.0	40.0	7.2	41.0
40-44	32.563366493665654	38.0	31.8	40.0	2.0	41.0
45-49	32.09765436394507	37.2	31.0	40.0	2.0	41.0
50-54	31.227235266790917	36.0	30.2	39.6	2.0	40.6
55-59	31.08063774232566	35.4	30.4	39.6	2.0	41.0
60-64	30.29012029815683	35.0	29.6	38.6	2.0	40.6
65-69	29.473045182840337	35.0	29.0	36.8	2.0	39.8
70-74	28.753164863078666	34.4	28.4	35.6	2.0	38.8
75-79	28.016059614292754	34.0	27.2	35.0	2.0	37.0
80-84	27.3589784575377	34.0	26.2	35.0	2.0	36.0
85-89	26.775583721989836	34.0	24.8	35.0	2.0	35.0
90-94	26.181487045586188	33.0	23.6	35.0	2.0	35.0
95-99	25.479679532143546	33.0	19.0	35.0	2.0	35.0
100	24.159290850741836	32.0	2.0	35.0	2.0	35.0
>>END_MODULE
>>Per sequence quality scores	pass
#Quality	Count
2	549048.0
3	83069.0
4	53590.0
5	46501.0
6	47432.0
7	49284.0
8	52841.0
9	56244.0
10	58028.0
11	59407.0
12	57913.0
13	57415.0
14	57028.0
15	58138.0
16	58324.0
17	57351.0
18	58589.0
19	58456.0
20	60715.0
21	64738.0
22	70650.0
23	80967.0
24	95553.0
25	114637.0
26	134793.0
27	157631.0
28	186029.0
29	218797.0
30	256160.0
31	308168.0
32	382812.0
33	488003.0
34	656056.0
35	939035.0
36	1427447.0
37	1784525.0
38	1153792.0
39	209267.0
40	370.0
>>END_MODULE
>>Per base sequence content	fail
#Base	G	A	T	C
1	34.44287087550318	13.678624863342428	7.315267976936142	44.56323628421825
2	24.695091947492518	16.41413028730352	39.365006282271494	19.525771482932466
3	25.807885005396948	21.63397785189785	22.064801981115586	30.49333516158962
4	28.120167144212783	28.490633727160485	18.528006437192875	24.861192691433853
5	29.729361212183203	29.550658267155956	21.187051829385755	19.532928691275085
6	22.751611860545523	32.86701140099679	23.263958533290598	21.117418205167095
7	20.785284167863256	18.241475992730898	37.79262906110568	23.180610778300167
8	20.75074027089179	20.30461739601659	30.732266494415555	28.212375838676067
9	22.683693824396496	19.836568241652557	31.076623277191896	26.40311465675905
10-14	24.562431017089857	26.162354212485866	24.90046171063625	24.374753059788027
15-19	25.047581680591012	24.613207171421458	25.49533744561414	24.843873702373383
20-24	24.796940249137457	25.10216068866638	25.330986733978257	24.76991232821791
25-29	24.823599893257445	25.143592742414462	25.311977551383148	24.72082981294495
30-34	24.899934902364418	25.230747591682533	25.06987280804055	24.799444697912495
35-39	24.905952152132247	25.02122314825775	25.077098057719432	24.995726641890574
40-44	25.310433963835926	24.953892446843152	24.754046122505173	24.98162746681575
45-49	25.191009169406918	25.019891480121615	24.744117960471435	25.044981390000032
50-54	25.19043532506024	25.083170402755385	24.650789138951968	25.075605133232415
55-59	25.66956067947806	24.613838628960337	24.57922657354727	25.137374118014332
60-64	25.585086969235377	24.56133825481788	24.520466733592635	25.33310804235411
65-69	25.385489492756474	24.630379672869417	24.608477914157415	25.3756529202167
70-74	25.83650982596586	24.654446320624793	24.333915910594545	25.175127942814807
75-79	25.677697336963707	24.626778840009262	24.36301699278766	25.332506830239375
80-84	25.709100916265704	24.43378192927445	24.443212717345887	25.41390443711396
85-89	25.707783517284465	24.7232113873552	24.178144612351122	25.39086048300921
90-94	25.719188353466972	24.660014695383506	24.254615367757573	25.366181583391956
95-99	25.460054256580978	24.610952215787623	24.35518023093161	25.573813296699793
100	25.815131889899423	24.08490372847733	23.94527386843717	26.15469051318608
>>END_MODULE
>>Per base GC content	fail
#Base	%GC
1	79.00610715972142
2	44.220863430424984
3	56.30122016698657
4	52.981359835646636
5	49.26228990345829
6	43.869030065712614
7	43.965894946163424
8	48.963116109567856
9	49.08680848115555
10-14	48.937184076877884
15-19	49.8914553829644
20-24	49.56685257735536
25-29	49.54442970620239
30-34	49.69937960027691
35-39	49.90167879402282
40-44	50.29206143065167
45-49	50.23599055940695
50-54	50.26604045829265
55-59	50.806934797492396
60-64	50.91819501158948
65-69	50.76114241297317
70-74	51.01163776878066
75-79	51.01020416720308
80-84	51.12300535337967
85-89	51.09864400029367
90-94	51.085369936858925
95-99	51.033867553280764
100	51.969822403085494
>>END_MODULE
>>Per sequence GC content	warn
#GC Content	Count
0	9674.0
1	6446.5
2	2799.0
3	2365.5
4	2259.0
5	2001.5
6	1859.5
7	1844.0
8	1869.0
9	1950.0
10	2020.0
11	2108.5
12	2173.0
13	2306.0
14	2531.0
15	2742.5
16	3141.0
17	3817.5
18	4569.5
19	5547.0
20	7196.0
21	9654.5
22	12667.0
23	16954.5
24	23165.0
25	31090.5
26	39546.0
27	48718.5
28	57593.0
29	66289.5
30	78271.5
31	90859.0
32	102083.0
33	113669.5
34	125072.0
35	134559.5
36	143299.0
37	153592.0
38	163963.5
39	174342.5
40	183570.5
41	194259.0
42	208620.5
43	229325.0
44	265984.5
45	288047.5
46	301974.5
47	316586.0
48	325456.0
49	335377.0
50	345680.5
51	366623.5
52	390265.5
53	401202.5
54	393200.5
55	390886.0
56	388929.5
57	373348.0
58	358660.5
59	331811.0
60	300280.5
61	274095.5
62	234163.0
63	200213.0
64	178267.5
65	157851.5
66	137136.5
67	121527.0
68	114688.0
69	96101.0
70	73672.5
71	57113.5
72	43942.5
73	38462.0
74	37616.5
75	38776.0
76	32551.5
77	24974.0
78	18903.0
79	12492.0
80	10620.0
81	11102.0
82	11857.0
83	12385.0
84	9896.0
85	6063.5
86	4109.0
87	2471.5
88	1760.0
89	1438.0
90	998.5
91	593.5
92	491.0
93	333.0
94	137.0
95	49.0
96	32.5
97	21.0
98	13.5
99	12.0
100	9.0
>>END_MODULE
>>Per base N content	pass
#Base	N-Count
1	0.0373370215727277
2	0.05049082808159201
3	0.03785114527845764
4	0.035794650455537855
5	0.044156436009107944
6	0.03371875473806222
7	0.03705570860166792
8	0.04333189799048444
9	0.033582948476171284
10-14	0.030758178228839955
15-19	0.04692494366222732
20-24	0.045046937069221325
25-29	0.027987730486264992
30-34	0.05345140459081428
35-39	0.05267924898749157
40-44	0.08913741003683938
45-49	0.06454289600839205
50-54	0.06266682950484163
55-59	0.06974621592827024
60-64	0.06086836657951462
65-69	0.062412677786160047
70-74	0.06006904972381372
75-79	0.05622961269121158
80-84	0.06185587211240723
85-89	0.059904142120089016
90-94	0.05268506925585832
95-99	0.04941795861265367
100	0.04979239587758152
>>END_MODULE
>>Sequence Length Distribution	pass
#Length	Count
100	1.0308803E7
>>END_MODULE
>>Sequence Duplication Levels	warn
#Total Duplicate Percentage	46.04995995761169
#Duplication Level	Relative count
1	100.0
2	15.982306856093263
3	6.107883195261836
4	3.405930202046707
5	2.417063387937174
6	1.8008021891517036
7	1.4386925066536718
8	1.177793604978071
9	0.9858679761592383
10++	16.62555759643138
>>END_MODULE
>>Overrepresented sequences	warn
#Sequence	Count	Percentage	Possible Source
TTTTTTTTTTTTTTTTTTTTTTTTTTTTTTTTTTTTTTTTTTTTTTTTTT	18145	0.17601461585792258	No Hit
CTGCAAGTCATTTAGCACCACGTTCTCCACAAACATGCTATGCGTAATCG	16024	0.15543996718144676	No Hit
AAAGAAACTAACCAGGATTCCCTCAGTAGCGGCGAGCGAAGAGGGAAGAG	10547	0.10231061744025956	No Hit
>>END_MODULE
>>Kmer Content	fail
#Sequence	Count	Obs/Exp Overall	Obs/Exp Max	Max Obs/Exp Position
TTTTT	7483150	8.074981	12.352543	2
AAAAA	5173795	5.751069	7.4488173	2
AAGAA	2023725	2.1890368	5.2495213	2
GAAGA	2018350	2.124517	5.27051	2
CTCCA	2012990	2.0747514	7.0921354	1
GAAAA	1916645	2.0732098	5.3907127	2
TTTAA	1795780	1.9609343	5.50915	7
CTCCT	1912665	1.9596877	7.2517734	1
CTTTT	1825190	1.9358073	6.6150155	1
CTCTG	1824850	1.8621591	5.273007	1
CTGGA	1818320	1.8589944	6.521264	1
GTTTT	1735220	1.8329482	7.542795	1
CTTCA	1719935	1.803597	5.162573	1
CTGCA	1735015	1.7810222	5.596498	1
CTGAA	1692880	1.7785732	5.904366	1
CTTTG	1633760	1.6962152	5.339986	1
GGAAA	1561680	1.6438257	6.5585217	1
CTCAG	1488035	1.527493	5.7694025	1
CTCCC	1418165	1.428143	5.7918415	1
CTGGG	1401860	1.3946801	6.202685	1
>>END_MODULE
