##FastQC	0.10.1
>>Basic Statistics	pass
#Measure	Value	
Filename	A_xenica_NA_FW_3_R1.fastq.gz	
File type	Conventional base calls	
Encoding	Sanger / Illumina 1.9	
Total Sequences	11759903	
Filtered Sequences	0	
Sequence length	100	
%GC	50	
>>END_MODULE
>>Per base sequence quality	pass
#Base	Mean	Median	Lower Quartile	Upper Quartile	10th Percentile	90th Percentile
1	31.263197834199822	33.0	31.0	34.0	28.0	34.0
2	31.559959465652057	34.0	31.0	34.0	28.0	34.0
3	31.32485412507229	34.0	31.0	34.0	27.0	34.0
4	34.855916583665696	37.0	35.0	37.0	32.0	37.0
5	33.34772123545577	37.0	35.0	37.0	27.0	37.0
6	33.761097094083176	37.0	35.0	37.0	26.0	37.0
7	34.39997013580809	37.0	35.0	37.0	31.0	37.0
8	34.53507142023195	37.0	35.0	37.0	32.0	37.0
9	36.19308075925456	39.0	37.0	39.0	32.0	39.0
10-14	36.353069851001315	39.2	37.2	39.4	32.0	39.4
15-19	37.2216697365616	40.0	38.0	41.0	31.0	41.0
20-24	37.01945398699292	40.0	37.2	41.0	30.8	41.0
25-29	36.71253363229272	40.0	37.0	41.0	30.0	41.0
30-34	36.337488242887716	40.0	36.2	41.0	29.4	41.0
35-39	36.01641528845944	40.0	35.8	41.0	28.2	41.0
40-44	35.801937430946495	39.6	35.0	41.0	27.6	41.0
45-49	35.3215363085903	39.0	35.0	41.0	26.6	41.0
50-54	34.68076542808218	38.2	34.2	40.4	25.4	41.0
55-59	33.93451258909193	36.8	33.6	40.0	23.6	41.0
60-64	33.12538725872143	35.4	33.0	39.2	22.4	41.0
65-69	32.386244546404846	35.0	32.8	37.8	20.8	40.2
70-74	31.633205256880093	35.0	32.0	36.4	19.4	39.0
75-79	30.63827041770668	34.6	31.2	35.2	17.2	37.2
80-84	30.613825947373886	35.0	32.0	35.0	14.6	36.2
85-89	30.19342457161424	35.0	31.0	35.0	6.8	35.4
90-94	29.78088093073557	34.4	31.0	35.0	2.0	35.0
95-99	29.31788070020645	34.0	31.0	35.0	2.0	35.0
100	28.19285371656552	34.0	29.0	35.0	2.0	35.0
>>END_MODULE
>>Per sequence quality scores	pass
#Quality	Count
2	199995.0
3	70152.0
4	38282.0
5	31145.0
6	31549.0
7	32448.0
8	32058.0
9	35951.0
10	40598.0
11	42033.0
12	40895.0
13	41781.0
14	41750.0
15	41431.0
16	41490.0
17	41303.0
18	40784.0
19	40140.0
20	39866.0
21	42230.0
22	48220.0
23	56509.0
24	67280.0
25	81588.0
26	101036.0
27	125663.0
28	155129.0
29	184968.0
30	226405.0
31	283770.0
32	360682.0
33	481555.0
34	692305.0
35	1056890.0
36	1825249.0
37	2711939.0
38	1996526.0
39	337860.0
40	448.0
>>END_MODULE
>>Per base sequence content	fail
#Base	G	A	T	C
1	41.236467285897945	12.020926696855977	8.756022808340742	37.98658320890534
2	26.394555405078357	19.797321785573793	27.30016243713873	26.507960372209116
3	27.974626471447127	22.594623066494705	20.208018441848193	29.222732020209975
4	31.72566281371822	26.969766033730874	18.75007653738086	22.554494615170047
5	30.107478233866424	27.985780826649208	21.610583858918027	20.29615708056634
6	25.018004690662142	31.441098332917917	23.71202022582212	19.828876750597818
7	22.732726115690106	20.762334356517183	34.57187923254405	21.93306029524866
8	23.08859159541921	21.99217953363584	29.526671969475693	25.392556901469256
9	21.630683333109303	20.40305802894241	32.96325971960071	25.00299891834758
10-14	25.21038987804883	25.571144049593837	25.121801263042027	24.096664809315314
15-19	25.120630576520327	24.76341514306744	25.48879692149581	24.627157358916424
20-24	24.94197247878879	25.272345142024488	25.440833431065148	24.34484894812157
25-29	25.106002550671892	24.95257233349631	25.253385175798737	24.688039940033065
30-34	24.869790951035803	25.224515566594686	25.317111163704496	24.588582318665015
35-39	24.909173767266264	25.17582516102698	25.19324879705022	24.721752274656534
40-44	25.003779622568572	25.20481505029884	25.10316081251932	24.688244514613263
45-49	25.0128365492103	25.081203443798373	25.056113863551406	24.849846143439926
50-54	24.938634766934243	25.353770205043148	25.06042885268774	24.64716617533487
55-59	25.11064720264847	25.034460773989824	24.91144167428432	24.943450349077388
60-64	24.994181223924887	25.181334492264018	25.01856353267543	24.805920751135663
65-69	25.008299882241246	25.17827378333999	24.95652011384474	24.856906220574025
70-74	25.143431704011398	25.188312734161066	24.82665894753993	24.841596614287607
75-79	24.995418982247696	25.03479685639626	24.98199822446657	24.987785936889477
80-84	25.012107045707026	25.17339088884135	24.875399561421695	24.93910250402993
85-89	25.102308987522033	25.08648364864931	24.796780454282978	25.01442690954568
90-94	24.963399261719278	25.103452916268722	24.838095437662442	25.095052384349557
95-99	24.921505064950694	25.198993175999014	24.921101927109447	24.95839983194085
100	25.307040414770732	24.77995408595227	24.45553177875946	25.457473720517537
>>END_MODULE
>>Per base GC content	fail
#Base	%GC
1	79.22305049480329
2	52.902515777287476
3	57.1973584916571
4	54.280157428888266
5	50.40363531443276
6	44.84688144125996
7	44.665786410938765
8	48.481148496888466
9	46.633682251456875
10-14	49.307054687364136
15-19	49.74778793543675
20-24	49.286821426910365
25-29	49.79404249070495
30-34	49.458373269700814
35-39	49.6309260419228
40-44	49.69202413718184
45-49	49.86268269265023
50-54	49.58580094226912
55-59	50.05409755172586
60-64	49.80010197506055
65-69	49.86520610281527
70-74	49.98502831829901
75-79	49.98320491913717
80-84	49.95120954973695
85-89	50.11673589706771
90-94	50.05845164606883
95-99	49.87990489689154
100	50.76451413528827
>>END_MODULE
>>Per sequence GC content	warn
#GC Content	Count
0	1999.0
1	1684.5
2	1255.0
3	1106.5
4	897.5
5	667.5
6	647.5
7	698.5
8	775.0
9	899.0
10	999.0
11	1153.0
12	1325.5
13	1476.5
14	1683.0
15	2046.5
16	2415.0
17	2929.0
18	3778.5
19	4940.5
20	6683.0
21	8870.0
22	12382.5
23	16996.5
24	22365.5
25	29107.0
26	37257.0
27	47001.0
28	57988.5
29	69267.0
30	81921.0
31	97266.5
32	112702.0
33	129132.0
34	144239.0
35	157735.0
36	172093.5
37	186561.0
38	201224.5
39	218557.0
40	236068.5
41	248768.5
42	261986.5
43	281627.0
44	304089.5
45	319422.0
46	336057.5
47	359419.5
48	384458.0
49	404990.0
50	422430.0
51	441300.0
52	459579.0
53	473404.0
54	477047.5
55	474222.5
56	467907.0
57	455160.0
58	431272.5
59	397005.5
60	353447.5
61	312047.0
62	277128.5
63	242873.0
64	210009.0
65	177216.0
66	146956.0
67	121119.0
68	100252.5
69	80570.5
70	61242.5
71	45833.0
72	34302.0
73	26641.5
74	21688.0
75	17682.0
76	13452.5
77	10076.5
78	7553.5
79	5229.0
80	3875.0
81	2996.0
82	2836.0
83	2776.0
84	1698.0
85	773.5
86	452.5
87	327.0
88	263.5
89	173.0
90	116.5
91	99.0
92	75.5
93	59.0
94	41.0
95	26.5
96	23.0
97	13.0
98	7.5
99	6.0
100	3.0
>>END_MODULE
>>Per base N content	pass
#Base	N-Count
1	0.01784878667791733
2	0.0023554616054231063
3	0.004770447511344269
4	0.008018773624238227
5	3.3920772985967655
6	0.039396583458213896
7	0.04883543682290577
8	0.05428616205422783
9	0.04817216604592742
10-14	0.05313139062456553
15-19	0.03234720558494403
20-24	0.027552948353400532
25-29	0.026850561607523464
30-34	0.05099021650093543
35-39	0.04893577778660249
40-44	0.04048502781017837
45-49	0.030852295295292827
50-54	0.01582325976668345
55-59	0.005023850962035997
60-64	0.004738134319645324
65-69	8.299388183729067E-4
70-74	0.003137780983397567
75-79	0.004314661438959148
80-84	0.005396303013723838
85-89	0.00239117618572194
90-94	0.009556201271388037
95-99	0.0181804220664065
100	0.004583371138350376
>>END_MODULE
>>Sequence Length Distribution	pass
#Length	Count
100	1.1759903E7
>>END_MODULE
>>Sequence Duplication Levels	fail
#Total Duplicate Percentage	52.46022641793291
#Duplication Level	Relative count
1	100.0
2	40.24565116348065
3	15.488681652310644
4	7.665226119720329
5	4.648977936886243
6	3.244691897665127
7	2.5010136571761983
8	1.9303988370138154
9	1.6089953421216587
10++	20.45312948110642
>>END_MODULE
>>Overrepresented sequences	pass
>>END_MODULE
>>Kmer Content	warn
#Sequence	Count	Obs/Exp Overall	Obs/Exp Max	Max Obs/Exp Position
TTTTT	6254395	5.7126675	8.437449	5
AAAAA	5517615	5.097055	7.460187	2
CTGGA	2457685	2.2097712	5.1612983	1
GAAAA	2199250	2.002948	5.6276875	1
GTTTT	2032230	1.8341565	5.37869	1
GGGGG	1951665	1.6792239	5.2667284	1
GGAAA	1770935	1.5901011	5.3109255	1
GCCAG	1641890	1.4850113	5.085114	1
>>END_MODULE
