##FastQC	0.10.1
>>Basic Statistics	pass
#Measure	Value	
Filename	F_heteroclitus_MDPP_FW_1_R2.fastq.gz	
File type	Conventional base calls	
Encoding	Sanger / Illumina 1.9	
Total Sequences	19393473	
Filtered Sequences	0	
Sequence length	100	
%GC	47	
>>END_MODULE
>>Per base sequence quality	fail
#Base	Mean	Median	Lower Quartile	Upper Quartile	10th Percentile	90th Percentile
1	29.196362920658924	31.0	30.0	34.0	23.0	34.0
2	29.093822545348118	31.0	30.0	34.0	22.0	34.0
3	29.17944062932926	31.0	30.0	34.0	22.0	34.0
4	32.522970898507964	35.0	33.0	37.0	23.0	37.0
5	32.47419820060079	35.0	33.0	37.0	23.0	37.0
6	32.36847386747077	35.0	33.0	37.0	23.0	37.0
7	32.35423773761409	35.0	33.0	37.0	22.0	37.0
8	32.27652628283753	35.0	33.0	37.0	22.0	37.0
9	33.611987084520656	38.0	33.0	39.0	22.0	39.0
10-14	33.69724330448703	38.2	33.0	39.4	19.6	39.4
15-19	34.269312598109686	39.0	33.0	41.0	17.6	41.0
20-24	33.94187453686093	39.0	33.0	41.0	16.6	41.0
25-29	33.63188812029697	38.2	33.0	40.6	12.2	41.0
30-34	33.217454377563016	38.0	32.2	40.0	8.6	41.0
35-39	32.743273192996426	38.0	31.6	40.0	5.0	41.0
40-44	32.2392929311836	38.0	31.0	40.0	2.0	41.0
45-49	31.78086222101632	37.0	30.2	40.0	2.0	41.0
50-54	30.89904435373695	36.0	29.4	39.2	2.0	40.6
55-59	30.8660224808625	35.6	29.8	39.6	2.0	41.0
60-64	30.086489903072028	35.0	28.8	38.8	2.0	40.8
65-69	29.232924180212585	34.8	28.0	37.4	2.0	40.0
70-74	28.52479611052646	34.0	27.4	36.2	2.0	39.0
75-79	27.75121333863202	34.0	26.2	35.0	2.0	37.6
80-84	27.063509563243258	34.0	25.4	35.0	2.0	36.2
85-89	26.458878324681713	33.0	24.4	35.0	2.0	35.4
90-94	25.885170613845183	33.0	22.4	35.0	2.0	35.0
95-99	25.155801263651952	33.0	13.0	35.0	2.0	35.0
100	23.788472131835285	31.0	2.0	34.0	2.0	35.0
>>END_MODULE
>>Per sequence quality scores	pass
#Quality	Count
2	1031602.0
3	157610.0
4	106829.0
5	92125.0
6	97744.0
7	100024.0
8	102828.0
9	114299.0
10	127363.0
11	130357.0
12	123217.0
13	120373.0
14	121660.0
15	122415.0
16	122184.0
17	121630.0
18	120497.0
19	121120.0
20	123830.0
21	130732.0
22	143952.0
23	167229.0
24	197368.0
25	236671.0
26	280445.0
27	327274.0
28	380394.0
29	440895.0
30	516651.0
31	613158.0
32	746571.0
33	932490.0
34	1213235.0
35	1672803.0
36	2413156.0
37	3100829.0
38	2277595.0
39	443590.0
40	728.0
>>END_MODULE
>>Per base sequence content	fail
#Base	G	A	T	C
1	36.68730471302789	16.015303473465934	7.739664548703407	39.557727264802764
2	25.420027622859383	17.893488831679853	38.137118583176	18.54936496228477
3	26.475288981790147	22.805393611277598	22.26481170985089	28.454505697081373
4	28.397406412289122	28.36015811106906	19.674546514441595	23.56788896220022
5	29.70946179834578	28.768053849570556	22.769447756104533	18.75303659597913
6	23.401373001488963	32.396438769328064	24.201672392879498	20.000515836303475
7	21.10866797943725	19.771259733578965	37.268446727451945	21.851625559531833
8	21.10039052874556	21.850426082238258	31.388191474166703	25.660991914849475
9	21.67599722610752	20.774858721100216	33.068794968203605	24.48034908458866
10-14	23.69072537703669	26.931608845597584	26.75846383539794	22.61920194196779
15-19	23.943594618653457	25.722662932073685	27.0434072149398	23.290335234333053
20-24	23.838702188543124	26.15147562406395	26.843464801193157	23.16635738619977
25-29	23.72784906154164	26.139298669387202	26.811056440851626	23.32179582821953
30-34	23.656519045448317	26.261939578195076	26.669378177458196	23.41216319889841
35-39	23.682422754676622	26.299593698324124	26.637804265345334	23.380179281653916
40-44	23.776882103864665	26.23871930885169	26.534667940311742	23.449730646971904
45-49	23.753795980952294	26.24398486510185	26.482910678218012	23.51930847572784
50-54	23.647699594359427	26.34273814604536	26.558130145504915	23.4514321140903
55-59	23.804162268887893	26.21293808812365	26.412804217435326	23.57009542555313
60-64	23.748119476835345	26.189809098126194	26.388443435982396	23.673627989056065
65-69	23.724245762808128	26.305603479355387	26.400108970754488	23.570041787081994
70-74	23.88741044588816	26.24409268575064	26.31396847360188	23.55452839475932
75-79	23.79835918380342	26.1567622956422	26.349659308369283	23.695219212185094
80-84	23.807874443374118	26.26215058305248	26.3390002856882	23.5909746878852
85-89	23.923953924116127	26.26737612836545	26.19596502119726	23.61270492632116
90-94	23.81261111235714	26.239383089894176	26.172275925446353	23.775729872302332
95-99	23.846221882368646	26.34458414639804	26.18787094344456	23.62132302778876
100	24.376546456804284	26.00379544932961	25.718902042299206	23.900756051566898
>>END_MODULE
>>Per base GC content	fail
#Base	%GC
1	76.24503197783066
2	43.96939258514415
3	54.92979467887152
4	51.96529537448934
5	48.46249839432491
6	43.401888837792434
7	42.96029353896908
8	46.76138244359503
9	46.15634631069618
10-14	46.30992731900448
15-19	47.23392985298651
20-24	47.005059574742894
25-29	47.04964488976117
30-34	47.068682244346725
35-39	47.06260203633054
40-44	47.22661275083657
45-49	47.27310445668013
50-54	47.09913170844972
55-59	47.37425769444103
60-64	47.421747465891414
65-69	47.29428754989012
70-74	47.44193884064748
75-79	47.493578395988514
80-84	47.39884913125932
85-89	47.53665885043729
90-94	47.588340984659474
95-99	47.4675449101574
100	48.277302508371186
>>END_MODULE
>>Per sequence GC content	fail
#GC Content	Count
0	27991.0
1	22921.0
2	17017.0
3	16132.0
4	13626.0
5	9573.5
6	7617.5
7	7138.5
8	7002.0
9	6958.0
10	7010.0
11	7332.5
12	7850.5
13	8361.0
14	9111.0
15	10244.5
16	11347.0
17	13062.5
18	15782.5
19	19176.0
20	24203.0
21	31286.0
22	40636.5
23	52445.0
24	67368.5
25	86356.5
26	109003.5
27	135261.5
28	164399.5
29	194217.0
30	224844.0
31	255900.5
32	284600.5
33	312297.5
34	340412.0
35	368607.5
36	393371.0
37	411310.0
38	429904.5
39	446467.0
40	455512.0
41	467462.5
42	481658.0
43	497863.5
44	518005.5
45	534048.5
46	552222.5
47	578634.0
48	596199.5
49	609492.0
50	630396.0
51	652184.0
52	671794.0
53	681276.5
54	681459.0
55	680266.5
56	661887.5
57	631858.5
58	599178.5
59	551475.5
60	495843.0
61	438807.5
62	381492.0
63	324304.0
64	270401.0
65	225632.5
66	187308.0
67	155481.0
68	129251.0
69	104810.0
70	81948.0
71	60524.0
72	45005.0
73	35335.0
74	28384.5
75	22426.0
76	16999.5
77	12705.0
78	9293.0
79	6436.0
80	4911.5
81	3937.0
82	3490.5
83	3002.0
84	2249.0
85	1695.0
86	1247.5
87	979.0
88	770.0
89	597.5
90	412.5
91	242.5
92	179.5
93	121.5
94	76.5
95	54.5
96	39.0
97	21.0
98	13.0
99	13.5
100	8.0
>>END_MODULE
>>Per base N content	pass
#Base	N-Count
1	0.030829960162370093
2	0.29179920481493954
3	0.06353168408773406
4	0.03791997441613475
5	0.04693847254692339
6	0.03855936479247425
7	0.04391683738131896
8	0.03708464182769121
9	0.036079148897157305
10-14	0.04774080434174941
15-19	0.04426747081350514
20-24	0.08206678607797582
25-29	0.03558723081729611
30-34	0.05631069793429986
35-39	0.0411262077710372
40-44	0.04480889008379262
45-49	0.03973811188950014
50-54	0.04067141558399571
55-59	0.04381680372566585
60-64	0.04490067354104136
65-69	0.039813394949940115
70-74	0.034993216532180696
75-79	0.03910800298636557
80-84	0.04848641602254532
85-89	0.05266617278916468
90-94	0.03849439448003975
95-99	0.04057860085194643
100	0.03932250814487947
>>END_MODULE
>>Sequence Length Distribution	pass
#Length	Count
100	1.9393473E7
>>END_MODULE
>>Sequence Duplication Levels	warn
#Total Duplicate Percentage	45.164782125837036
#Duplication Level	Relative count
1	100.0
2	22.440608443001196
3	8.667749102717485
4	4.806016065629807
5	3.3148179798325073
6	2.4876089557340624
7	2.1415142710647754
8	1.6766364723978806
9	1.4245428131943259
10++	23.951461288668604
>>END_MODULE
>>Overrepresented sequences	warn
#Sequence	Count	Percentage	Possible Source
TTTTTTTTTTTTTTTTTTTTTTTTTTTTTTTTTTTTTTTTTTTTTTTTTT	37287	0.19226571744008925	No Hit
>>END_MODULE
>>Kmer Content	fail
#Sequence	Count	Obs/Exp Overall	Obs/Exp Max	Max Obs/Exp Position
TTTTT	26357105	10.876423	15.199511	10-14
AAAAA	16261945	7.4025884	9.145199	95-96
GGAGG	4042930	2.5285306	5.4300165	1
GGGGG	3611400	2.445332	7.1011915	1
CTCCT	4039870	2.3670194	6.931261	1
CTCCA	3783890	2.260984	6.2794795	1
CTGGA	3733085	2.1525784	7.255516	1
CTCTG	3733475	2.1488879	5.31349	1
GAAGA	3977640	2.1223502	5.180321	2
CTTTT	4181845	1.9395679	6.843314	1
GTTTT	4137070	1.8849331	7.1616187	1
GGAAG	2977625	1.7200923	5.2533803	1
GGAAA	3083860	1.6454558	5.838125	1
CTCAG	2779835	1.6317141	5.352447	1
CTGGG	2565275	1.6014569	7.2677035	1
GGGAG	2500865	1.5640918	5.730029	1
GTGGA	2643545	1.497421	5.4071846	1
GGGGA	2324610	1.4538584	5.343654	1
CGGGG	1665250	1.1478246	5.127835	1
GTGGG	1783150	1.0935415	5.1793	1
>>END_MODULE
