##FastQC	0.10.1
>>Basic Statistics	pass
#Measure	Value	
Filename	A_xenica_NA_FW_2_R1.fastq.gz	
File type	Conventional base calls	
Encoding	Sanger / Illumina 1.9	
Total Sequences	7610310	
Filtered Sequences	0	
Sequence length	100	
%GC	49	
>>END_MODULE
>>Per base sequence quality	pass
#Base	Mean	Median	Lower Quartile	Upper Quartile	10th Percentile	90th Percentile
1	30.7241338394888	31.0	31.0	34.0	26.0	34.0
2	30.99896075192732	33.0	31.0	34.0	27.0	34.0
3	29.584319298425424	33.0	31.0	34.0	18.0	34.0
4	33.35076967955313	37.0	35.0	37.0	19.0	37.0
5	34.085484034158924	37.0	35.0	37.0	30.0	37.0
6	31.51971233760517	37.0	33.0	37.0	10.0	37.0
7	32.3859466959953	37.0	33.0	37.0	17.0	37.0
8	33.57197118120024	37.0	33.0	37.0	28.0	37.0
9	35.35878958938598	39.0	35.0	39.0	30.0	39.0
10-14	35.02539562777338	39.2	34.8	39.4	24.8	39.4
15-19	36.2810840294285	40.0	35.8	41.0	29.2	41.0
20-24	36.25608969936835	40.0	36.0	41.0	28.8	41.0
25-29	35.90855704958142	40.0	35.6	41.0	27.4	41.0
30-34	35.511275651057574	39.4	35.0	41.0	26.4	41.0
35-39	35.216949112454024	39.0	35.0	41.0	25.6	41.0
40-44	34.953247633802036	39.0	34.0	41.0	24.8	41.0
45-49	34.521105316340595	38.4	33.8	40.4	23.8	41.0
50-54	33.83145109726148	37.6	33.0	40.0	22.4	41.0
55-59	33.13599264681728	36.4	32.6	39.8	20.4	41.0
60-64	32.304201852486955	35.0	31.8	38.8	17.8	40.8
65-69	31.568092416734668	35.0	31.0	37.4	13.6	39.8
70-74	30.77874417730684	35.0	31.0	36.2	7.2	38.8
75-79	29.776438647045914	34.0	29.8	35.0	2.0	37.0
80-84	29.711786352986934	34.0	30.0	35.0	2.0	36.0
85-89	29.261480990918898	34.0	30.0	35.0	2.0	35.2
90-94	28.86234852456733	34.0	29.6	35.0	2.0	35.0
95-99	28.315103458334807	34.0	29.0	35.0	2.0	35.0
100	27.192310562907423	33.0	27.0	35.0	2.0	35.0
>>END_MODULE
>>Per sequence quality scores	pass
#Quality	Count
2	170025.0
3	54848.0
4	29599.0
5	22879.0
6	23348.0
7	24365.0
8	24617.0
9	27550.0
10	29974.0
11	31560.0
12	31343.0
13	32475.0
14	33092.0
15	33421.0
16	32919.0
17	32446.0
18	32225.0
19	31285.0
20	31318.0
21	32288.0
22	36144.0
23	42048.0
24	50314.0
25	63348.0
26	82931.0
27	115576.0
28	145898.0
29	153838.0
30	188370.0
31	222243.0
32	263830.0
33	352868.0
34	500388.0
35	735946.0
36	1164547.0
37	1537957.0
38	1030625.0
39	161669.0
40	193.0
>>END_MODULE
>>Per base sequence content	fail
#Base	G	A	T	C
1	41.668628381098614	12.38500968896344	8.69667110533309	37.249690824604855
2	25.758906150172024	20.071548282870122	27.5557210111057	26.613824555852155
3	27.215862597351403	22.914862354634668	20.494183757743723	29.375091290270213
4	31.197021592429873	26.85323896961038	18.948647674075104	23.00109176388464
5	29.824733178050533	27.65802421449687	22.001184663302105	20.516057944150496
6	24.134443851362466	33.309417582306914	23.01664769923358	19.539490867097044
7	22.872059361671703	21.104548026044604	34.11904143497683	21.904351177306875
8	23.122595367068406	22.345633574360747	29.328812481022542	25.2029585775483
9	21.821363727119977	20.697908970326832	32.71842795726429	24.762299345288895
10-14	25.193872352030823	25.731125946758542	25.10345151430297	23.97155018690767
15-19	25.097927390207452	24.742511475069236	25.540049027308214	24.6195121074151
20-24	24.91284297878745	25.328140264175524	25.468780630205313	24.29023612683171
25-29	25.056680944515414	25.03898104512675	25.252609946628525	24.651728063729312
30-34	24.79725817418992	25.35260819645272	25.282252187317084	24.567881442040278
35-39	24.85281474078374	25.270113285602157	25.20155469236339	24.675517281250713
40-44	24.960447367975544	25.327398843736137	25.08653682663918	24.62561696164914
45-49	24.980398644827964	25.172729549559435	25.05155442925964	24.79531737635296
50-54	24.900990266867414	25.45239259711336	25.070878570446464	24.57573856557276
55-59	25.050031000074142	25.112259795417646	24.943152952087217	24.894556252420998
60-64	24.95873125705235	25.273926948293347	25.018711212572253	24.74863058208205
65-69	24.93289094170286	25.31704894121666	24.962490883885337	24.787569233195143
70-74	25.07740219604709	25.335481789002483	24.817414601213024	24.76970141373741
75-79	24.947765425109584	25.177019105051517	24.9386353304859	24.936580139352994
80-84	24.928128381855622	25.32402608471282	24.856145069999894	24.89170046343166
85-89	25.054468372339283	25.223622424943343	24.777418296653064	24.944490906064313
90-94	24.92578622342724	25.249954543684034	24.77361861028622	25.050640622602504
95-99	24.874503825205473	25.40160760541425	24.822370429006092	24.901518140374183
100	25.316356878789115	24.97560116546655	24.29629765921012	25.411744296534224
>>END_MODULE
>>Per base GC content	fail
#Base	%GC
1	78.91831920570347
2	52.372730706024186
3	56.59095388762161
4	54.198113356314515
5	50.34079112220103
6	43.673934718459506
7	44.776410538978574
8	48.325553944616715
9	46.583663072408875
10-14	49.16542253893849
15-19	49.71743949762255
20-24	49.20307910561916
25-29	49.70840900824472
30-34	49.365139616230195
35-39	49.52833202203445
40-44	49.58606432962468
45-49	49.775716021180926
50-54	49.47672883244017
55-59	49.94458725249514
60-64	49.7073618391344
65-69	49.720460174897994
70-74	49.8471036097845
75-79	49.88434556446258
80-84	49.81982884528728
85-89	49.998959278403596
90-94	49.976426846029746
95-99	49.77602196557966
100	50.72810117532334
>>END_MODULE
>>Per sequence GC content	warn
#GC Content	Count
0	985.0
1	839.5
2	663.0
3	604.0
4	517.5
5	404.5
6	368.0
7	406.5
8	421.5
9	469.5
10	554.0
11	652.0
12	774.5
13	910.5
14	1045.0
15	1188.0
16	1458.5
17	1853.5
18	2403.5
19	3246.0
20	4361.5
21	5871.5
22	8191.0
23	11248.5
24	14977.0
25	19587.0
26	24652.5
27	30837.0
28	38283.5
29	45999.0
30	54581.5
31	64651.5
32	74769.5
33	85285.5
34	94495.5
35	103553.0
36	113362.5
37	122627.0
38	132214.5
39	142352.0
40	152985.5
41	161939.0
42	170623.5
43	183166.0
44	197237.5
45	207665.5
46	219925.0
47	234360.0
48	249490.0
49	263859.5
50	276035.0
51	289058.5
52	300396.0
53	307757.5
54	310008.5
55	307873.0
56	303732.5
57	295375.0
58	278893.5
59	255813.0
60	228044.5
61	200639.5
62	176846.5
63	154544.0
64	133239.5
65	111989.0
66	91817.0
67	75103.5
68	61543.5
69	48640.5
70	36547.5
71	27010.5
72	20294.5
73	15823.5
74	12575.5
75	10036.5
76	7516.5
77	5526.0
78	4100.5
79	2820.5
80	2031.5
81	1533.0
82	1373.0
83	1295.0
84	809.0
85	389.0
86	257.0
87	171.0
88	108.5
89	76.5
90	64.0
91	52.5
92	36.0
93	26.0
94	19.5
95	16.0
96	10.0
97	5.5
98	5.5
99	3.5
100	1.5
>>END_MODULE
>>Per base N content	pass
#Base	N-Count
1	0.028500810085265907
2	0.004520183803287908
3	3.2022085828303974
4	0.007962881932536256
5	0.018356676666259324
6	2.146233202064042
7	0.03203548869888349
8	0.0341641799085714
9	0.033204954857292274
10-14	0.9403164917066452
15-19	0.02385710963153932
20-24	0.018385584818489654
25-29	0.0161254929168457
30-34	0.039414951559134916
35-39	0.0406606301188782
40-44	0.02916569758656349
45-49	0.021712650338816683
50-54	0.017221374687759104
55-59	0.004312570709997359
60-64	0.005708046058570544
65-69	0.0021024110712967014
70-74	0.0033454616172008764
75-79	0.004102329602867689
80-84	0.002796206724824613
85-89	0.0027015982266162617
90-94	0.010596151799335376
95-99	0.02301351718918152
100	0.017607692722109877
>>END_MODULE
>>Sequence Length Distribution	pass
#Length	Count
100	7610310.0
>>END_MODULE
>>Sequence Duplication Levels	warn
#Total Duplicate Percentage	44.31658077632264
#Duplication Level	Relative count
1	100.0
2	31.817178372503736
3	11.235735633745415
4	5.4841393832359735
5	3.3249558483901644
6	2.3553185708463524
7	1.7626681157451434
8	1.3576620024453199
9	1.1598288276049449
10++	11.316397228637413
>>END_MODULE
>>Overrepresented sequences	pass
>>END_MODULE
>>Kmer Content	warn
#Sequence	Count	Obs/Exp Overall	Obs/Exp Max	Max Obs/Exp Position
TTTTT	3986610	5.6514897	7.9593644	10-14
AAAAA	3610710	5.0170875	7.5506005	2
CTGGA	1596090	2.2300801	5.040273	1
GAAAA	1442150	1.993332	5.589472	1
GTTTT	1307735	1.836746	5.447421	1
GGGGG	1216495	1.6463425	5.0444345	1
GGAAA	1159745	1.5945637	5.2620115	1
>>END_MODULE
