##FastQC	0.10.1
>>Basic Statistics	pass
#Measure	Value	
Filename	F_rathbuni_NA_transfer_2_R2.fastq.gz	
File type	Conventional base calls	
Encoding	Sanger / Illumina 1.9	
Total Sequences	11543974	
Filtered Sequences	0	
Sequence length	100	
%GC	49	
>>END_MODULE
>>Per base sequence quality	pass
#Base	Mean	Median	Lower Quartile	Upper Quartile	10th Percentile	90th Percentile
1	29.86324804612346	31.0	31.0	34.0	26.0	34.0
2	29.89333811735889	31.0	31.0	34.0	26.0	34.0
3	29.93734653248526	31.0	31.0	34.0	26.0	34.0
4	33.282622604659366	37.0	35.0	37.0	27.0	37.0
5	33.211073240462945	37.0	35.0	37.0	27.0	37.0
6	33.10093491201557	37.0	35.0	37.0	26.0	37.0
7	33.139889434955414	37.0	35.0	37.0	27.0	37.0
8	33.09619945436467	37.0	35.0	37.0	26.0	37.0
9	34.48980446421657	39.0	35.0	39.0	27.0	39.0
10-14	34.58058443305572	39.2	35.2	39.4	26.4	39.4
15-19	35.28954470964678	39.6	35.6	41.0	25.0	41.0
20-24	34.98558219205968	39.0	35.0	41.0	23.6	41.0
25-29	34.738958126551566	39.0	34.8	41.0	22.2	41.0
30-34	34.4058858933674	39.0	34.0	41.0	19.2	41.0
35-39	33.97530072399678	38.2	33.2	40.0	16.2	41.0
40-44	33.49634235142941	38.0	33.0	40.0	12.6	41.0
45-49	33.01061792065713	38.0	32.2	40.0	8.2	41.0
50-54	32.29101806708851	37.0	31.4	39.6	5.4	40.6
55-59	32.242446093520314	36.4	31.8	40.0	2.0	41.0
60-64	31.448654718037307	35.2	31.0	39.0	2.0	41.0
65-69	30.6802565910145	35.0	30.2	37.6	2.0	40.0
70-74	29.927635699803204	35.0	30.0	36.4	2.0	39.2
75-79	29.194435815603878	34.2	29.0	35.2	2.0	37.6
80-84	28.52678183440122	34.0	29.0	35.0	2.0	36.2
85-89	27.97712286947285	34.0	28.2	35.0	2.0	35.4
90-94	27.451667978462183	34.0	27.0	35.0	2.0	35.0
95-99	26.793917016791617	34.0	25.8	35.0	2.0	35.0
100	25.476113858191294	33.0	20.0	35.0	2.0	35.0
>>END_MODULE
>>Per sequence quality scores	pass
#Quality	Count
2	521548.0
3	76715.0
4	51749.0
5	42236.0
6	41008.0
7	42575.0
8	45075.0
9	48905.0
10	53385.0
11	54482.0
12	53177.0
13	51831.0
14	52079.0
15	53590.0
16	54017.0
17	53382.0
18	53770.0
19	55094.0
20	57423.0
21	61230.0
22	67486.0
23	78974.0
24	94004.0
25	113384.0
26	135535.0
27	161330.0
28	191696.0
29	229229.0
30	274596.0
31	336198.0
32	421585.0
33	544415.0
34	736583.0
35	1055401.0
36	1627261.0
37	2144653.0
38	1534260.0
39	273856.0
40	257.0
>>END_MODULE
>>Per base sequence content	fail
#Base	G	A	T	C
1	37.103139249738796	11.316168879835768	11.431414752719691	40.14927711770574
2	27.605687661219825	19.322084990420198	28.656700946400782	24.41552640195919
3	29.55884822966766	23.43603613066765	20.568839093173004	26.436276546491687
4	31.220715136539052	29.04650252583031	17.607318321179118	22.125464016451524
5	30.36314928422877	30.345677392438013	20.402064976544246	18.889108346788973
6	23.293127721141555	34.10999799278164	22.23230935152287	20.364564934553936
7	21.711227508764924	19.08780835397274	36.08500888235546	23.115955254906876
8	23.00889051000387	21.907644455513783	28.26801918265474	26.815445851827608
9	22.34401534690442	20.865877353383553	31.004920973045323	25.785186326666704
10-14	24.82962205612113	26.371637338540012	25.02830764414194	23.770432961196917
15-19	24.763889365773274	25.099841679776823	25.8590570258722	24.277211928577707
20-24	24.650385164597306	25.776946892850276	25.597282798754584	23.975385143797833
25-29	24.68162746168512	25.795990050537032	25.35104010692912	24.171342380848724
30-34	24.473855061617968	25.732686744168138	25.607516300054854	24.185941894159043
35-39	24.498485173977734	25.71500472849643	25.478722892604072	24.30778720492176
40-44	24.62571506276821	25.648919050313268	25.48806655933572	24.237299327582797
45-49	24.582308565113678	25.67311721073867	25.429183887141587	24.31539033700606
50-54	24.502908535420158	25.77492048462594	25.45685378759704	24.265317192356864
55-59	24.74677732555929	25.48974832422455	25.34155881677893	24.421915533437232
60-64	24.58344055112868	25.58382614507262	25.34775193563773	24.48498136816097
65-69	24.57255549407073	25.60498215365257	25.441148993079516	24.381313359197183
70-74	24.727514677700814	25.694672271116108	25.24631804938531	24.331495001797766
75-79	24.638271830033947	25.56441993547406	25.357479871638805	24.439828362853184
80-84	24.687123700943285	25.673004146692392	25.245481342277067	24.39439081008726
85-89	24.789430714611623	25.518860279352108	25.192298262980245	24.499410743056025
90-94	24.674606330165556	25.52336291178414	25.236031849463537	24.565998908586767
95-99	24.72234621028058	25.603193090963522	25.247725019948756	24.42673567880714
100	25.16654322426018	25.150731500282948	24.826773201624448	24.85595207383243
>>END_MODULE
>>Per base GC content	fail
#Base	%GC
1	77.25241636744454
2	52.02121406317902
3	55.995124776159344
4	53.34617915299057
5	49.252257631017734
6	43.65769265569549
7	44.8271827636718
8	49.82433636183148
9	48.12920167357112
10-14	48.60005501731804
15-19	49.04110129435097
20-24	48.62577030839514
25-29	48.852969842533845
30-34	48.659796955777004
35-39	48.80627237889949
40-44	48.863014390351005
45-49	48.89769890211974
50-54	48.76822572777702
55-59	49.16869285899652
60-64	49.06842191928965
65-69	48.95386885326791
70-74	49.05900967949858
75-79	49.07810019288713
80-84	49.08151451103054
85-89	49.28884145766765
90-94	49.24060523875232
95-99	49.14908188908772
100	50.02249529809261
>>END_MODULE
>>Per sequence GC content	warn
#GC Content	Count
0	4705.0
1	3365.0
2	1867.5
3	1631.0
4	1485.5
5	1342.0
6	1284.5
7	1317.5
8	1298.0
9	1280.0
10	1314.5
11	1377.5
12	1428.5
13	1514.5
14	1666.5
15	1850.5
16	2196.5
17	2687.5
18	3471.0
19	4610.5
20	6376.0
21	8846.5
22	12272.0
23	17468.0
24	24078.5
25	32563.5
26	44062.0
27	55664.0
28	67049.0
29	81179.0
30	96908.5
31	114573.0
32	133379.5
33	149687.0
34	164585.0
35	179782.5
36	193323.0
37	204584.0
38	216247.0
39	229355.0
40	239660.5
41	252221.0
42	266667.0
43	281084.5
44	302091.0
45	322401.5
46	342206.5
47	361519.0
48	377540.5
49	395976.5
50	413350.0
51	432961.5
52	456405.5
53	467846.0
54	461981.0
55	449503.0
56	437698.5
57	425442.0
58	401403.0
59	365567.5
60	328898.5
61	287025.0
62	246451.0
63	214406.0
64	183185.0
65	152223.0
66	124898.5
67	101888.5
68	84204.5
69	68326.0
70	52541.0
71	39573.0
72	29454.0
73	23194.5
74	19454.5
75	15864.0
76	12044.5
77	8952.5
78	6548.5
79	4508.5
80	3390.0
81	2831.0
82	2355.5
83	1930.0
84	1498.0
85	1056.0
86	662.0
87	464.5
88	357.0
89	267.5
90	199.5
91	141.0
92	108.5
93	78.0
94	51.0
95	31.0
96	17.0
97	13.5
98	12.5
99	10.0
100	7.0
>>END_MODULE
>>Per base N content	pass
#Base	N-Count
1	0.04475062054020565
2	0.05332652343118583
3	0.048787358668687233
4	0.048423532485433525
5	0.04713281578770015
6	0.04866608327426933
7	0.04650045123109252
8	0.039769666840898985
9	0.05207911937431598
10-14	0.03755032712305138
15-19	0.042926292107033505
20-24	0.0452080020277246
25-29	0.027461946813116523
30-34	0.04459296252746238
35-39	0.037811935473867145
40-44	0.08923443521269192
45-49	0.06676037212142023
50-54	0.06301296243390708
55-59	0.08042464406104864
60-64	0.0783248472319844
65-69	0.07221256735332217
70-74	0.06432793421052403
75-79	0.06575032133648256
80-84	0.08169976820807115
85-89	0.07595651202956624
90-94	0.05433657421612349
95-99	0.06857950303768875
100	0.07129260686138066
>>END_MODULE
>>Sequence Length Distribution	pass
#Length	Count
100	1.1543974E7
>>END_MODULE
>>Sequence Duplication Levels	warn
#Total Duplicate Percentage	47.00356500378108
#Duplication Level	Relative count
1	100.0
2	29.854383990215457
3	11.396690625803192
4	5.826412953886787
5	3.6550238852797547
6	2.584396132268614
7	1.9462736304738946
8	1.6103730357791741
9	1.3019471599117265
10++	19.080749084914608
>>END_MODULE
>>Overrepresented sequences	pass
>>END_MODULE
>>Kmer Content	warn
#Sequence	Count	Obs/Exp Overall	Obs/Exp Max	Max Obs/Exp Position
TTTTT	6538490	5.7441134	7.4251146	2
AAAAA	5375510	4.5621743	7.8150334	2
CTGGA	2382910	2.2134404	6.511208	1
GAAAA	2254220	1.9538305	5.603962	1
GGGGG	2016470	1.901237	5.2200866	1
GTTTT	2089295	1.8615946	5.6189356	1
GGAAA	1824330	1.614851	5.789822	1
CTGGG	1619200	1.5360281	5.3740907	1
GCCAG	1531815	1.4726527	5.327716	1
GGGAG	1554165	1.4348389	5.018796	1
>>END_MODULE
