##FastQC	0.10.1
>>Basic Statistics	pass
#Measure	Value	
Filename	F_olivaceous_NA_transfer_2_R2.fastq.gz	
File type	Conventional base calls	
Encoding	Sanger / Illumina 1.9	
Total Sequences	6853982	
Filtered Sequences	0	
Sequence length	100	
%GC	49	
>>END_MODULE
>>Per base sequence quality	fail
#Base	Mean	Median	Lower Quartile	Upper Quartile	10th Percentile	90th Percentile
1	28.979286785404454	31.0	30.0	34.0	22.0	34.0
2	28.992401789208085	31.0	30.0	34.0	18.0	34.0
3	29.02904238733046	31.0	30.0	34.0	18.0	34.0
4	32.28789833413627	37.0	33.0	37.0	20.0	37.0
5	32.214922070119236	37.0	33.0	37.0	19.0	37.0
6	32.08768698254533	36.0	33.0	37.0	18.0	37.0
7	32.12674121408548	36.0	33.0	37.0	18.0	37.0
8	32.0652355083512	36.0	33.0	37.0	17.0	37.0
9	33.373895350177456	38.0	34.0	39.0	17.0	39.0
10-14	33.395659953586105	38.2	33.0	39.4	16.8	39.4
15-19	33.989088328507435	39.0	33.0	41.0	13.2	41.0
20-24	33.64080889036475	39.0	33.0	41.0	10.0	41.0
25-29	33.35894191143193	38.8	33.0	40.8	8.2	41.0
30-34	32.987094713700735	38.0	32.0	40.0	2.8	41.0
35-39	32.49397745719203	38.0	31.4	40.0	2.0	41.0
40-44	31.96554662676383	38.0	30.8	40.0	2.0	41.0
45-49	31.43598728447201	37.0	30.0	40.0	2.0	41.0
50-54	30.72232357773919	36.0	29.4	39.4	2.0	40.6
55-59	30.666244819434894	35.6	29.4	39.6	2.0	41.0
60-64	29.87279671875415	35.0	28.4	38.8	2.0	40.6
65-69	29.102582586298006	35.0	28.0	37.2	2.0	40.0
70-74	28.346666477968576	34.0	26.6	36.0	2.0	39.0
75-79	27.597298154561827	34.0	26.0	35.0	2.0	37.2
80-84	26.908125203713695	34.0	25.0	35.0	2.0	36.2
85-89	26.317784785545104	33.0	23.8	35.0	2.0	35.2
90-94	25.738435408788643	33.0	21.2	35.0	2.0	35.0
95-99	25.027975153713562	33.0	11.0	35.0	2.0	35.0
100	23.758091865429467	31.0	2.0	34.0	2.0	35.0
>>END_MODULE
>>Per sequence quality scores	pass
#Quality	Count
2	448069.0
3	64048.0
4	42044.0
5	33756.0
6	33214.0
7	33112.0
8	34488.0
9	37314.0
10	40225.0
11	41031.0
12	39123.0
13	38791.0
14	38586.0
15	39396.0
16	39859.0
17	38731.0
18	38969.0
19	39519.0
20	40344.0
21	42829.0
22	47929.0
23	54676.0
24	65139.0
25	78073.0
26	92122.0
27	107632.0
28	125884.0
29	147489.0
30	173234.0
31	207828.0
32	255264.0
33	322185.0
34	425906.0
35	593233.0
36	877689.0
37	1134081.0
38	799380.0
39	142641.0
40	149.0
>>END_MODULE
>>Per base sequence content	fail
#Base	G	A	T	C
1	34.754148036652424	14.939383606833037	7.380784451562353	42.92568390495219
2	24.341287015745817	17.613959506756466	39.32297840336989	18.721775074127837
3	25.17178164051193	22.605417283452518	22.75995616800203	29.462844908033524
4	27.167293145555586	28.98594790652023	19.201068266809212	24.64569068111497
5	29.01235144561455	29.92664568437997	21.681736798514873	19.37926607149061
6	22.3650366466575	32.887928272366025	23.50232304965352	21.244712031322962
7	20.500894564054565	18.557711971247834	37.97526224221528	22.966131222482318
8	20.65815377501585	20.82216749746324	30.561724740689883	27.95795398683103
9	22.146257765575456	20.29265041327357	31.336430756277057	26.22466106487392
10-14	24.242940483112598	26.59061949500924	25.22103887549	23.945401146388168
15-19	24.66769691266877	25.140672601737617	25.721719319570557	24.469911166023053
20-24	24.561284891482973	25.6811806781434	25.534796341766597	24.22273808860703
25-29	24.545971047166823	25.6147474891058	25.56985867422568	24.269422789501697
30-34	24.47405179738234	25.6011261986091	25.480520865105127	24.444301138903434
35-39	24.633565065210934	25.662206592833805	25.310991979643653	24.39323636231161
40-44	24.857866057147504	25.554740456787734	25.174531831093127	24.412861654971632
45-49	24.802443622667276	25.564701870688005	25.1423138823727	24.49054062427202
50-54	24.737172585308667	25.654297971366567	25.14421028120271	24.464319162122052
55-59	25.100015682435643	25.312061486829236	25.000597217521225	24.5873256132139
60-64	24.995511528625585	25.26157537927729	24.974964433901842	24.767948658195284
65-69	24.80520129387006	25.339943412676458	25.12115248847884	24.733702804974637
70-74	25.078651943917023	25.368058278136257	24.917074818965556	24.636214958981157
75-79	24.990951220332615	25.310467455460966	24.94534525401288	24.753236070193534
80-84	25.05130487459024	25.219049787375823	24.977176336119232	24.752469001914704
85-89	25.14179625300516	25.332065920163778	24.717465342644115	24.80867248418695
90-94	25.09601621780464	25.30814573309671	24.81150977139663	24.784328277702024
95-99	24.992607269202768	25.308844158840387	24.91963918392895	24.778909388027888
100	25.443394928900005	24.88863477550143	24.408293310961493	25.259676984637075
>>END_MODULE
>>Per base GC content	fail
#Base	%GC
1	77.67983194160462
2	43.063062089873654
3	54.63462654854545
4	51.81298382667055
5	48.39161751710515
6	43.609748677980456
7	43.46702578653689
8	48.61610776184688
9	48.37091883044938
10-14	48.18834162950076
15-19	49.13760807869183
20-24	48.78402298009
25-29	48.81539383666852
30-34	48.91835293628578
35-39	49.02680142752254
40-44	49.27072771211913
45-49	49.2929842469393
50-54	49.20149174743072
55-59	49.68734129564954
60-64	49.763460186820865
65-69	49.5389040988447
70-74	49.71486690289819
75-79	49.744187290526156
80-84	49.80377387650494
85-89	49.95046873719211
90-94	49.88034449550666
95-99	49.771516657230656
100	50.70307191353708
>>END_MODULE
>>Per sequence GC content	warn
#GC Content	Count
0	3909.0
1	2623.5
2	1172.0
3	1028.0
4	967.0
5	860.0
6	815.0
7	799.5
8	824.5
9	855.5
10	867.5
11	876.5
12	911.5
13	955.0
14	994.0
15	1104.0
16	1319.5
17	1599.0
18	2039.0
19	2695.0
20	3713.0
21	5338.5
22	7595.0
23	10546.5
24	14457.0
25	19300.5
26	25082.5
27	31729.5
28	39144.0
29	47017.5
30	55858.5
31	66647.0
32	77078.0
33	86960.5
34	96454.5
35	104027.5
36	111181.0
37	118503.0
38	125767.0
39	133227.0
40	140076.5
41	148335.0
42	159728.0
43	172811.0
44	187708.5
45	198503.0
46	210645.5
47	221437.0
48	228914.5
49	239012.5
50	246701.0
51	257932.0
52	270543.5
53	272038.0
54	267869.0
55	269149.0
56	256305.5
57	233072.5
58	218523.0
59	201158.5
60	180425.0
61	159608.5
62	137383.0
63	117856.5
64	104707.5
65	91520.0
66	76246.5
67	65398.0
68	56958.0
69	47900.0
70	38463.0
71	29078.0
72	21217.5
73	17023.5
74	15969.0
75	16236.5
76	15083.5
77	11859.5
78	8309.5
79	5845.0
80	5649.5
81	6557.0
82	6273.5
83	4691.5
84	3002.0
85	1919.0
86	1242.0
87	831.5
88	548.0
89	346.0
90	196.5
91	110.5
92	65.0
93	39.5
94	20.5
95	12.5
96	11.0
97	10.0
98	6.0
99	4.5
100	4.5
>>END_MODULE
>>Per base N content	pass
#Base	N-Count
1	0.044207877989758365
2	0.05331207464507494
3	0.04784080261663949
4	0.047549001441789605
5	0.04557934351155285
6	0.047986703204064445
7	0.04608999556754015
8	0.039772500132040034
9	0.05188224888831047
10-14	0.037721137872845305
15-19	0.0427809702447424
20-24	0.04541009883013991
25-29	0.02831930401918184
30-34	0.044371286647674306
35-39	0.03816175764686864
40-44	0.08761038473693103
45-49	0.06630889897288905
50-54	0.06269348241649891
55-59	0.08106236637329949
60-64	0.07769498081553176
65-69	0.07128994502757667
70-74	0.06381399892792249
75-79	0.06477402479317863
80-84	0.08181229539266371
85-89	0.07552106206290007
90-94	0.054464689285732004
95-99	0.06837193327907776
100	0.07143292760325311
>>END_MODULE
>>Sequence Length Distribution	pass
#Length	Count
100	6853982.0
>>END_MODULE
>>Sequence Duplication Levels	warn
#Total Duplicate Percentage	36.065097874582975
#Duplication Level	Relative count
1	100.0
2	14.681885495543323
3	5.473050378607952
4	3.0225767693984187
5	2.027857721646316
6	1.5549470507697896
7	1.144904859034899
8	0.9723658107239654
9	0.7711866774707312
10++	10.058956662661712
>>END_MODULE
>>Overrepresented sequences	warn
#Sequence	Count	Percentage	Possible Source
CTGCAAGTCATTTAGCACCACGTTCTTCTCGAGCATGATATGCGGAATTG	7421	0.10827282592805175	No Hit
>>END_MODULE
>>Kmer Content	fail
#Sequence	Count	Obs/Exp Overall	Obs/Exp Max	Max Obs/Exp Position
TTTTT	3891705	5.796745	10.038767	2
AAAAA	3095705	4.585262	6.616874	2
CTCCT	1384180	2.2035804	7.4325705	1
CTCCA	1363590	2.168364	7.171638	1
GAAGA	1401230	2.1433897	5.270617	2
CTGGA	1308950	2.0517352	7.0413356	1
CTCTG	1294095	2.045396	5.347304	1
GAAAA	1346440	2.0266798	5.2297626	2
CTTTT	1284880	1.9567598	6.2777295	1
CTGCA	1198890	1.8927909	5.4056983	1
GTTTT	1229255	1.8586255	7.980638	1
CTGAA	1183685	1.825748	5.603187	1
CTTTG	1115930	1.7251128	5.2226114	1
GGAAA	1081140	1.6537642	6.239433	1
CTCAG	1025535	1.6191005	5.5784383	1
CTGGG	967400	1.5409833	6.1351547	1
CTCCC	861265	1.4018574	5.0052304	1
GTTTG	891125	1.3677105	5.037124	1
>>END_MODULE
