##FastQC	0.10.1
>>Basic Statistics	pass
#Measure	Value	
Filename	F_parvapinis_NA_BW_1_R1.fastq.gz	
File type	Conventional base calls	
Encoding	Sanger / Illumina 1.9	
Total Sequences	6373998	
Filtered Sequences	0	
Sequence length	100	
%GC	47	
>>END_MODULE
>>Per base sequence quality	pass
#Base	Mean	Median	Lower Quartile	Upper Quartile	10th Percentile	90th Percentile
1	29.609487640253416	31.0	30.0	34.0	25.0	34.0
2	29.941150907170037	31.0	30.0	34.0	26.0	34.0
3	29.510446975352046	31.0	30.0	34.0	23.0	34.0
4	31.170925218363735	35.0	32.0	37.0	10.0	37.0
5	32.22112903079041	35.0	32.0	37.0	19.0	37.0
6	32.588930840580744	35.0	32.0	37.0	25.0	37.0
7	32.72263813073051	35.0	33.0	37.0	25.0	37.0
8	32.70569837015952	36.0	33.0	37.0	25.0	37.0
9	34.11614798121995	38.0	34.0	39.0	25.0	39.0
10-14	34.16030023856299	38.2	34.0	39.4	24.0	39.4
15-19	34.301116285257706	39.0	33.4	41.0	17.4	41.0
20-24	34.53921686200717	39.0	34.0	41.0	18.4	41.0
25-29	34.22544117522472	39.0	33.8	41.0	17.2	41.0
30-34	33.8471971908369	38.6	33.0	41.0	15.0	41.0
35-39	33.49568920479737	38.0	33.0	40.0	9.2	41.0
40-44	33.29040260131867	38.0	33.0	40.0	8.2	41.0
45-49	32.86764059229388	38.0	32.0	40.0	3.0	41.0
50-54	32.27191119294358	37.4	31.4	40.0	2.0	41.0
55-59	30.964553236445948	36.0	29.4	39.6	2.0	41.0
60-64	30.781827731982343	35.0	30.0	39.0	2.0	40.8
65-69	30.068760988001564	35.0	29.0	37.6	2.0	40.0
70-74	29.288732440769515	34.4	29.0	36.4	2.0	39.0
75-79	28.207324633613002	33.4	27.8	35.2	2.0	37.4
80-84	28.118431540141682	34.0	28.0	35.0	2.0	36.4
85-89	27.598587574078312	34.0	27.2	35.0	2.0	35.6
90-94	26.55866449911029	33.4	24.2	35.0	2.0	35.0
95-99	26.363366885273575	33.4	25.0	35.0	2.0	35.0
100	25.291245620095896	32.0	20.0	35.0	2.0	35.0
>>END_MODULE
>>Per sequence quality scores	pass
#Quality	Count
2	280622.0
3	78702.0
4	39712.0
5	28363.0
6	25945.0
7	25451.0
8	27096.0
9	29652.0
10	32484.0
11	34090.0
12	34581.0
13	35909.0
14	36125.0
15	35925.0
16	35572.0
17	34884.0
18	34487.0
19	33129.0
20	33316.0
21	34785.0
22	38860.0
23	44924.0
24	54806.0
25	66764.0
26	80712.0
27	97464.0
28	115705.0
29	136058.0
30	162457.0
31	194629.0
32	237844.0
33	301221.0
34	400609.0
35	565992.0
36	842537.0
37	1128575.0
38	819665.0
39	134225.0
40	121.0
>>END_MODULE
>>Per base sequence content	fail
#Base	G	A	T	C
1	33.81989278685532	16.644772381376196	7.983683194220976	41.55165163754751
2	23.289724382814057	19.244079797068235	38.83285365893456	18.63334216118315
3	24.04232462550338	23.755238136030798	23.64586662449329	28.556570613972536
4	25.5370171497801	30.481500688599674	20.14370733183583	23.837774829784397
5	27.5087130346182	31.246001998588845	22.39759428771991	18.847690679073043
6	22.01432069134978	34.049190071606596	24.100194628846367	19.836294608197257
7	19.878085481693994	19.830542302916264	38.380337270996435	21.91103494439331
8	20.42666269153218	22.165025616080463	31.24557700907743	26.162734683309928
9	21.46022392753174	20.986286039239417	32.69841902492728	24.855071008301564
10-14	23.283920962803702	27.52306762179758	26.45491945021598	22.73809196518274
15-19	23.536803005063454	26.398296652877633	26.80613926742619	23.258761074632723
20-24	23.47031891541853	26.56227617839462	26.716219158647753	23.251185747539097
25-29	23.44439015095793	26.65044493602852	26.641696334926074	23.26346857808748
30-34	23.319257404282943	26.65982154673161	26.59263819464575	23.428282854339695
35-39	23.31678263952142	26.722062576133858	26.591721782644544	23.369433001700177
40-44	23.524719218863964	26.552152671852507	26.453819292856434	23.469308816427088
45-49	23.413257384162467	26.607338751182276	26.493495954782205	23.485907909873056
50-54	23.431044601252033	26.660325145379787	26.435310238212793	23.473320015155387
55-59	23.54007536738082	26.598997205053433	26.31568843536846	23.545238992197287
60-64	23.51950972159989	26.534297648767275	26.33145315043597	23.61473947919687
65-69	23.497004868177644	26.589337076548635	26.344175719420765	23.569482335852953
70-74	23.586789266773465	26.530218539039453	26.269311434055876	23.613680760131206
75-79	23.493256295234723	26.46718947719167	26.33225231100646	23.707301916567143
80-84	23.514302349498557	26.55148473981458	26.285587605273697	23.648625305413162
85-89	23.591558322826785	26.524119626774223	26.218247478357515	23.666074572041477
90-94	23.47457913754162	26.47702735785476	26.226340984123514	23.822052520480106
95-99	23.452750167070093	26.55595479994517	26.282912557696296	23.70838247528844
100	23.725696957468763	26.28857253175883	25.947359940530983	24.038370570241423
>>END_MODULE
>>Per base GC content	fail
#Base	%GC
1	75.37154442440283
2	41.92306654399721
3	52.598895239475915
4	49.3747919795645
5	46.35640371369124
6	41.85061529954704
7	41.7891204260873
8	46.58939737484211
9	46.3152949358333
10-14	46.02201292798644
15-19	46.79556407969617
20-24	46.72150466295763
25-29	46.707858729045405
30-34	46.747540258622635
35-39	46.686215641221594
40-44	46.99402803529105
45-49	46.89916529403552
50-54	46.90436461640742
55-59	47.085314359578106
60-64	47.13424920079676
65-69	47.0664872040306
70-74	47.200470026904675
75-79	47.20055821180187
80-84	47.16292765491173
85-89	47.257632894868266
90-94	47.296631658021724
95-99	47.16113264235853
100	47.76406752771018
>>END_MODULE
>>Per sequence GC content	warn
#GC Content	Count
0	8003.0
1	6835.0
2	4948.5
3	4063.0
4	3386.0
5	2411.0
6	1847.5
7	1699.5
8	1617.5
9	1610.5
10	1602.5
11	1627.5
12	1668.5
13	1720.0
14	1829.5
15	1971.5
16	2199.0
17	2481.5
18	2977.0
19	3838.5
20	5092.0
21	6828.0
22	9142.5
23	12329.5
24	16303.0
25	21445.0
26	28434.0
27	36504.5
28	44700.0
29	53005.5
30	62806.0
31	75134.0
32	88970.0
33	102349.0
34	113705.0
35	124723.5
36	133487.0
37	138652.0
38	143838.5
39	150236.5
40	158532.5
41	167305.0
42	176425.5
43	185201.0
44	195155.5
45	204884.0
46	212833.0
47	221983.0
48	231633.5
49	238110.5
50	242166.0
51	245253.0
52	246206.0
53	245843.0
54	241123.0
55	232173.0
56	219265.5
57	203406.0
58	184985.0
59	164521.5
60	142312.5
61	118535.5
62	97991.5
63	81552.0
64	66476.5
65	52582.0
66	41609.5
67	33052.5
68	25749.5
69	19533.5
70	14320.5
71	10131.0
72	7321.5
73	5700.5
74	4566.5
75	3483.0
76	2504.5
77	1754.5
78	1173.5
79	803.5
80	651.5
81	551.0
82	508.0
83	485.5
84	462.0
85	352.0
86	240.0
87	174.5
88	113.5
89	77.5
90	59.5
91	44.0
92	31.0
93	18.5
94	10.5
95	12.0
96	10.0
97	7.5
98	5.5
99	2.5
100	0.5
>>END_MODULE
>>Per base N content	pass
#Base	N-Count
1	0.12238786394347786
2	0.003608410294449418
3	0.004847820786890739
4	3.8876228075377495
5	0.00786005894573547
6	0.013209919425766999
7	0.013241296906588297
8	0.016441799950360825
9	0.019171640781813864
10-14	0.02106684062342034
15-19	0.1872608055415141
20-24	0.005324758495374489
25-29	0.0063947305913807945
30-34	0.015541266250789536
35-39	0.015883280791741696
40-44	0.018628810363605385
45-49	0.007408223221908762
50-54	0.008685286691335642
55-59	0.9507941483508466
60-64	0.002353311061597446
65-69	0.0024317547636506943
70-74	0.003689991744584796
75-79	0.003398181172946712
80-84	0.0040006288047156596
85-89	0.005563227349616363
90-94	1.014750867508901
95-99	0.009808600504738156
100	0.0040633837663582575
>>END_MODULE
>>Sequence Length Distribution	pass
#Length	Count
100	6373998.0
>>END_MODULE
>>Sequence Duplication Levels	warn
#Total Duplicate Percentage	29.665745449010373
#Duplication Level	Relative count
1	100.0
2	13.684965136646762
3	5.11351724231214
4	2.7762185266090906
5	1.8713268363282227
6	1.3282565618173579
7	1.0807301353279726
8	0.8873078457761576
9	0.737845167486119
10++	7.780174891622651
>>END_MODULE
>>Overrepresented sequences	warn
#Sequence	Count	Percentage	Possible Source
TTTTTTTTTTTTTTTTTTTTTTTTTTTTTTTTTTTTTTTTTTTTTTTTTT	8755	0.1373549222952376	No Hit
>>END_MODULE
>>Kmer Content	fail
#Sequence	Count	Obs/Exp Overall	Obs/Exp Max	Max Obs/Exp Position
TTTTT	5945755	7.5808735	10.231067	10-14
AAAAA	3682290	4.724772	6.4796286	2
CTCCT	1277420	2.2821908	7.0153637	1
CTCCA	1275790	2.2821677	6.6273103	1
CTGGA	1246015	2.245843	7.1572685	1
CTCTG	1249815	2.2413406	5.5107193	1
GAAGA	1311925	2.1185074	5.0033135	2
GAAAA	1339355	1.9279135	5.0601606	2
CTGAA	1145290	1.8401045	5.317567	1
CTTTT	1273615	1.8171289	6.184674	1
GTTTT	1218800	1.7455164	6.5081553	1
CTCAG	933170	1.6756102	5.593472	1
GGAAA	1016660	1.641711	6.0066485	1
CTGGG	796110	1.6097494	6.2957397	1
>>END_MODULE
